config_id,analysis_tier,dataset,seed,validation_fraction,certification_n,gamma,target_threshold,leakage_threshold,rule,deployed,selected_candidate,selected_method,selected_envelope_radius,external_contract_estimable,external_contract_satisfied,measured_external_contract_violation,procedurally_unsupported_deployment,support_mismatch_forced_abstention,confirmatory
learning_curve|Waterbirds|seed=5|fraction=0.05|gamma=1|tau=0.05|lambda=0.6,learning_curve,Waterbirds,5,0.05,58,1.0,0.05,0.6,always_deploy_balanced,True,INLP::rank=4,INLP,0.0,True,False,True,False,False,True
learning_curve|Waterbirds|seed=5|fraction=0.05|gamma=1|tau=0.05|lambda=0.6,learning_curve,Waterbirds,5,0.05,58,1.0,0.05,0.6,point_selection_balanced,False,,,0.0,True,NA,False,False,False,True
learning_curve|Waterbirds|seed=5|fraction=0.05|gamma=1|tau=0.05|lambda=0.6,learning_curve,Waterbirds,5,0.05,58,1.0,0.05,0.6,vera_balanced_iut,False,,,0.0,True,NA,False,False,False,True
learning_curve|Waterbirds|seed=5|fraction=0.05|gamma=1|tau=0.05|lambda=0.6,learning_curve,Waterbirds,5,0.05,58,1.0,0.05,0.6,vera_balanced_envelope,False,,,0.0,True,NA,False,False,False,True
learning_curve|Waterbirds|seed=5|fraction=0.05|gamma=1|tau=0.05|lambda=0.6,learning_curve,Waterbirds,5,0.05,58,1.0,0.05,0.6,external_balanced_oracle,False,,,0.0,True,NA,False,False,False,True
learning_curve|Waterbirds|seed=5|fraction=0.05|gamma=1|tau=0.05|lambda=0.7,learning_curve,Waterbirds,5,0.05,58,1.0,0.05,0.7,always_deploy_balanced,True,INLP::rank=4,INLP,0.0,True,False,True,False,False,True
learning_curve|Waterbirds|seed=5|fraction=0.05|gamma=1|tau=0.05|lambda=0.7,learning_curve,Waterbirds,5,0.05,58,1.0,0.05,0.7,point_selection_balanced,True,INLP::rank=4,INLP,0.0,True,False,True,False,False,True
learning_curve|Waterbirds|seed=5|fraction=0.05|gamma=1|tau=0.05|lambda=0.7,learning_curve,Waterbirds,5,0.05,58,1.0,0.05,0.7,vera_balanced_iut,False,,,0.0,True,NA,False,False,False,True
learning_curve|Waterbirds|seed=5|fraction=0.05|gamma=1|tau=0.05|lambda=0.7,learning_curve,Waterbirds,5,0.05,58,1.0,0.05,0.7,vera_balanced_envelope,False,,,0.0,True,NA,False,False,False,True
learning_curve|Waterbirds|seed=5|fraction=0.05|gamma=1|tau=0.05|lambda=0.7,learning_curve,Waterbirds,5,0.05,58,1.0,0.05,0.7,external_balanced_oracle,False,,,0.0,True,NA,False,False,False,True
learning_curve|Waterbirds|seed=5|fraction=0.05|gamma=1|tau=0.05|lambda=0.8,learning_curve,Waterbirds,5,0.05,58,1.0,0.05,0.8,always_deploy_balanced,True,INLP::rank=4,INLP,0.0,True,False,True,False,False,True
learning_curve|Waterbirds|seed=5|fraction=0.05|gamma=1|tau=0.05|lambda=0.8,learning_curve,Waterbirds,5,0.05,58,1.0,0.05,0.8,point_selection_balanced,True,INLP::rank=4,INLP,0.0,True,False,True,False,False,True
learning_curve|Waterbirds|seed=5|fraction=0.05|gamma=1|tau=0.05|lambda=0.8,learning_curve,Waterbirds,5,0.05,58,1.0,0.05,0.8,vera_balanced_iut,False,,,0.0,True,NA,False,False,False,True
learning_curve|Waterbirds|seed=5|fraction=0.05|gamma=1|tau=0.05|lambda=0.8,learning_curve,Waterbirds,5,0.05,58,1.0,0.05,0.8,vera_balanced_envelope,False,,,0.0,True,NA,False,False,False,True
learning_curve|Waterbirds|seed=5|fraction=0.05|gamma=1|tau=0.05|lambda=0.8,learning_curve,Waterbirds,5,0.05,58,1.0,0.05,0.8,external_balanced_oracle,True,INLP::rank=2,INLP,0.0,True,True,False,False,False,True
learning_curve|Waterbirds|seed=5|fraction=0.05|gamma=1|tau=0.1|lambda=0.6,learning_curve,Waterbirds,5,0.05,58,1.0,0.1,0.6,always_deploy_balanced,True,INLP::rank=4,INLP,0.0,True,False,True,False,False,True
learning_curve|Waterbirds|seed=5|fraction=0.05|gamma=1|tau=0.1|lambda=0.6,learning_curve,Waterbirds,5,0.05,58,1.0,0.1,0.6,point_selection_balanced,False,,,0.0,True,NA,False,False,False,True
learning_curve|Waterbirds|seed=5|fraction=0.05|gamma=1|tau=0.1|lambda=0.6,learning_curve,Waterbirds,5,0.05,58,1.0,0.1,0.6,vera_balanced_iut,False,,,0.0,True,NA,False,False,False,True
learning_curve|Waterbirds|seed=5|fraction=0.05|gamma=1|tau=0.1|lambda=0.6,learning_curve,Waterbirds,5,0.05,58,1.0,0.1,0.6,vera_balanced_envelope,False,,,0.0,True,NA,False,False,False,True
learning_curve|Waterbirds|seed=5|fraction=0.05|gamma=1|tau=0.1|lambda=0.6,learning_curve,Waterbirds,5,0.05,58,1.0,0.1,0.6,external_balanced_oracle,False,,,0.0,True,NA,False,False,False,True
learning_curve|Waterbirds|seed=5|fraction=0.05|gamma=1|tau=0.1|lambda=0.7,learning_curve,Waterbirds,5,0.05,58,1.0,0.1,0.7,always_deploy_balanced,True,INLP::rank=4,INLP,0.0,True,False,True,False,False,True
learning_curve|Waterbirds|seed=5|fraction=0.05|gamma=1|tau=0.1|lambda=0.7,learning_curve,Waterbirds,5,0.05,58,1.0,0.1,0.7,point_selection_balanced,True,INLP::rank=4,INLP,0.0,True,False,True,False,False,True
learning_curve|Waterbirds|seed=5|fraction=0.05|gamma=1|tau=0.1|lambda=0.7,learning_curve,Waterbirds,5,0.05,58,1.0,0.1,0.7,vera_balanced_iut,False,,,0.0,True,NA,False,False,False,True
learning_curve|Waterbirds|seed=5|fraction=0.05|gamma=1|tau=0.1|lambda=0.7,learning_curve,Waterbirds,5,0.05,58,1.0,0.1,0.7,vera_balanced_envelope,False,,,0.0,True,NA,False,False,False,True
learning_curve|Waterbirds|seed=5|fraction=0.05|gamma=1|tau=0.1|lambda=0.7,learning_curve,Waterbirds,5,0.05,58,1.0,0.1,0.7,external_balanced_oracle,False,,,0.0,True,NA,False,False,False,True
learning_curve|Waterbirds|seed=5|fraction=0.05|gamma=1|tau=0.1|lambda=0.8,learning_curve,Waterbirds,5,0.05,58,1.0,0.1,0.8,always_deploy_balanced,True,INLP::rank=4,INLP,0.0,True,False,True,False,False,True
learning_curve|Waterbirds|seed=5|fraction=0.05|gamma=1|tau=0.1|lambda=0.8,learning_curve,Waterbirds,5,0.05,58,1.0,0.1,0.8,point_selection_balanced,True,INLP::rank=4,INLP,0.0,True,False,True,False,False,True
learning_curve|Waterbirds|seed=5|fraction=0.05|gamma=1|tau=0.1|lambda=0.8,learning_curve,Waterbirds,5,0.05,58,1.0,0.1,0.8,vera_balanced_iut,False,,,0.0,True,NA,False,False,False,True
learning_curve|Waterbirds|seed=5|fraction=0.05|gamma=1|tau=0.1|lambda=0.8,learning_curve,Waterbirds,5,0.05,58,1.0,0.1,0.8,vera_balanced_envelope,False,,,0.0,True,NA,False,False,False,True
learning_curve|Waterbirds|seed=5|fraction=0.05|gamma=1|tau=0.1|lambda=0.8,learning_curve,Waterbirds,5,0.05,58,1.0,0.1,0.8,external_balanced_oracle,True,INLP::rank=2,INLP,0.0,True,True,False,False,False,True
learning_curve|Waterbirds|seed=5|fraction=0.05|gamma=1|tau=0.2|lambda=0.6,learning_curve,Waterbirds,5,0.05,58,1.0,0.2,0.6,always_deploy_balanced,True,INLP::rank=4,INLP,0.0,True,False,True,False,False,True
learning_curve|Waterbirds|seed=5|fraction=0.05|gamma=1|tau=0.2|lambda=0.6,learning_curve,Waterbirds,5,0.05,58,1.0,0.2,0.6,point_selection_balanced,False,,,0.0,True,NA,False,False,False,True
learning_curve|Waterbirds|seed=5|fraction=0.05|gamma=1|tau=0.2|lambda=0.6,learning_curve,Waterbirds,5,0.05,58,1.0,0.2,0.6,vera_balanced_iut,False,,,0.0,True,NA,False,False,False,True
learning_curve|Waterbirds|seed=5|fraction=0.05|gamma=1|tau=0.2|lambda=0.6,learning_curve,Waterbirds,5,0.05,58,1.0,0.2,0.6,vera_balanced_envelope,False,,,0.0,True,NA,False,False,False,True
learning_curve|Waterbirds|seed=5|fraction=0.05|gamma=1|tau=0.2|lambda=0.6,learning_curve,Waterbirds,5,0.05,58,1.0,0.2,0.6,external_balanced_oracle,False,,,0.0,True,NA,False,False,False,True
learning_curve|Waterbirds|seed=5|fraction=0.05|gamma=1|tau=0.2|lambda=0.7,learning_curve,Waterbirds,5,0.05,58,1.0,0.2,0.7,always_deploy_balanced,True,INLP::rank=4,INLP,0.0,True,True,False,False,False,True
learning_curve|Waterbirds|seed=5|fraction=0.05|gamma=1|tau=0.2|lambda=0.7,learning_curve,Waterbirds,5,0.05,58,1.0,0.2,0.7,point_selection_balanced,True,INLP::rank=4,INLP,0.0,True,True,False,False,False,True
learning_curve|Waterbirds|seed=5|fraction=0.05|gamma=1|tau=0.2|lambda=0.7,learning_curve,Waterbirds,5,0.05,58,1.0,0.2,0.7,vera_balanced_iut,False,,,0.0,True,NA,False,False,False,True
learning_curve|Waterbirds|seed=5|fraction=0.05|gamma=1|tau=0.2|lambda=0.7,learning_curve,Waterbirds,5,0.05,58,1.0,0.2,0.7,vera_balanced_envelope,False,,,0.0,True,NA,False,False,False,True
learning_curve|Waterbirds|seed=5|fraction=0.05|gamma=1|tau=0.2|lambda=0.7,learning_curve,Waterbirds,5,0.05,58,1.0,0.2,0.7,external_balanced_oracle,True,INLP::rank=4,INLP,0.0,True,True,False,False,False,True
learning_curve|Waterbirds|seed=5|fraction=0.05|gamma=1|tau=0.2|lambda=0.8,learning_curve,Waterbirds,5,0.05,58,1.0,0.2,0.8,always_deploy_balanced,True,INLP::rank=4,INLP,0.0,True,True,False,False,False,True
learning_curve|Waterbirds|seed=5|fraction=0.05|gamma=1|tau=0.2|lambda=0.8,learning_curve,Waterbirds,5,0.05,58,1.0,0.2,0.8,point_selection_balanced,True,INLP::rank=4,INLP,0.0,True,True,False,False,False,True
learning_curve|Waterbirds|seed=5|fraction=0.05|gamma=1|tau=0.2|lambda=0.8,learning_curve,Waterbirds,5,0.05,58,1.0,0.2,0.8,vera_balanced_iut,False,,,0.0,True,NA,False,False,False,True
learning_curve|Waterbirds|seed=5|fraction=0.05|gamma=1|tau=0.2|lambda=0.8,learning_curve,Waterbirds,5,0.05,58,1.0,0.2,0.8,vera_balanced_envelope,False,,,0.0,True,NA,False,False,False,True
learning_curve|Waterbirds|seed=5|fraction=0.05|gamma=1|tau=0.2|lambda=0.8,learning_curve,Waterbirds,5,0.05,58,1.0,0.2,0.8,external_balanced_oracle,True,INLP::rank=4,INLP,0.0,True,True,False,False,False,True
learning_curve|Waterbirds|seed=5|fraction=0.1|gamma=1|tau=0.05|lambda=0.6,learning_curve,Waterbirds,5,0.1,118,1.0,0.05,0.6,always_deploy_balanced,True,INLP::rank=4,INLP,0.0,True,False,True,False,False,True
learning_curve|Waterbirds|seed=5|fraction=0.1|gamma=1|tau=0.05|lambda=0.6,learning_curve,Waterbirds,5,0.1,118,1.0,0.05,0.6,point_selection_balanced,False,,,0.0,True,NA,False,False,False,True
learning_curve|Waterbirds|seed=5|fraction=0.1|gamma=1|tau=0.05|lambda=0.6,learning_curve,Waterbirds,5,0.1,118,1.0,0.05,0.6,vera_balanced_iut,False,,,0.0,True,NA,False,False,False,True
learning_curve|Waterbirds|seed=5|fraction=0.1|gamma=1|tau=0.05|lambda=0.6,learning_curve,Waterbirds,5,0.1,118,1.0,0.05,0.6,vera_balanced_envelope,False,,,0.0,True,NA,False,False,False,True
learning_curve|Waterbirds|seed=5|fraction=0.1|gamma=1|tau=0.05|lambda=0.6,learning_curve,Waterbirds,5,0.1,118,1.0,0.05,0.6,external_balanced_oracle,False,,,0.0,True,NA,False,False,False,True
learning_curve|Waterbirds|seed=5|fraction=0.1|gamma=1|tau=0.05|lambda=0.7,learning_curve,Waterbirds,5,0.1,118,1.0,0.05,0.7,always_deploy_balanced,True,INLP::rank=4,INLP,0.0,True,False,True,False,False,True
learning_curve|Waterbirds|seed=5|fraction=0.1|gamma=1|tau=0.05|lambda=0.7,learning_curve,Waterbirds,5,0.1,118,1.0,0.05,0.7,point_selection_balanced,True,INLP::rank=4,INLP,0.0,True,False,True,False,False,True
learning_curve|Waterbirds|seed=5|fraction=0.1|gamma=1|tau=0.05|lambda=0.7,learning_curve,Waterbirds,5,0.1,118,1.0,0.05,0.7,vera_balanced_iut,False,,,0.0,True,NA,False,False,False,True
learning_curve|Waterbirds|seed=5|fraction=0.1|gamma=1|tau=0.05|lambda=0.7,learning_curve,Waterbirds,5,0.1,118,1.0,0.05,0.7,vera_balanced_envelope,False,,,0.0,True,NA,False,False,False,True
learning_curve|Waterbirds|seed=5|fraction=0.1|gamma=1|tau=0.05|lambda=0.7,learning_curve,Waterbirds,5,0.1,118,1.0,0.05,0.7,external_balanced_oracle,False,,,0.0,True,NA,False,False,False,True
learning_curve|Waterbirds|seed=5|fraction=0.1|gamma=1|tau=0.05|lambda=0.8,learning_curve,Waterbirds,5,0.1,118,1.0,0.05,0.8,always_deploy_balanced,True,INLP::rank=4,INLP,0.0,True,False,True,False,False,True
learning_curve|Waterbirds|seed=5|fraction=0.1|gamma=1|tau=0.05|lambda=0.8,learning_curve,Waterbirds,5,0.1,118,1.0,0.05,0.8,point_selection_balanced,True,INLP::rank=4,INLP,0.0,True,False,True,False,False,True
learning_curve|Waterbirds|seed=5|fraction=0.1|gamma=1|tau=0.05|lambda=0.8,learning_curve,Waterbirds,5,0.1,118,1.0,0.05,0.8,vera_balanced_iut,False,,,0.0,True,NA,False,False,False,True
learning_curve|Waterbirds|seed=5|fraction=0.1|gamma=1|tau=0.05|lambda=0.8,learning_curve,Waterbirds,5,0.1,118,1.0,0.05,0.8,vera_balanced_envelope,False,,,0.0,True,NA,False,False,False,True
learning_curve|Waterbirds|seed=5|fraction=0.1|gamma=1|tau=0.05|lambda=0.8,learning_curve,Waterbirds,5,0.1,118,1.0,0.05,0.8,external_balanced_oracle,True,INLP::rank=2,INLP,0.0,True,True,False,False,False,True
learning_curve|Waterbirds|seed=5|fraction=0.1|gamma=1|tau=0.1|lambda=0.6,learning_curve,Waterbirds,5,0.1,118,1.0,0.1,0.6,always_deploy_balanced,True,INLP::rank=4,INLP,0.0,True,False,True,False,False,True
learning_curve|Waterbirds|seed=5|fraction=0.1|gamma=1|tau=0.1|lambda=0.6,learning_curve,Waterbirds,5,0.1,118,1.0,0.1,0.6,point_selection_balanced,False,,,0.0,True,NA,False,False,False,True
learning_curve|Waterbirds|seed=5|fraction=0.1|gamma=1|tau=0.1|lambda=0.6,learning_curve,Waterbirds,5,0.1,118,1.0,0.1,0.6,vera_balanced_iut,False,,,0.0,True,NA,False,False,False,True
learning_curve|Waterbirds|seed=5|fraction=0.1|gamma=1|tau=0.1|lambda=0.6,learning_curve,Waterbirds,5,0.1,118,1.0,0.1,0.6,vera_balanced_envelope,False,,,0.0,True,NA,False,False,False,True
learning_curve|Waterbirds|seed=5|fraction=0.1|gamma=1|tau=0.1|lambda=0.6,learning_curve,Waterbirds,5,0.1,118,1.0,0.1,0.6,external_balanced_oracle,False,,,0.0,True,NA,False,False,False,True
learning_curve|Waterbirds|seed=5|fraction=0.1|gamma=1|tau=0.1|lambda=0.7,learning_curve,Waterbirds,5,0.1,118,1.0,0.1,0.7,always_deploy_balanced,True,INLP::rank=4,INLP,0.0,True,False,True,False,False,True
learning_curve|Waterbirds|seed=5|fraction=0.1|gamma=1|tau=0.1|lambda=0.7,learning_curve,Waterbirds,5,0.1,118,1.0,0.1,0.7,point_selection_balanced,True,INLP::rank=4,INLP,0.0,True,False,True,False,False,True
learning_curve|Waterbirds|seed=5|fraction=0.1|gamma=1|tau=0.1|lambda=0.7,learning_curve,Waterbirds,5,0.1,118,1.0,0.1,0.7,vera_balanced_iut,False,,,0.0,True,NA,False,False,False,True
learning_curve|Waterbirds|seed=5|fraction=0.1|gamma=1|tau=0.1|lambda=0.7,learning_curve,Waterbirds,5,0.1,118,1.0,0.1,0.7,vera_balanced_envelope,False,,,0.0,True,NA,False,False,False,True
learning_curve|Waterbirds|seed=5|fraction=0.1|gamma=1|tau=0.1|lambda=0.7,learning_curve,Waterbirds,5,0.1,118,1.0,0.1,0.7,external_balanced_oracle,False,,,0.0,True,NA,False,False,False,True
learning_curve|Waterbirds|seed=5|fraction=0.1|gamma=1|tau=0.1|lambda=0.8,learning_curve,Waterbirds,5,0.1,118,1.0,0.1,0.8,always_deploy_balanced,True,INLP::rank=4,INLP,0.0,True,False,True,False,False,True
learning_curve|Waterbirds|seed=5|fraction=0.1|gamma=1|tau=0.1|lambda=0.8,learning_curve,Waterbirds,5,0.1,118,1.0,0.1,0.8,point_selection_balanced,True,INLP::rank=4,INLP,0.0,True,False,True,False,False,True
learning_curve|Waterbirds|seed=5|fraction=0.1|gamma=1|tau=0.1|lambda=0.8,learning_curve,Waterbirds,5,0.1,118,1.0,0.1,0.8,vera_balanced_iut,False,,,0.0,True,NA,False,False,False,True
learning_curve|Waterbirds|seed=5|fraction=0.1|gamma=1|tau=0.1|lambda=0.8,learning_curve,Waterbirds,5,0.1,118,1.0,0.1,0.8,vera_balanced_envelope,False,,,0.0,True,NA,False,False,False,True
learning_curve|Waterbirds|seed=5|fraction=0.1|gamma=1|tau=0.1|lambda=0.8,learning_curve,Waterbirds,5,0.1,118,1.0,0.1,0.8,external_balanced_oracle,True,INLP::rank=2,INLP,0.0,True,True,False,False,False,True
learning_curve|Waterbirds|seed=5|fraction=0.1|gamma=1|tau=0.2|lambda=0.6,learning_curve,Waterbirds,5,0.1,118,1.0,0.2,0.6,always_deploy_balanced,True,INLP::rank=4,INLP,0.0,True,False,True,False,False,True
learning_curve|Waterbirds|seed=5|fraction=0.1|gamma=1|tau=0.2|lambda=0.6,learning_curve,Waterbirds,5,0.1,118,1.0,0.2,0.6,point_selection_balanced,False,,,0.0,True,NA,False,False,False,True
learning_curve|Waterbirds|seed=5|fraction=0.1|gamma=1|tau=0.2|lambda=0.6,learning_curve,Waterbirds,5,0.1,118,1.0,0.2,0.6,vera_balanced_iut,False,,,0.0,True,NA,False,False,False,True
learning_curve|Waterbirds|seed=5|fraction=0.1|gamma=1|tau=0.2|lambda=0.6,learning_curve,Waterbirds,5,0.1,118,1.0,0.2,0.6,vera_balanced_envelope,False,,,0.0,True,NA,False,False,False,True
learning_curve|Waterbirds|seed=5|fraction=0.1|gamma=1|tau=0.2|lambda=0.6,learning_curve,Waterbirds,5,0.1,118,1.0,0.2,0.6,external_balanced_oracle,False,,,0.0,True,NA,False,False,False,True
learning_curve|Waterbirds|seed=5|fraction=0.1|gamma=1|tau=0.2|lambda=0.7,learning_curve,Waterbirds,5,0.1,118,1.0,0.2,0.7,always_deploy_balanced,True,INLP::rank=4,INLP,0.0,True,True,False,False,False,True
learning_curve|Waterbirds|seed=5|fraction=0.1|gamma=1|tau=0.2|lambda=0.7,learning_curve,Waterbirds,5,0.1,118,1.0,0.2,0.7,point_selection_balanced,True,INLP::rank=4,INLP,0.0,True,True,False,False,False,True
learning_curve|Waterbirds|seed=5|fraction=0.1|gamma=1|tau=0.2|lambda=0.7,learning_curve,Waterbirds,5,0.1,118,1.0,0.2,0.7,vera_balanced_iut,False,,,0.0,True,NA,False,False,False,True
learning_curve|Waterbirds|seed=5|fraction=0.1|gamma=1|tau=0.2|lambda=0.7,learning_curve,Waterbirds,5,0.1,118,1.0,0.2,0.7,vera_balanced_envelope,False,,,0.0,True,NA,False,False,False,True
learning_curve|Waterbirds|seed=5|fraction=0.1|gamma=1|tau=0.2|lambda=0.7,learning_curve,Waterbirds,5,0.1,118,1.0,0.2,0.7,external_balanced_oracle,True,INLP::rank=4,INLP,0.0,True,True,False,False,False,True
learning_curve|Waterbirds|seed=5|fraction=0.1|gamma=1|tau=0.2|lambda=0.8,learning_curve,Waterbirds,5,0.1,118,1.0,0.2,0.8,always_deploy_balanced,True,INLP::rank=4,INLP,0.0,True,True,False,False,False,True
learning_curve|Waterbirds|seed=5|fraction=0.1|gamma=1|tau=0.2|lambda=0.8,learning_curve,Waterbirds,5,0.1,118,1.0,0.2,0.8,point_selection_balanced,True,INLP::rank=4,INLP,0.0,True,True,False,False,False,True
learning_curve|Waterbirds|seed=5|fraction=0.1|gamma=1|tau=0.2|lambda=0.8,learning_curve,Waterbirds,5,0.1,118,1.0,0.2,0.8,vera_balanced_iut,False,,,0.0,True,NA,False,False,False,True
learning_curve|Waterbirds|seed=5|fraction=0.1|gamma=1|tau=0.2|lambda=0.8,learning_curve,Waterbirds,5,0.1,118,1.0,0.2,0.8,vera_balanced_envelope,False,,,0.0,True,NA,False,False,False,True
learning_curve|Waterbirds|seed=5|fraction=0.1|gamma=1|tau=0.2|lambda=0.8,learning_curve,Waterbirds,5,0.1,118,1.0,0.2,0.8,external_balanced_oracle,True,INLP::rank=4,INLP,0.0,True,True,False,False,False,True
learning_curve|Waterbirds|seed=5|fraction=0.25|gamma=1|tau=0.05|lambda=0.6,learning_curve,Waterbirds,5,0.25,298,1.0,0.05,0.6,always_deploy_balanced,True,INLP::rank=4,INLP,0.0,True,False,True,False,False,True
learning_curve|Waterbirds|seed=5|fraction=0.25|gamma=1|tau=0.05|lambda=0.6,learning_curve,Waterbirds,5,0.25,298,1.0,0.05,0.6,point_selection_balanced,False,,,0.0,True,NA,False,False,False,True
learning_curve|Waterbirds|seed=5|fraction=0.25|gamma=1|tau=0.05|lambda=0.6,learning_curve,Waterbirds,5,0.25,298,1.0,0.05,0.6,vera_balanced_iut,False,,,0.0,True,NA,False,False,False,True
learning_curve|Waterbirds|seed=5|fraction=0.25|gamma=1|tau=0.05|lambda=0.6,learning_curve,Waterbirds,5,0.25,298,1.0,0.05,0.6,vera_balanced_envelope,False,,,0.0,True,NA,False,False,False,True
learning_curve|Waterbirds|seed=5|fraction=0.25|gamma=1|tau=0.05|lambda=0.6,learning_curve,Waterbirds,5,0.25,298,1.0,0.05,0.6,external_balanced_oracle,False,,,0.0,True,NA,False,False,False,True
learning_curve|Waterbirds|seed=5|fraction=0.25|gamma=1|tau=0.05|lambda=0.7,learning_curve,Waterbirds,5,0.25,298,1.0,0.05,0.7,always_deploy_balanced,True,INLP::rank=4,INLP,0.0,True,False,True,False,False,True
learning_curve|Waterbirds|seed=5|fraction=0.25|gamma=1|tau=0.05|lambda=0.7,learning_curve,Waterbirds,5,0.25,298,1.0,0.05,0.7,point_selection_balanced,True,INLP::rank=4,INLP,0.0,True,False,True,False,False,True
learning_curve|Waterbirds|seed=5|fraction=0.25|gamma=1|tau=0.05|lambda=0.7,learning_curve,Waterbirds,5,0.25,298,1.0,0.05,0.7,vera_balanced_iut,False,,,0.0,True,NA,False,False,False,True
learning_curve|Waterbirds|seed=5|fraction=0.25|gamma=1|tau=0.05|lambda=0.7,learning_curve,Waterbirds,5,0.25,298,1.0,0.05,0.7,vera_balanced_envelope,False,,,0.0,True,NA,False,False,False,True
learning_curve|Waterbirds|seed=5|fraction=0.25|gamma=1|tau=0.05|lambda=0.7,learning_curve,Waterbirds,5,0.25,298,1.0,0.05,0.7,external_balanced_oracle,False,,,0.0,True,NA,False,False,False,True
learning_curve|Waterbirds|seed=5|fraction=0.25|gamma=1|tau=0.05|lambda=0.8,learning_curve,Waterbirds,5,0.25,298,1.0,0.05,0.8,always_deploy_balanced,True,INLP::rank=4,INLP,0.0,True,False,True,False,False,True
learning_curve|Waterbirds|seed=5|fraction=0.25|gamma=1|tau=0.05|lambda=0.8,learning_curve,Waterbirds,5,0.25,298,1.0,0.05,0.8,point_selection_balanced,True,INLP::rank=4,INLP,0.0,True,False,True,False,False,True
learning_curve|Waterbirds|seed=5|fraction=0.25|gamma=1|tau=0.05|lambda=0.8,learning_curve,Waterbirds,5,0.25,298,1.0,0.05,0.8,vera_balanced_iut,False,,,0.0,True,NA,False,False,False,True
learning_curve|Waterbirds|seed=5|fraction=0.25|gamma=1|tau=0.05|lambda=0.8,learning_curve,Waterbirds,5,0.25,298,1.0,0.05,0.8,vera_balanced_envelope,False,,,0.0,True,NA,False,False,False,True
learning_curve|Waterbirds|seed=5|fraction=0.25|gamma=1|tau=0.05|lambda=0.8,learning_curve,Waterbirds,5,0.25,298,1.0,0.05,0.8,external_balanced_oracle,True,INLP::rank=2,INLP,0.0,True,True,False,False,False,True
learning_curve|Waterbirds|seed=5|fraction=0.25|gamma=1|tau=0.1|lambda=0.6,learning_curve,Waterbirds,5,0.25,298,1.0,0.1,0.6,always_deploy_balanced,True,INLP::rank=4,INLP,0.0,True,False,True,False,False,True
learning_curve|Waterbirds|seed=5|fraction=0.25|gamma=1|tau=0.1|lambda=0.6,learning_curve,Waterbirds,5,0.25,298,1.0,0.1,0.6,point_selection_balanced,False,,,0.0,True,NA,False,False,False,True
learning_curve|Waterbirds|seed=5|fraction=0.25|gamma=1|tau=0.1|lambda=0.6,learning_curve,Waterbirds,5,0.25,298,1.0,0.1,0.6,vera_balanced_iut,False,,,0.0,True,NA,False,False,False,True
learning_curve|Waterbirds|seed=5|fraction=0.25|gamma=1|tau=0.1|lambda=0.6,learning_curve,Waterbirds,5,0.25,298,1.0,0.1,0.6,vera_balanced_envelope,False,,,0.0,True,NA,False,False,False,True
learning_curve|Waterbirds|seed=5|fraction=0.25|gamma=1|tau=0.1|lambda=0.6,learning_curve,Waterbirds,5,0.25,298,1.0,0.1,0.6,external_balanced_oracle,False,,,0.0,True,NA,False,False,False,True
learning_curve|Waterbirds|seed=5|fraction=0.25|gamma=1|tau=0.1|lambda=0.7,learning_curve,Waterbirds,5,0.25,298,1.0,0.1,0.7,always_deploy_balanced,True,INLP::rank=4,INLP,0.0,True,False,True,False,False,True
learning_curve|Waterbirds|seed=5|fraction=0.25|gamma=1|tau=0.1|lambda=0.7,learning_curve,Waterbirds,5,0.25,298,1.0,0.1,0.7,point_selection_balanced,True,INLP::rank=4,INLP,0.0,True,False,True,False,False,True
learning_curve|Waterbirds|seed=5|fraction=0.25|gamma=1|tau=0.1|lambda=0.7,learning_curve,Waterbirds,5,0.25,298,1.0,0.1,0.7,vera_balanced_iut,False,,,0.0,True,NA,False,False,False,True
learning_curve|Waterbirds|seed=5|fraction=0.25|gamma=1|tau=0.1|lambda=0.7,learning_curve,Waterbirds,5,0.25,298,1.0,0.1,0.7,vera_balanced_envelope,False,,,0.0,True,NA,False,False,False,True
learning_curve|Waterbirds|seed=5|fraction=0.25|gamma=1|tau=0.1|lambda=0.7,learning_curve,Waterbirds,5,0.25,298,1.0,0.1,0.7,external_balanced_oracle,False,,,0.0,True,NA,False,False,False,True
learning_curve|Waterbirds|seed=5|fraction=0.25|gamma=1|tau=0.1|lambda=0.8,learning_curve,Waterbirds,5,0.25,298,1.0,0.1,0.8,always_deploy_balanced,True,INLP::rank=4,INLP,0.0,True,False,True,False,False,True
learning_curve|Waterbirds|seed=5|fraction=0.25|gamma=1|tau=0.1|lambda=0.8,learning_curve,Waterbirds,5,0.25,298,1.0,0.1,0.8,point_selection_balanced,True,INLP::rank=4,INLP,0.0,True,False,True,False,False,True
learning_curve|Waterbirds|seed=5|fraction=0.25|gamma=1|tau=0.1|lambda=0.8,learning_curve,Waterbirds,5,0.25,298,1.0,0.1,0.8,vera_balanced_iut,False,,,0.0,True,NA,False,False,False,True
learning_curve|Waterbirds|seed=5|fraction=0.25|gamma=1|tau=0.1|lambda=0.8,learning_curve,Waterbirds,5,0.25,298,1.0,0.1,0.8,vera_balanced_envelope,False,,,0.0,True,NA,False,False,False,True
learning_curve|Waterbirds|seed=5|fraction=0.25|gamma=1|tau=0.1|lambda=0.8,learning_curve,Waterbirds,5,0.25,298,1.0,0.1,0.8,external_balanced_oracle,True,INLP::rank=2,INLP,0.0,True,True,False,False,False,True
learning_curve|Waterbirds|seed=5|fraction=0.25|gamma=1|tau=0.2|lambda=0.6,learning_curve,Waterbirds,5,0.25,298,1.0,0.2,0.6,always_deploy_balanced,True,INLP::rank=4,INLP,0.0,True,False,True,False,False,True
learning_curve|Waterbirds|seed=5|fraction=0.25|gamma=1|tau=0.2|lambda=0.6,learning_curve,Waterbirds,5,0.25,298,1.0,0.2,0.6,point_selection_balanced,False,,,0.0,True,NA,False,False,False,True
learning_curve|Waterbirds|seed=5|fraction=0.25|gamma=1|tau=0.2|lambda=0.6,learning_curve,Waterbirds,5,0.25,298,1.0,0.2,0.6,vera_balanced_iut,False,,,0.0,True,NA,False,False,False,True
learning_curve|Waterbirds|seed=5|fraction=0.25|gamma=1|tau=0.2|lambda=0.6,learning_curve,Waterbirds,5,0.25,298,1.0,0.2,0.6,vera_balanced_envelope,False,,,0.0,True,NA,False,False,False,True
learning_curve|Waterbirds|seed=5|fraction=0.25|gamma=1|tau=0.2|lambda=0.6,learning_curve,Waterbirds,5,0.25,298,1.0,0.2,0.6,external_balanced_oracle,False,,,0.0,True,NA,False,False,False,True
learning_curve|Waterbirds|seed=5|fraction=0.25|gamma=1|tau=0.2|lambda=0.7,learning_curve,Waterbirds,5,0.25,298,1.0,0.2,0.7,always_deploy_balanced,True,INLP::rank=4,INLP,0.0,True,True,False,False,False,True
learning_curve|Waterbirds|seed=5|fraction=0.25|gamma=1|tau=0.2|lambda=0.7,learning_curve,Waterbirds,5,0.25,298,1.0,0.2,0.7,point_selection_balanced,True,INLP::rank=4,INLP,0.0,True,True,False,False,False,True
learning_curve|Waterbirds|seed=5|fraction=0.25|gamma=1|tau=0.2|lambda=0.7,learning_curve,Waterbirds,5,0.25,298,1.0,0.2,0.7,vera_balanced_iut,False,,,0.0,True,NA,False,False,False,True
learning_curve|Waterbirds|seed=5|fraction=0.25|gamma=1|tau=0.2|lambda=0.7,learning_curve,Waterbirds,5,0.25,298,1.0,0.2,0.7,vera_balanced_envelope,False,,,0.0,True,NA,False,False,False,True
learning_curve|Waterbirds|seed=5|fraction=0.25|gamma=1|tau=0.2|lambda=0.7,learning_curve,Waterbirds,5,0.25,298,1.0,0.2,0.7,external_balanced_oracle,True,INLP::rank=4,INLP,0.0,True,True,False,False,False,True
learning_curve|Waterbirds|seed=5|fraction=0.25|gamma=1|tau=0.2|lambda=0.8,learning_curve,Waterbirds,5,0.25,298,1.0,0.2,0.8,always_deploy_balanced,True,INLP::rank=4,INLP,1.002777099609375,True,True,False,False,False,True
learning_curve|Waterbirds|seed=5|fraction=0.25|gamma=1|tau=0.2|lambda=0.8,learning_curve,Waterbirds,5,0.25,298,1.0,0.2,0.8,point_selection_balanced,True,INLP::rank=4,INLP,1.002777099609375,True,True,False,False,False,True
learning_curve|Waterbirds|seed=5|fraction=0.25|gamma=1|tau=0.2|lambda=0.8,learning_curve,Waterbirds,5,0.25,298,1.0,0.2,0.8,vera_balanced_iut,True,INLP::rank=4,INLP,1.002777099609375,True,True,False,False,False,True
learning_curve|Waterbirds|seed=5|fraction=0.25|gamma=1|tau=0.2|lambda=0.8,learning_curve,Waterbirds,5,0.25,298,1.0,0.2,0.8,vera_balanced_envelope,True,INLP::rank=4,INLP,1.002777099609375,True,True,False,False,False,True
learning_curve|Waterbirds|seed=5|fraction=0.25|gamma=1|tau=0.2|lambda=0.8,learning_curve,Waterbirds,5,0.25,298,1.0,0.2,0.8,external_balanced_oracle,True,INLP::rank=4,INLP,1.002777099609375,True,True,False,False,False,True
learning_curve|Waterbirds|seed=5|fraction=0.5|gamma=1|tau=0.05|lambda=0.6,learning_curve,Waterbirds,5,0.5,598,1.0,0.05,0.6,always_deploy_balanced,True,INLP::rank=4,INLP,0.0,True,False,True,False,False,True
learning_curve|Waterbirds|seed=5|fraction=0.5|gamma=1|tau=0.05|lambda=0.6,learning_curve,Waterbirds,5,0.5,598,1.0,0.05,0.6,point_selection_balanced,False,,,0.0,True,NA,False,False,False,True
learning_curve|Waterbirds|seed=5|fraction=0.5|gamma=1|tau=0.05|lambda=0.6,learning_curve,Waterbirds,5,0.5,598,1.0,0.05,0.6,vera_balanced_iut,False,,,0.0,True,NA,False,False,False,True
learning_curve|Waterbirds|seed=5|fraction=0.5|gamma=1|tau=0.05|lambda=0.6,learning_curve,Waterbirds,5,0.5,598,1.0,0.05,0.6,vera_balanced_envelope,False,,,0.0,True,NA,False,False,False,True
learning_curve|Waterbirds|seed=5|fraction=0.5|gamma=1|tau=0.05|lambda=0.6,learning_curve,Waterbirds,5,0.5,598,1.0,0.05,0.6,external_balanced_oracle,False,,,0.0,True,NA,False,False,False,True
learning_curve|Waterbirds|seed=5|fraction=0.5|gamma=1|tau=0.05|lambda=0.7,learning_curve,Waterbirds,5,0.5,598,1.0,0.05,0.7,always_deploy_balanced,True,INLP::rank=4,INLP,0.0,True,False,True,False,False,True
learning_curve|Waterbirds|seed=5|fraction=0.5|gamma=1|tau=0.05|lambda=0.7,learning_curve,Waterbirds,5,0.5,598,1.0,0.05,0.7,point_selection_balanced,False,,,0.0,True,NA,False,False,False,True
learning_curve|Waterbirds|seed=5|fraction=0.5|gamma=1|tau=0.05|lambda=0.7,learning_curve,Waterbirds,5,0.5,598,1.0,0.05,0.7,vera_balanced_iut,False,,,0.0,True,NA,False,False,False,True
learning_curve|Waterbirds|seed=5|fraction=0.5|gamma=1|tau=0.05|lambda=0.7,learning_curve,Waterbirds,5,0.5,598,1.0,0.05,0.7,vera_balanced_envelope,False,,,0.0,True,NA,False,False,False,True
learning_curve|Waterbirds|seed=5|fraction=0.5|gamma=1|tau=0.05|lambda=0.7,learning_curve,Waterbirds,5,0.5,598,1.0,0.05,0.7,external_balanced_oracle,False,,,0.0,True,NA,False,False,False,True
learning_curve|Waterbirds|seed=5|fraction=0.5|gamma=1|tau=0.05|lambda=0.8,learning_curve,Waterbirds,5,0.5,598,1.0,0.05,0.8,always_deploy_balanced,True,INLP::rank=4,INLP,0.0,True,False,True,False,False,True
learning_curve|Waterbirds|seed=5|fraction=0.5|gamma=1|tau=0.05|lambda=0.8,learning_curve,Waterbirds,5,0.5,598,1.0,0.05,0.8,point_selection_balanced,False,,,0.0,True,NA,False,False,False,True
learning_curve|Waterbirds|seed=5|fraction=0.5|gamma=1|tau=0.05|lambda=0.8,learning_curve,Waterbirds,5,0.5,598,1.0,0.05,0.8,vera_balanced_iut,False,,,0.0,True,NA,False,False,False,True
learning_curve|Waterbirds|seed=5|fraction=0.5|gamma=1|tau=0.05|lambda=0.8,learning_curve,Waterbirds,5,0.5,598,1.0,0.05,0.8,vera_balanced_envelope,False,,,0.0,True,NA,False,False,False,True
learning_curve|Waterbirds|seed=5|fraction=0.5|gamma=1|tau=0.05|lambda=0.8,learning_curve,Waterbirds,5,0.5,598,1.0,0.05,0.8,external_balanced_oracle,True,INLP::rank=2,INLP,0.0,True,True,False,False,False,True
learning_curve|Waterbirds|seed=5|fraction=0.5|gamma=1|tau=0.1|lambda=0.6,learning_curve,Waterbirds,5,0.5,598,1.0,0.1,0.6,always_deploy_balanced,True,INLP::rank=4,INLP,0.0,True,False,True,False,False,True
learning_curve|Waterbirds|seed=5|fraction=0.5|gamma=1|tau=0.1|lambda=0.6,learning_curve,Waterbirds,5,0.5,598,1.0,0.1,0.6,point_selection_balanced,False,,,0.0,True,NA,False,False,False,True
learning_curve|Waterbirds|seed=5|fraction=0.5|gamma=1|tau=0.1|lambda=0.6,learning_curve,Waterbirds,5,0.5,598,1.0,0.1,0.6,vera_balanced_iut,False,,,0.0,True,NA,False,False,False,True
learning_curve|Waterbirds|seed=5|fraction=0.5|gamma=1|tau=0.1|lambda=0.6,learning_curve,Waterbirds,5,0.5,598,1.0,0.1,0.6,vera_balanced_envelope,False,,,0.0,True,NA,False,False,False,True
learning_curve|Waterbirds|seed=5|fraction=0.5|gamma=1|tau=0.1|lambda=0.6,learning_curve,Waterbirds,5,0.5,598,1.0,0.1,0.6,external_balanced_oracle,False,,,0.0,True,NA,False,False,False,True
learning_curve|Waterbirds|seed=5|fraction=0.5|gamma=1|tau=0.1|lambda=0.7,learning_curve,Waterbirds,5,0.5,598,1.0,0.1,0.7,always_deploy_balanced,True,INLP::rank=4,INLP,0.0,True,False,True,False,False,True
learning_curve|Waterbirds|seed=5|fraction=0.5|gamma=1|tau=0.1|lambda=0.7,learning_curve,Waterbirds,5,0.5,598,1.0,0.1,0.7,point_selection_balanced,True,INLP::rank=4,INLP,0.0,True,False,True,False,False,True
learning_curve|Waterbirds|seed=5|fraction=0.5|gamma=1|tau=0.1|lambda=0.7,learning_curve,Waterbirds,5,0.5,598,1.0,0.1,0.7,vera_balanced_iut,False,,,0.0,True,NA,False,False,False,True
learning_curve|Waterbirds|seed=5|fraction=0.5|gamma=1|tau=0.1|lambda=0.7,learning_curve,Waterbirds,5,0.5,598,1.0,0.1,0.7,vera_balanced_envelope,False,,,0.0,True,NA,False,False,False,True
learning_curve|Waterbirds|seed=5|fraction=0.5|gamma=1|tau=0.1|lambda=0.7,learning_curve,Waterbirds,5,0.5,598,1.0,0.1,0.7,external_balanced_oracle,False,,,0.0,True,NA,False,False,False,True
learning_curve|Waterbirds|seed=5|fraction=0.5|gamma=1|tau=0.1|lambda=0.8,learning_curve,Waterbirds,5,0.5,598,1.0,0.1,0.8,always_deploy_balanced,True,INLP::rank=4,INLP,0.0,True,False,True,False,False,True
learning_curve|Waterbirds|seed=5|fraction=0.5|gamma=1|tau=0.1|lambda=0.8,learning_curve,Waterbirds,5,0.5,598,1.0,0.1,0.8,point_selection_balanced,True,INLP::rank=4,INLP,0.0,True,False,True,False,False,True
learning_curve|Waterbirds|seed=5|fraction=0.5|gamma=1|tau=0.1|lambda=0.8,learning_curve,Waterbirds,5,0.5,598,1.0,0.1,0.8,vera_balanced_iut,False,,,0.0,True,NA,False,False,False,True
learning_curve|Waterbirds|seed=5|fraction=0.5|gamma=1|tau=0.1|lambda=0.8,learning_curve,Waterbirds,5,0.5,598,1.0,0.1,0.8,vera_balanced_envelope,False,,,0.0,True,NA,False,False,False,True
learning_curve|Waterbirds|seed=5|fraction=0.5|gamma=1|tau=0.1|lambda=0.8,learning_curve,Waterbirds,5,0.5,598,1.0,0.1,0.8,external_balanced_oracle,True,INLP::rank=2,INLP,0.0,True,True,False,False,False,True
learning_curve|Waterbirds|seed=5|fraction=0.5|gamma=1|tau=0.2|lambda=0.6,learning_curve,Waterbirds,5,0.5,598,1.0,0.2,0.6,always_deploy_balanced,True,INLP::rank=4,INLP,0.0,True,False,True,False,False,True
learning_curve|Waterbirds|seed=5|fraction=0.5|gamma=1|tau=0.2|lambda=0.6,learning_curve,Waterbirds,5,0.5,598,1.0,0.2,0.6,point_selection_balanced,False,,,0.0,True,NA,False,False,False,True
learning_curve|Waterbirds|seed=5|fraction=0.5|gamma=1|tau=0.2|lambda=0.6,learning_curve,Waterbirds,5,0.5,598,1.0,0.2,0.6,vera_balanced_iut,False,,,0.0,True,NA,False,False,False,True
learning_curve|Waterbirds|seed=5|fraction=0.5|gamma=1|tau=0.2|lambda=0.6,learning_curve,Waterbirds,5,0.5,598,1.0,0.2,0.6,vera_balanced_envelope,False,,,0.0,True,NA,False,False,False,True
learning_curve|Waterbirds|seed=5|fraction=0.5|gamma=1|tau=0.2|lambda=0.6,learning_curve,Waterbirds,5,0.5,598,1.0,0.2,0.6,external_balanced_oracle,False,,,0.0,True,NA,False,False,False,True
learning_curve|Waterbirds|seed=5|fraction=0.5|gamma=1|tau=0.2|lambda=0.7,learning_curve,Waterbirds,5,0.5,598,1.0,0.2,0.7,always_deploy_balanced,True,INLP::rank=4,INLP,0.0,True,True,False,False,False,True
learning_curve|Waterbirds|seed=5|fraction=0.5|gamma=1|tau=0.2|lambda=0.7,learning_curve,Waterbirds,5,0.5,598,1.0,0.2,0.7,point_selection_balanced,True,INLP::rank=4,INLP,0.0,True,True,False,False,False,True
learning_curve|Waterbirds|seed=5|fraction=0.5|gamma=1|tau=0.2|lambda=0.7,learning_curve,Waterbirds,5,0.5,598,1.0,0.2,0.7,vera_balanced_iut,False,,,0.0,True,NA,False,False,False,True
learning_curve|Waterbirds|seed=5|fraction=0.5|gamma=1|tau=0.2|lambda=0.7,learning_curve,Waterbirds,5,0.5,598,1.0,0.2,0.7,vera_balanced_envelope,False,,,0.0,True,NA,False,False,False,True
learning_curve|Waterbirds|seed=5|fraction=0.5|gamma=1|tau=0.2|lambda=0.7,learning_curve,Waterbirds,5,0.5,598,1.0,0.2,0.7,external_balanced_oracle,True,INLP::rank=4,INLP,0.0,True,True,False,False,False,True
learning_curve|Waterbirds|seed=5|fraction=0.5|gamma=1|tau=0.2|lambda=0.8,learning_curve,Waterbirds,5,0.5,598,1.0,0.2,0.8,always_deploy_balanced,True,INLP::rank=4,INLP,1.0167160034179688,True,True,False,False,False,True
learning_curve|Waterbirds|seed=5|fraction=0.5|gamma=1|tau=0.2|lambda=0.8,learning_curve,Waterbirds,5,0.5,598,1.0,0.2,0.8,point_selection_balanced,True,INLP::rank=4,INLP,1.0167160034179688,True,True,False,False,False,True
learning_curve|Waterbirds|seed=5|fraction=0.5|gamma=1|tau=0.2|lambda=0.8,learning_curve,Waterbirds,5,0.5,598,1.0,0.2,0.8,vera_balanced_iut,True,INLP::rank=4,INLP,1.0167160034179688,True,True,False,False,False,True
learning_curve|Waterbirds|seed=5|fraction=0.5|gamma=1|tau=0.2|lambda=0.8,learning_curve,Waterbirds,5,0.5,598,1.0,0.2,0.8,vera_balanced_envelope,True,INLP::rank=4,INLP,1.0167160034179688,True,True,False,False,False,True
learning_curve|Waterbirds|seed=5|fraction=0.5|gamma=1|tau=0.2|lambda=0.8,learning_curve,Waterbirds,5,0.5,598,1.0,0.2,0.8,external_balanced_oracle,True,INLP::rank=4,INLP,1.0167160034179688,True,True,False,False,False,True
primary|Waterbirds|seed=5|fraction=1|gamma=1|tau=0.05|lambda=0.6,primary,Waterbirds,5,1.0,1199,1.0,0.05,0.6,always_deploy_balanced,True,INLP::rank=4,INLP,0.0,True,False,True,False,False,True
primary|Waterbirds|seed=5|fraction=1|gamma=1|tau=0.05|lambda=0.6,primary,Waterbirds,5,1.0,1199,1.0,0.05,0.6,point_selection_balanced,False,,,0.0,True,NA,False,False,False,True
primary|Waterbirds|seed=5|fraction=1|gamma=1|tau=0.05|lambda=0.6,primary,Waterbirds,5,1.0,1199,1.0,0.05,0.6,vera_balanced_iut,False,,,0.0,True,NA,False,False,False,True
primary|Waterbirds|seed=5|fraction=1|gamma=1|tau=0.05|lambda=0.6,primary,Waterbirds,5,1.0,1199,1.0,0.05,0.6,vera_balanced_envelope,False,,,0.0,True,NA,False,False,False,True
primary|Waterbirds|seed=5|fraction=1|gamma=1|tau=0.05|lambda=0.6,primary,Waterbirds,5,1.0,1199,1.0,0.05,0.6,external_balanced_oracle,False,,,0.0,True,NA,False,False,False,True
primary|Waterbirds|seed=5|fraction=1|gamma=1|tau=0.05|lambda=0.7,primary,Waterbirds,5,1.0,1199,1.0,0.05,0.7,always_deploy_balanced,True,INLP::rank=4,INLP,0.0,True,False,True,False,False,True
primary|Waterbirds|seed=5|fraction=1|gamma=1|tau=0.05|lambda=0.7,primary,Waterbirds,5,1.0,1199,1.0,0.05,0.7,point_selection_balanced,False,,,0.0,True,NA,False,False,False,True
primary|Waterbirds|seed=5|fraction=1|gamma=1|tau=0.05|lambda=0.7,primary,Waterbirds,5,1.0,1199,1.0,0.05,0.7,vera_balanced_iut,False,,,0.0,True,NA,False,False,False,True
primary|Waterbirds|seed=5|fraction=1|gamma=1|tau=0.05|lambda=0.7,primary,Waterbirds,5,1.0,1199,1.0,0.05,0.7,vera_balanced_envelope,False,,,0.0,True,NA,False,False,False,True
primary|Waterbirds|seed=5|fraction=1|gamma=1|tau=0.05|lambda=0.7,primary,Waterbirds,5,1.0,1199,1.0,0.05,0.7,external_balanced_oracle,False,,,0.0,True,NA,False,False,False,True
primary|Waterbirds|seed=5|fraction=1|gamma=1|tau=0.05|lambda=0.8,primary,Waterbirds,5,1.0,1199,1.0,0.05,0.8,always_deploy_balanced,True,INLP::rank=4,INLP,0.0,True,False,True,False,False,True
primary|Waterbirds|seed=5|fraction=1|gamma=1|tau=0.05|lambda=0.8,primary,Waterbirds,5,1.0,1199,1.0,0.05,0.8,point_selection_balanced,True,INLP::rank=2,INLP,0.0,True,True,False,False,False,True
primary|Waterbirds|seed=5|fraction=1|gamma=1|tau=0.05|lambda=0.8,primary,Waterbirds,5,1.0,1199,1.0,0.05,0.8,vera_balanced_iut,False,,,0.0,True,NA,False,False,False,True
primary|Waterbirds|seed=5|fraction=1|gamma=1|tau=0.05|lambda=0.8,primary,Waterbirds,5,1.0,1199,1.0,0.05,0.8,vera_balanced_envelope,False,,,0.0,True,NA,False,False,False,True
primary|Waterbirds|seed=5|fraction=1|gamma=1|tau=0.05|lambda=0.8,primary,Waterbirds,5,1.0,1199,1.0,0.05,0.8,external_balanced_oracle,True,INLP::rank=2,INLP,0.0,True,True,False,False,False,True
primary|Waterbirds|seed=5|fraction=1|gamma=1|tau=0.1|lambda=0.6,primary,Waterbirds,5,1.0,1199,1.0,0.1,0.6,always_deploy_balanced,True,INLP::rank=4,INLP,0.0,True,False,True,False,False,True
primary|Waterbirds|seed=5|fraction=1|gamma=1|tau=0.1|lambda=0.6,primary,Waterbirds,5,1.0,1199,1.0,0.1,0.6,point_selection_balanced,False,,,0.0,True,NA,False,False,False,True
primary|Waterbirds|seed=5|fraction=1|gamma=1|tau=0.1|lambda=0.6,primary,Waterbirds,5,1.0,1199,1.0,0.1,0.6,vera_balanced_iut,False,,,0.0,True,NA,False,False,False,True
primary|Waterbirds|seed=5|fraction=1|gamma=1|tau=0.1|lambda=0.6,primary,Waterbirds,5,1.0,1199,1.0,0.1,0.6,vera_balanced_envelope,False,,,0.0,True,NA,False,False,False,True
primary|Waterbirds|seed=5|fraction=1|gamma=1|tau=0.1|lambda=0.6,primary,Waterbirds,5,1.0,1199,1.0,0.1,0.6,external_balanced_oracle,False,,,0.0,True,NA,False,False,False,True
primary|Waterbirds|seed=5|fraction=1|gamma=1|tau=0.1|lambda=0.7,primary,Waterbirds,5,1.0,1199,1.0,0.1,0.7,always_deploy_balanced,True,INLP::rank=4,INLP,0.0,True,False,True,False,False,True
primary|Waterbirds|seed=5|fraction=1|gamma=1|tau=0.1|lambda=0.7,primary,Waterbirds,5,1.0,1199,1.0,0.1,0.7,point_selection_balanced,True,INLP::rank=4,INLP,0.0,True,False,True,False,False,True
primary|Waterbirds|seed=5|fraction=1|gamma=1|tau=0.1|lambda=0.7,primary,Waterbirds,5,1.0,1199,1.0,0.1,0.7,vera_balanced_iut,False,,,0.0,True,NA,False,False,False,True
primary|Waterbirds|seed=5|fraction=1|gamma=1|tau=0.1|lambda=0.7,primary,Waterbirds,5,1.0,1199,1.0,0.1,0.7,vera_balanced_envelope,False,,,0.0,True,NA,False,False,False,True
primary|Waterbirds|seed=5|fraction=1|gamma=1|tau=0.1|lambda=0.7,primary,Waterbirds,5,1.0,1199,1.0,0.1,0.7,external_balanced_oracle,False,,,0.0,True,NA,False,False,False,True
primary|Waterbirds|seed=5|fraction=1|gamma=1|tau=0.1|lambda=0.8,primary,Waterbirds,5,1.0,1199,1.0,0.1,0.8,always_deploy_balanced,True,INLP::rank=4,INLP,0.0,True,False,True,False,False,True
primary|Waterbirds|seed=5|fraction=1|gamma=1|tau=0.1|lambda=0.8,primary,Waterbirds,5,1.0,1199,1.0,0.1,0.8,point_selection_balanced,True,INLP::rank=4,INLP,0.0,True,False,True,False,False,True
primary|Waterbirds|seed=5|fraction=1|gamma=1|tau=0.1|lambda=0.8,primary,Waterbirds,5,1.0,1199,1.0,0.1,0.8,vera_balanced_iut,False,,,0.0,True,NA,False,False,False,True
primary|Waterbirds|seed=5|fraction=1|gamma=1|tau=0.1|lambda=0.8,primary,Waterbirds,5,1.0,1199,1.0,0.1,0.8,vera_balanced_envelope,False,,,0.0,True,NA,False,False,False,True
primary|Waterbirds|seed=5|fraction=1|gamma=1|tau=0.1|lambda=0.8,primary,Waterbirds,5,1.0,1199,1.0,0.1,0.8,external_balanced_oracle,True,INLP::rank=2,INLP,0.0,True,True,False,False,False,True
primary|Waterbirds|seed=5|fraction=1|gamma=1|tau=0.2|lambda=0.6,primary,Waterbirds,5,1.0,1199,1.0,0.2,0.6,always_deploy_balanced,True,INLP::rank=4,INLP,0.0,True,False,True,False,False,True
primary|Waterbirds|seed=5|fraction=1|gamma=1|tau=0.2|lambda=0.6,primary,Waterbirds,5,1.0,1199,1.0,0.2,0.6,point_selection_balanced,False,,,0.0,True,NA,False,False,False,True
primary|Waterbirds|seed=5|fraction=1|gamma=1|tau=0.2|lambda=0.6,primary,Waterbirds,5,1.0,1199,1.0,0.2,0.6,vera_balanced_iut,False,,,0.0,True,NA,False,False,False,True
primary|Waterbirds|seed=5|fraction=1|gamma=1|tau=0.2|lambda=0.6,primary,Waterbirds,5,1.0,1199,1.0,0.2,0.6,vera_balanced_envelope,False,,,0.0,True,NA,False,False,False,True
primary|Waterbirds|seed=5|fraction=1|gamma=1|tau=0.2|lambda=0.6,primary,Waterbirds,5,1.0,1199,1.0,0.2,0.6,external_balanced_oracle,False,,,0.0,True,NA,False,False,False,True
primary|Waterbirds|seed=5|fraction=1|gamma=1|tau=0.2|lambda=0.7,primary,Waterbirds,5,1.0,1199,1.0,0.2,0.7,always_deploy_balanced,True,INLP::rank=4,INLP,0.0,True,True,False,False,False,True
primary|Waterbirds|seed=5|fraction=1|gamma=1|tau=0.2|lambda=0.7,primary,Waterbirds,5,1.0,1199,1.0,0.2,0.7,point_selection_balanced,True,INLP::rank=4,INLP,0.0,True,True,False,False,False,True
primary|Waterbirds|seed=5|fraction=1|gamma=1|tau=0.2|lambda=0.7,primary,Waterbirds,5,1.0,1199,1.0,0.2,0.7,vera_balanced_iut,False,,,0.0,True,NA,False,False,False,True
primary|Waterbirds|seed=5|fraction=1|gamma=1|tau=0.2|lambda=0.7,primary,Waterbirds,5,1.0,1199,1.0,0.2,0.7,vera_balanced_envelope,False,,,0.0,True,NA,False,False,False,True
primary|Waterbirds|seed=5|fraction=1|gamma=1|tau=0.2|lambda=0.7,primary,Waterbirds,5,1.0,1199,1.0,0.2,0.7,external_balanced_oracle,True,INLP::rank=4,INLP,0.0,True,True,False,False,False,True
primary|Waterbirds|seed=5|fraction=1|gamma=1|tau=0.2|lambda=0.8,primary,Waterbirds,5,1.0,1199,1.0,0.2,0.8,always_deploy_balanced,True,INLP::rank=4,INLP,1.0314559936523438,True,True,False,False,False,True
primary|Waterbirds|seed=5|fraction=1|gamma=1|tau=0.2|lambda=0.8,primary,Waterbirds,5,1.0,1199,1.0,0.2,0.8,point_selection_balanced,True,INLP::rank=4,INLP,1.0314559936523438,True,True,False,False,False,True
primary|Waterbirds|seed=5|fraction=1|gamma=1|tau=0.2|lambda=0.8,primary,Waterbirds,5,1.0,1199,1.0,0.2,0.8,vera_balanced_iut,True,INLP::rank=4,INLP,1.0314559936523438,True,True,False,False,False,True
primary|Waterbirds|seed=5|fraction=1|gamma=1|tau=0.2|lambda=0.8,primary,Waterbirds,5,1.0,1199,1.0,0.2,0.8,vera_balanced_envelope,True,INLP::rank=4,INLP,1.0314559936523438,True,True,False,False,False,True
primary|Waterbirds|seed=5|fraction=1|gamma=1|tau=0.2|lambda=0.8,primary,Waterbirds,5,1.0,1199,1.0,0.2,0.8,external_balanced_oracle,True,INLP::rank=4,INLP,1.0314559936523438,True,True,False,False,False,True
shifted_sensitivity|Waterbirds|seed=5|fraction=1|gamma=1.01|tau=0.05|lambda=0.6,shifted_sensitivity,Waterbirds,5,1.0,1199,1.01,0.05,0.6,always_deploy_balanced,True,INLP::rank=4,INLP,0.0,True,False,True,False,False,True
shifted_sensitivity|Waterbirds|seed=5|fraction=1|gamma=1.01|tau=0.05|lambda=0.6,shifted_sensitivity,Waterbirds,5,1.0,1199,1.01,0.05,0.6,point_selection_balanced,False,,,0.0,True,NA,False,False,False,True
shifted_sensitivity|Waterbirds|seed=5|fraction=1|gamma=1.01|tau=0.05|lambda=0.6,shifted_sensitivity,Waterbirds,5,1.0,1199,1.01,0.05,0.6,vera_balanced_iut,False,,,0.0,True,NA,False,False,False,True
shifted_sensitivity|Waterbirds|seed=5|fraction=1|gamma=1.01|tau=0.05|lambda=0.6,shifted_sensitivity,Waterbirds,5,1.0,1199,1.01,0.05,0.6,vera_balanced_envelope,False,,,0.0,True,NA,False,False,False,True
shifted_sensitivity|Waterbirds|seed=5|fraction=1|gamma=1.01|tau=0.05|lambda=0.6,shifted_sensitivity,Waterbirds,5,1.0,1199,1.01,0.05,0.6,external_balanced_oracle,False,,,0.0,True,NA,False,False,False,True
shifted_sensitivity|Waterbirds|seed=5|fraction=1|gamma=1.01|tau=0.05|lambda=0.7,shifted_sensitivity,Waterbirds,5,1.0,1199,1.01,0.05,0.7,always_deploy_balanced,True,INLP::rank=4,INLP,0.0,True,False,True,False,False,True
shifted_sensitivity|Waterbirds|seed=5|fraction=1|gamma=1.01|tau=0.05|lambda=0.7,shifted_sensitivity,Waterbirds,5,1.0,1199,1.01,0.05,0.7,point_selection_balanced,False,,,0.0,True,NA,False,False,False,True
shifted_sensitivity|Waterbirds|seed=5|fraction=1|gamma=1.01|tau=0.05|lambda=0.7,shifted_sensitivity,Waterbirds,5,1.0,1199,1.01,0.05,0.7,vera_balanced_iut,False,,,0.0,True,NA,False,False,False,True
shifted_sensitivity|Waterbirds|seed=5|fraction=1|gamma=1.01|tau=0.05|lambda=0.7,shifted_sensitivity,Waterbirds,5,1.0,1199,1.01,0.05,0.7,vera_balanced_envelope,False,,,0.0,True,NA,False,False,False,True
shifted_sensitivity|Waterbirds|seed=5|fraction=1|gamma=1.01|tau=0.05|lambda=0.7,shifted_sensitivity,Waterbirds,5,1.0,1199,1.01,0.05,0.7,external_balanced_oracle,False,,,0.0,True,NA,False,False,False,True
shifted_sensitivity|Waterbirds|seed=5|fraction=1|gamma=1.01|tau=0.05|lambda=0.8,shifted_sensitivity,Waterbirds,5,1.0,1199,1.01,0.05,0.8,always_deploy_balanced,True,INLP::rank=4,INLP,0.0,True,False,True,False,False,True
shifted_sensitivity|Waterbirds|seed=5|fraction=1|gamma=1.01|tau=0.05|lambda=0.8,shifted_sensitivity,Waterbirds,5,1.0,1199,1.01,0.05,0.8,point_selection_balanced,True,INLP::rank=2,INLP,0.0,True,True,False,False,False,True
shifted_sensitivity|Waterbirds|seed=5|fraction=1|gamma=1.01|tau=0.05|lambda=0.8,shifted_sensitivity,Waterbirds,5,1.0,1199,1.01,0.05,0.8,vera_balanced_iut,False,,,0.0,True,NA,False,False,False,True
shifted_sensitivity|Waterbirds|seed=5|fraction=1|gamma=1.01|tau=0.05|lambda=0.8,shifted_sensitivity,Waterbirds,5,1.0,1199,1.01,0.05,0.8,vera_balanced_envelope,False,,,0.0,True,NA,False,False,False,True
shifted_sensitivity|Waterbirds|seed=5|fraction=1|gamma=1.01|tau=0.05|lambda=0.8,shifted_sensitivity,Waterbirds,5,1.0,1199,1.01,0.05,0.8,external_balanced_oracle,True,INLP::rank=2,INLP,0.0,True,True,False,False,False,True
shifted_sensitivity|Waterbirds|seed=5|fraction=1|gamma=1.01|tau=0.1|lambda=0.6,shifted_sensitivity,Waterbirds,5,1.0,1199,1.01,0.1,0.6,always_deploy_balanced,True,INLP::rank=4,INLP,0.0,True,False,True,False,False,True
shifted_sensitivity|Waterbirds|seed=5|fraction=1|gamma=1.01|tau=0.1|lambda=0.6,shifted_sensitivity,Waterbirds,5,1.0,1199,1.01,0.1,0.6,point_selection_balanced,False,,,0.0,True,NA,False,False,False,True
shifted_sensitivity|Waterbirds|seed=5|fraction=1|gamma=1.01|tau=0.1|lambda=0.6,shifted_sensitivity,Waterbirds,5,1.0,1199,1.01,0.1,0.6,vera_balanced_iut,False,,,0.0,True,NA,False,False,False,True
shifted_sensitivity|Waterbirds|seed=5|fraction=1|gamma=1.01|tau=0.1|lambda=0.6,shifted_sensitivity,Waterbirds,5,1.0,1199,1.01,0.1,0.6,vera_balanced_envelope,False,,,0.0,True,NA,False,False,False,True
shifted_sensitivity|Waterbirds|seed=5|fraction=1|gamma=1.01|tau=0.1|lambda=0.6,shifted_sensitivity,Waterbirds,5,1.0,1199,1.01,0.1,0.6,external_balanced_oracle,False,,,0.0,True,NA,False,False,False,True
shifted_sensitivity|Waterbirds|seed=5|fraction=1|gamma=1.01|tau=0.1|lambda=0.7,shifted_sensitivity,Waterbirds,5,1.0,1199,1.01,0.1,0.7,always_deploy_balanced,True,INLP::rank=4,INLP,0.0,True,False,True,False,False,True
shifted_sensitivity|Waterbirds|seed=5|fraction=1|gamma=1.01|tau=0.1|lambda=0.7,shifted_sensitivity,Waterbirds,5,1.0,1199,1.01,0.1,0.7,point_selection_balanced,True,INLP::rank=4,INLP,0.0,True,False,True,False,False,True
shifted_sensitivity|Waterbirds|seed=5|fraction=1|gamma=1.01|tau=0.1|lambda=0.7,shifted_sensitivity,Waterbirds,5,1.0,1199,1.01,0.1,0.7,vera_balanced_iut,False,,,0.0,True,NA,False,False,False,True
shifted_sensitivity|Waterbirds|seed=5|fraction=1|gamma=1.01|tau=0.1|lambda=0.7,shifted_sensitivity,Waterbirds,5,1.0,1199,1.01,0.1,0.7,vera_balanced_envelope,False,,,0.0,True,NA,False,False,False,True
shifted_sensitivity|Waterbirds|seed=5|fraction=1|gamma=1.01|tau=0.1|lambda=0.7,shifted_sensitivity,Waterbirds,5,1.0,1199,1.01,0.1,0.7,external_balanced_oracle,False,,,0.0,True,NA,False,False,False,True
shifted_sensitivity|Waterbirds|seed=5|fraction=1|gamma=1.01|tau=0.1|lambda=0.8,shifted_sensitivity,Waterbirds,5,1.0,1199,1.01,0.1,0.8,always_deploy_balanced,True,INLP::rank=4,INLP,0.0,True,False,True,False,False,True
shifted_sensitivity|Waterbirds|seed=5|fraction=1|gamma=1.01|tau=0.1|lambda=0.8,shifted_sensitivity,Waterbirds,5,1.0,1199,1.01,0.1,0.8,point_selection_balanced,True,INLP::rank=4,INLP,0.0,True,False,True,False,False,True
shifted_sensitivity|Waterbirds|seed=5|fraction=1|gamma=1.01|tau=0.1|lambda=0.8,shifted_sensitivity,Waterbirds,5,1.0,1199,1.01,0.1,0.8,vera_balanced_iut,False,,,0.0,True,NA,False,False,False,True
shifted_sensitivity|Waterbirds|seed=5|fraction=1|gamma=1.01|tau=0.1|lambda=0.8,shifted_sensitivity,Waterbirds,5,1.0,1199,1.01,0.1,0.8,vera_balanced_envelope,False,,,0.0,True,NA,False,False,False,True
shifted_sensitivity|Waterbirds|seed=5|fraction=1|gamma=1.01|tau=0.1|lambda=0.8,shifted_sensitivity,Waterbirds,5,1.0,1199,1.01,0.1,0.8,external_balanced_oracle,True,INLP::rank=2,INLP,0.0,True,True,False,False,False,True
shifted_sensitivity|Waterbirds|seed=5|fraction=1|gamma=1.01|tau=0.2|lambda=0.6,shifted_sensitivity,Waterbirds,5,1.0,1199,1.01,0.2,0.6,always_deploy_balanced,True,INLP::rank=4,INLP,0.0,True,False,True,False,False,True
shifted_sensitivity|Waterbirds|seed=5|fraction=1|gamma=1.01|tau=0.2|lambda=0.6,shifted_sensitivity,Waterbirds,5,1.0,1199,1.01,0.2,0.6,point_selection_balanced,False,,,0.0,True,NA,False,False,False,True
shifted_sensitivity|Waterbirds|seed=5|fraction=1|gamma=1.01|tau=0.2|lambda=0.6,shifted_sensitivity,Waterbirds,5,1.0,1199,1.01,0.2,0.6,vera_balanced_iut,False,,,0.0,True,NA,False,False,False,True
shifted_sensitivity|Waterbirds|seed=5|fraction=1|gamma=1.01|tau=0.2|lambda=0.6,shifted_sensitivity,Waterbirds,5,1.0,1199,1.01,0.2,0.6,vera_balanced_envelope,False,,,0.0,True,NA,False,False,False,True
shifted_sensitivity|Waterbirds|seed=5|fraction=1|gamma=1.01|tau=0.2|lambda=0.6,shifted_sensitivity,Waterbirds,5,1.0,1199,1.01,0.2,0.6,external_balanced_oracle,False,,,0.0,True,NA,False,False,False,True
shifted_sensitivity|Waterbirds|seed=5|fraction=1|gamma=1.01|tau=0.2|lambda=0.7,shifted_sensitivity,Waterbirds,5,1.0,1199,1.01,0.2,0.7,always_deploy_balanced,True,INLP::rank=4,INLP,0.0,True,True,False,False,False,True
shifted_sensitivity|Waterbirds|seed=5|fraction=1|gamma=1.01|tau=0.2|lambda=0.7,shifted_sensitivity,Waterbirds,5,1.0,1199,1.01,0.2,0.7,point_selection_balanced,True,INLP::rank=4,INLP,0.0,True,True,False,False,False,True
shifted_sensitivity|Waterbirds|seed=5|fraction=1|gamma=1.01|tau=0.2|lambda=0.7,shifted_sensitivity,Waterbirds,5,1.0,1199,1.01,0.2,0.7,vera_balanced_iut,False,,,0.0,True,NA,False,False,False,True
shifted_sensitivity|Waterbirds|seed=5|fraction=1|gamma=1.01|tau=0.2|lambda=0.7,shifted_sensitivity,Waterbirds,5,1.0,1199,1.01,0.2,0.7,vera_balanced_envelope,False,,,0.0,True,NA,False,False,False,True
shifted_sensitivity|Waterbirds|seed=5|fraction=1|gamma=1.01|tau=0.2|lambda=0.7,shifted_sensitivity,Waterbirds,5,1.0,1199,1.01,0.2,0.7,external_balanced_oracle,True,INLP::rank=4,INLP,0.0,True,True,False,False,False,True
shifted_sensitivity|Waterbirds|seed=5|fraction=1|gamma=1.01|tau=0.2|lambda=0.8,shifted_sensitivity,Waterbirds,5,1.0,1199,1.01,0.2,0.8,always_deploy_balanced,True,INLP::rank=4,INLP,1.0314559936523438,True,True,False,False,False,True
shifted_sensitivity|Waterbirds|seed=5|fraction=1|gamma=1.01|tau=0.2|lambda=0.8,shifted_sensitivity,Waterbirds,5,1.0,1199,1.01,0.2,0.8,point_selection_balanced,True,INLP::rank=4,INLP,1.0314559936523438,True,True,False,False,False,True
shifted_sensitivity|Waterbirds|seed=5|fraction=1|gamma=1.01|tau=0.2|lambda=0.8,shifted_sensitivity,Waterbirds,5,1.0,1199,1.01,0.2,0.8,vera_balanced_iut,True,INLP::rank=4,INLP,1.0314559936523438,True,True,False,False,False,True
shifted_sensitivity|Waterbirds|seed=5|fraction=1|gamma=1.01|tau=0.2|lambda=0.8,shifted_sensitivity,Waterbirds,5,1.0,1199,1.01,0.2,0.8,vera_balanced_envelope,True,INLP::rank=4,INLP,1.0314559936523438,True,True,False,False,False,True
shifted_sensitivity|Waterbirds|seed=5|fraction=1|gamma=1.01|tau=0.2|lambda=0.8,shifted_sensitivity,Waterbirds,5,1.0,1199,1.01,0.2,0.8,external_balanced_oracle,True,INLP::rank=4,INLP,1.0314559936523438,True,True,False,False,False,True
learning_curve|Waterbirds|seed=6|fraction=0.05|gamma=1|tau=0.05|lambda=0.6,learning_curve,Waterbirds,6,0.05,58,1.0,0.05,0.6,always_deploy_balanced,True,INLP::rank=4,INLP,0.0,True,False,True,False,False,True
learning_curve|Waterbirds|seed=6|fraction=0.05|gamma=1|tau=0.05|lambda=0.6,learning_curve,Waterbirds,6,0.05,58,1.0,0.05,0.6,point_selection_balanced,False,,,0.0,True,NA,False,False,False,True
learning_curve|Waterbirds|seed=6|fraction=0.05|gamma=1|tau=0.05|lambda=0.6,learning_curve,Waterbirds,6,0.05,58,1.0,0.05,0.6,vera_balanced_iut,False,,,0.0,True,NA,False,False,False,True
learning_curve|Waterbirds|seed=6|fraction=0.05|gamma=1|tau=0.05|lambda=0.6,learning_curve,Waterbirds,6,0.05,58,1.0,0.05,0.6,vera_balanced_envelope,False,,,0.0,True,NA,False,False,False,True
learning_curve|Waterbirds|seed=6|fraction=0.05|gamma=1|tau=0.05|lambda=0.6,learning_curve,Waterbirds,6,0.05,58,1.0,0.05,0.6,external_balanced_oracle,False,,,0.0,True,NA,False,False,False,True
learning_curve|Waterbirds|seed=6|fraction=0.05|gamma=1|tau=0.05|lambda=0.7,learning_curve,Waterbirds,6,0.05,58,1.0,0.05,0.7,always_deploy_balanced,True,INLP::rank=4,INLP,0.0,True,False,True,False,False,True
learning_curve|Waterbirds|seed=6|fraction=0.05|gamma=1|tau=0.05|lambda=0.7,learning_curve,Waterbirds,6,0.05,58,1.0,0.05,0.7,point_selection_balanced,False,,,0.0,True,NA,False,False,False,True
learning_curve|Waterbirds|seed=6|fraction=0.05|gamma=1|tau=0.05|lambda=0.7,learning_curve,Waterbirds,6,0.05,58,1.0,0.05,0.7,vera_balanced_iut,False,,,0.0,True,NA,False,False,False,True
learning_curve|Waterbirds|seed=6|fraction=0.05|gamma=1|tau=0.05|lambda=0.7,learning_curve,Waterbirds,6,0.05,58,1.0,0.05,0.7,vera_balanced_envelope,False,,,0.0,True,NA,False,False,False,True
learning_curve|Waterbirds|seed=6|fraction=0.05|gamma=1|tau=0.05|lambda=0.7,learning_curve,Waterbirds,6,0.05,58,1.0,0.05,0.7,external_balanced_oracle,False,,,0.0,True,NA,False,False,False,True
learning_curve|Waterbirds|seed=6|fraction=0.05|gamma=1|tau=0.05|lambda=0.8,learning_curve,Waterbirds,6,0.05,58,1.0,0.05,0.8,always_deploy_balanced,True,INLP::rank=4,INLP,0.0,True,False,True,False,False,True
learning_curve|Waterbirds|seed=6|fraction=0.05|gamma=1|tau=0.05|lambda=0.8,learning_curve,Waterbirds,6,0.05,58,1.0,0.05,0.8,point_selection_balanced,False,,,0.0,True,NA,False,False,False,True
learning_curve|Waterbirds|seed=6|fraction=0.05|gamma=1|tau=0.05|lambda=0.8,learning_curve,Waterbirds,6,0.05,58,1.0,0.05,0.8,vera_balanced_iut,False,,,0.0,True,NA,False,False,False,True
learning_curve|Waterbirds|seed=6|fraction=0.05|gamma=1|tau=0.05|lambda=0.8,learning_curve,Waterbirds,6,0.05,58,1.0,0.05,0.8,vera_balanced_envelope,False,,,0.0,True,NA,False,False,False,True
learning_curve|Waterbirds|seed=6|fraction=0.05|gamma=1|tau=0.05|lambda=0.8,learning_curve,Waterbirds,6,0.05,58,1.0,0.05,0.8,external_balanced_oracle,True,INLP::rank=2,INLP,0.0,True,True,False,False,False,True
learning_curve|Waterbirds|seed=6|fraction=0.05|gamma=1|tau=0.1|lambda=0.6,learning_curve,Waterbirds,6,0.05,58,1.0,0.1,0.6,always_deploy_balanced,True,INLP::rank=4,INLP,0.0,True,False,True,False,False,True
learning_curve|Waterbirds|seed=6|fraction=0.05|gamma=1|tau=0.1|lambda=0.6,learning_curve,Waterbirds,6,0.05,58,1.0,0.1,0.6,point_selection_balanced,False,,,0.0,True,NA,False,False,False,True
learning_curve|Waterbirds|seed=6|fraction=0.05|gamma=1|tau=0.1|lambda=0.6,learning_curve,Waterbirds,6,0.05,58,1.0,0.1,0.6,vera_balanced_iut,False,,,0.0,True,NA,False,False,False,True
learning_curve|Waterbirds|seed=6|fraction=0.05|gamma=1|tau=0.1|lambda=0.6,learning_curve,Waterbirds,6,0.05,58,1.0,0.1,0.6,vera_balanced_envelope,False,,,0.0,True,NA,False,False,False,True
learning_curve|Waterbirds|seed=6|fraction=0.05|gamma=1|tau=0.1|lambda=0.6,learning_curve,Waterbirds,6,0.05,58,1.0,0.1,0.6,external_balanced_oracle,False,,,0.0,True,NA,False,False,False,True
learning_curve|Waterbirds|seed=6|fraction=0.05|gamma=1|tau=0.1|lambda=0.7,learning_curve,Waterbirds,6,0.05,58,1.0,0.1,0.7,always_deploy_balanced,True,INLP::rank=4,INLP,0.0,True,True,False,False,False,True
learning_curve|Waterbirds|seed=6|fraction=0.05|gamma=1|tau=0.1|lambda=0.7,learning_curve,Waterbirds,6,0.05,58,1.0,0.1,0.7,point_selection_balanced,False,,,0.0,True,NA,False,False,False,True
learning_curve|Waterbirds|seed=6|fraction=0.05|gamma=1|tau=0.1|lambda=0.7,learning_curve,Waterbirds,6,0.05,58,1.0,0.1,0.7,vera_balanced_iut,False,,,0.0,True,NA,False,False,False,True
learning_curve|Waterbirds|seed=6|fraction=0.05|gamma=1|tau=0.1|lambda=0.7,learning_curve,Waterbirds,6,0.05,58,1.0,0.1,0.7,vera_balanced_envelope,False,,,0.0,True,NA,False,False,False,True
learning_curve|Waterbirds|seed=6|fraction=0.05|gamma=1|tau=0.1|lambda=0.7,learning_curve,Waterbirds,6,0.05,58,1.0,0.1,0.7,external_balanced_oracle,True,INLP::rank=4,INLP,0.0,True,True,False,False,False,True
learning_curve|Waterbirds|seed=6|fraction=0.05|gamma=1|tau=0.1|lambda=0.8,learning_curve,Waterbirds,6,0.05,58,1.0,0.1,0.8,always_deploy_balanced,True,INLP::rank=4,INLP,0.0,True,True,False,False,False,True
learning_curve|Waterbirds|seed=6|fraction=0.05|gamma=1|tau=0.1|lambda=0.8,learning_curve,Waterbirds,6,0.05,58,1.0,0.1,0.8,point_selection_balanced,True,INLP::rank=8,INLP,0.0,True,False,True,False,False,True
learning_curve|Waterbirds|seed=6|fraction=0.05|gamma=1|tau=0.1|lambda=0.8,learning_curve,Waterbirds,6,0.05,58,1.0,0.1,0.8,vera_balanced_iut,False,,,0.0,True,NA,False,False,False,True
learning_curve|Waterbirds|seed=6|fraction=0.05|gamma=1|tau=0.1|lambda=0.8,learning_curve,Waterbirds,6,0.05,58,1.0,0.1,0.8,vera_balanced_envelope,False,,,0.0,True,NA,False,False,False,True
learning_curve|Waterbirds|seed=6|fraction=0.05|gamma=1|tau=0.1|lambda=0.8,learning_curve,Waterbirds,6,0.05,58,1.0,0.1,0.8,external_balanced_oracle,True,INLP::rank=4,INLP,0.0,True,True,False,False,False,True
learning_curve|Waterbirds|seed=6|fraction=0.05|gamma=1|tau=0.2|lambda=0.6,learning_curve,Waterbirds,6,0.05,58,1.0,0.2,0.6,always_deploy_balanced,True,INLP::rank=4,INLP,0.0,True,False,True,False,False,True
learning_curve|Waterbirds|seed=6|fraction=0.05|gamma=1|tau=0.2|lambda=0.6,learning_curve,Waterbirds,6,0.05,58,1.0,0.2,0.6,point_selection_balanced,False,,,0.0,True,NA,False,False,False,True
learning_curve|Waterbirds|seed=6|fraction=0.05|gamma=1|tau=0.2|lambda=0.6,learning_curve,Waterbirds,6,0.05,58,1.0,0.2,0.6,vera_balanced_iut,False,,,0.0,True,NA,False,False,False,True
learning_curve|Waterbirds|seed=6|fraction=0.05|gamma=1|tau=0.2|lambda=0.6,learning_curve,Waterbirds,6,0.05,58,1.0,0.2,0.6,vera_balanced_envelope,False,,,0.0,True,NA,False,False,False,True
learning_curve|Waterbirds|seed=6|fraction=0.05|gamma=1|tau=0.2|lambda=0.6,learning_curve,Waterbirds,6,0.05,58,1.0,0.2,0.6,external_balanced_oracle,False,,,0.0,True,NA,False,False,False,True
learning_curve|Waterbirds|seed=6|fraction=0.05|gamma=1|tau=0.2|lambda=0.7,learning_curve,Waterbirds,6,0.05,58,1.0,0.2,0.7,always_deploy_balanced,True,INLP::rank=4,INLP,0.0,True,True,False,False,False,True
learning_curve|Waterbirds|seed=6|fraction=0.05|gamma=1|tau=0.2|lambda=0.7,learning_curve,Waterbirds,6,0.05,58,1.0,0.2,0.7,point_selection_balanced,False,,,0.0,True,NA,False,False,False,True
learning_curve|Waterbirds|seed=6|fraction=0.05|gamma=1|tau=0.2|lambda=0.7,learning_curve,Waterbirds,6,0.05,58,1.0,0.2,0.7,vera_balanced_iut,False,,,0.0,True,NA,False,False,False,True
learning_curve|Waterbirds|seed=6|fraction=0.05|gamma=1|tau=0.2|lambda=0.7,learning_curve,Waterbirds,6,0.05,58,1.0,0.2,0.7,vera_balanced_envelope,False,,,0.0,True,NA,False,False,False,True
learning_curve|Waterbirds|seed=6|fraction=0.05|gamma=1|tau=0.2|lambda=0.7,learning_curve,Waterbirds,6,0.05,58,1.0,0.2,0.7,external_balanced_oracle,True,INLP::rank=4,INLP,0.0,True,True,False,False,False,True
learning_curve|Waterbirds|seed=6|fraction=0.05|gamma=1|tau=0.2|lambda=0.8,learning_curve,Waterbirds,6,0.05,58,1.0,0.2,0.8,always_deploy_balanced,True,INLP::rank=4,INLP,0.0,True,True,False,False,False,True
learning_curve|Waterbirds|seed=6|fraction=0.05|gamma=1|tau=0.2|lambda=0.8,learning_curve,Waterbirds,6,0.05,58,1.0,0.2,0.8,point_selection_balanced,True,INLP::rank=4,INLP,0.0,True,True,False,False,False,True
learning_curve|Waterbirds|seed=6|fraction=0.05|gamma=1|tau=0.2|lambda=0.8,learning_curve,Waterbirds,6,0.05,58,1.0,0.2,0.8,vera_balanced_iut,False,,,0.0,True,NA,False,False,False,True
learning_curve|Waterbirds|seed=6|fraction=0.05|gamma=1|tau=0.2|lambda=0.8,learning_curve,Waterbirds,6,0.05,58,1.0,0.2,0.8,vera_balanced_envelope,False,,,0.0,True,NA,False,False,False,True
learning_curve|Waterbirds|seed=6|fraction=0.05|gamma=1|tau=0.2|lambda=0.8,learning_curve,Waterbirds,6,0.05,58,1.0,0.2,0.8,external_balanced_oracle,True,INLP::rank=4,INLP,0.0,True,True,False,False,False,True
learning_curve|Waterbirds|seed=6|fraction=0.1|gamma=1|tau=0.05|lambda=0.6,learning_curve,Waterbirds,6,0.1,118,1.0,0.05,0.6,always_deploy_balanced,True,INLP::rank=4,INLP,0.0,True,False,True,False,False,True
learning_curve|Waterbirds|seed=6|fraction=0.1|gamma=1|tau=0.05|lambda=0.6,learning_curve,Waterbirds,6,0.1,118,1.0,0.05,0.6,point_selection_balanced,False,,,0.0,True,NA,False,False,False,True
learning_curve|Waterbirds|seed=6|fraction=0.1|gamma=1|tau=0.05|lambda=0.6,learning_curve,Waterbirds,6,0.1,118,1.0,0.05,0.6,vera_balanced_iut,False,,,0.0,True,NA,False,False,False,True
learning_curve|Waterbirds|seed=6|fraction=0.1|gamma=1|tau=0.05|lambda=0.6,learning_curve,Waterbirds,6,0.1,118,1.0,0.05,0.6,vera_balanced_envelope,False,,,0.0,True,NA,False,False,False,True
learning_curve|Waterbirds|seed=6|fraction=0.1|gamma=1|tau=0.05|lambda=0.6,learning_curve,Waterbirds,6,0.1,118,1.0,0.05,0.6,external_balanced_oracle,False,,,0.0,True,NA,False,False,False,True
learning_curve|Waterbirds|seed=6|fraction=0.1|gamma=1|tau=0.05|lambda=0.7,learning_curve,Waterbirds,6,0.1,118,1.0,0.05,0.7,always_deploy_balanced,True,INLP::rank=4,INLP,0.0,True,False,True,False,False,True
learning_curve|Waterbirds|seed=6|fraction=0.1|gamma=1|tau=0.05|lambda=0.7,learning_curve,Waterbirds,6,0.1,118,1.0,0.05,0.7,point_selection_balanced,False,,,0.0,True,NA,False,False,False,True
learning_curve|Waterbirds|seed=6|fraction=0.1|gamma=1|tau=0.05|lambda=0.7,learning_curve,Waterbirds,6,0.1,118,1.0,0.05,0.7,vera_balanced_iut,False,,,0.0,True,NA,False,False,False,True
learning_curve|Waterbirds|seed=6|fraction=0.1|gamma=1|tau=0.05|lambda=0.7,learning_curve,Waterbirds,6,0.1,118,1.0,0.05,0.7,vera_balanced_envelope,False,,,0.0,True,NA,False,False,False,True
learning_curve|Waterbirds|seed=6|fraction=0.1|gamma=1|tau=0.05|lambda=0.7,learning_curve,Waterbirds,6,0.1,118,1.0,0.05,0.7,external_balanced_oracle,False,,,0.0,True,NA,False,False,False,True
learning_curve|Waterbirds|seed=6|fraction=0.1|gamma=1|tau=0.05|lambda=0.8,learning_curve,Waterbirds,6,0.1,118,1.0,0.05,0.8,always_deploy_balanced,True,INLP::rank=4,INLP,0.0,True,False,True,False,False,True
learning_curve|Waterbirds|seed=6|fraction=0.1|gamma=1|tau=0.05|lambda=0.8,learning_curve,Waterbirds,6,0.1,118,1.0,0.05,0.8,point_selection_balanced,False,,,0.0,True,NA,False,False,False,True
learning_curve|Waterbirds|seed=6|fraction=0.1|gamma=1|tau=0.05|lambda=0.8,learning_curve,Waterbirds,6,0.1,118,1.0,0.05,0.8,vera_balanced_iut,False,,,0.0,True,NA,False,False,False,True
learning_curve|Waterbirds|seed=6|fraction=0.1|gamma=1|tau=0.05|lambda=0.8,learning_curve,Waterbirds,6,0.1,118,1.0,0.05,0.8,vera_balanced_envelope,False,,,0.0,True,NA,False,False,False,True
learning_curve|Waterbirds|seed=6|fraction=0.1|gamma=1|tau=0.05|lambda=0.8,learning_curve,Waterbirds,6,0.1,118,1.0,0.05,0.8,external_balanced_oracle,True,INLP::rank=2,INLP,0.0,True,True,False,False,False,True
learning_curve|Waterbirds|seed=6|fraction=0.1|gamma=1|tau=0.1|lambda=0.6,learning_curve,Waterbirds,6,0.1,118,1.0,0.1,0.6,always_deploy_balanced,True,INLP::rank=4,INLP,0.0,True,False,True,False,False,True
learning_curve|Waterbirds|seed=6|fraction=0.1|gamma=1|tau=0.1|lambda=0.6,learning_curve,Waterbirds,6,0.1,118,1.0,0.1,0.6,point_selection_balanced,False,,,0.0,True,NA,False,False,False,True
learning_curve|Waterbirds|seed=6|fraction=0.1|gamma=1|tau=0.1|lambda=0.6,learning_curve,Waterbirds,6,0.1,118,1.0,0.1,0.6,vera_balanced_iut,False,,,0.0,True,NA,False,False,False,True
learning_curve|Waterbirds|seed=6|fraction=0.1|gamma=1|tau=0.1|lambda=0.6,learning_curve,Waterbirds,6,0.1,118,1.0,0.1,0.6,vera_balanced_envelope,False,,,0.0,True,NA,False,False,False,True
learning_curve|Waterbirds|seed=6|fraction=0.1|gamma=1|tau=0.1|lambda=0.6,learning_curve,Waterbirds,6,0.1,118,1.0,0.1,0.6,external_balanced_oracle,False,,,0.0,True,NA,False,False,False,True
learning_curve|Waterbirds|seed=6|fraction=0.1|gamma=1|tau=0.1|lambda=0.7,learning_curve,Waterbirds,6,0.1,118,1.0,0.1,0.7,always_deploy_balanced,True,INLP::rank=4,INLP,0.0,True,True,False,False,False,True
learning_curve|Waterbirds|seed=6|fraction=0.1|gamma=1|tau=0.1|lambda=0.7,learning_curve,Waterbirds,6,0.1,118,1.0,0.1,0.7,point_selection_balanced,False,,,0.0,True,NA,False,False,False,True
learning_curve|Waterbirds|seed=6|fraction=0.1|gamma=1|tau=0.1|lambda=0.7,learning_curve,Waterbirds,6,0.1,118,1.0,0.1,0.7,vera_balanced_iut,False,,,0.0,True,NA,False,False,False,True
learning_curve|Waterbirds|seed=6|fraction=0.1|gamma=1|tau=0.1|lambda=0.7,learning_curve,Waterbirds,6,0.1,118,1.0,0.1,0.7,vera_balanced_envelope,False,,,0.0,True,NA,False,False,False,True
learning_curve|Waterbirds|seed=6|fraction=0.1|gamma=1|tau=0.1|lambda=0.7,learning_curve,Waterbirds,6,0.1,118,1.0,0.1,0.7,external_balanced_oracle,True,INLP::rank=4,INLP,0.0,True,True,False,False,False,True
learning_curve|Waterbirds|seed=6|fraction=0.1|gamma=1|tau=0.1|lambda=0.8,learning_curve,Waterbirds,6,0.1,118,1.0,0.1,0.8,always_deploy_balanced,True,INLP::rank=4,INLP,0.0,True,True,False,False,False,True
learning_curve|Waterbirds|seed=6|fraction=0.1|gamma=1|tau=0.1|lambda=0.8,learning_curve,Waterbirds,6,0.1,118,1.0,0.1,0.8,point_selection_balanced,False,,,0.0,True,NA,False,False,False,True
learning_curve|Waterbirds|seed=6|fraction=0.1|gamma=1|tau=0.1|lambda=0.8,learning_curve,Waterbirds,6,0.1,118,1.0,0.1,0.8,vera_balanced_iut,False,,,0.0,True,NA,False,False,False,True
learning_curve|Waterbirds|seed=6|fraction=0.1|gamma=1|tau=0.1|lambda=0.8,learning_curve,Waterbirds,6,0.1,118,1.0,0.1,0.8,vera_balanced_envelope,False,,,0.0,True,NA,False,False,False,True
learning_curve|Waterbirds|seed=6|fraction=0.1|gamma=1|tau=0.1|lambda=0.8,learning_curve,Waterbirds,6,0.1,118,1.0,0.1,0.8,external_balanced_oracle,True,INLP::rank=4,INLP,0.0,True,True,False,False,False,True
learning_curve|Waterbirds|seed=6|fraction=0.1|gamma=1|tau=0.2|lambda=0.6,learning_curve,Waterbirds,6,0.1,118,1.0,0.2,0.6,always_deploy_balanced,True,INLP::rank=4,INLP,0.0,True,False,True,False,False,True
learning_curve|Waterbirds|seed=6|fraction=0.1|gamma=1|tau=0.2|lambda=0.6,learning_curve,Waterbirds,6,0.1,118,1.0,0.2,0.6,point_selection_balanced,False,,,0.0,True,NA,False,False,False,True
learning_curve|Waterbirds|seed=6|fraction=0.1|gamma=1|tau=0.2|lambda=0.6,learning_curve,Waterbirds,6,0.1,118,1.0,0.2,0.6,vera_balanced_iut,False,,,0.0,True,NA,False,False,False,True
learning_curve|Waterbirds|seed=6|fraction=0.1|gamma=1|tau=0.2|lambda=0.6,learning_curve,Waterbirds,6,0.1,118,1.0,0.2,0.6,vera_balanced_envelope,False,,,0.0,True,NA,False,False,False,True
learning_curve|Waterbirds|seed=6|fraction=0.1|gamma=1|tau=0.2|lambda=0.6,learning_curve,Waterbirds,6,0.1,118,1.0,0.2,0.6,external_balanced_oracle,False,,,0.0,True,NA,False,False,False,True
learning_curve|Waterbirds|seed=6|fraction=0.1|gamma=1|tau=0.2|lambda=0.7,learning_curve,Waterbirds,6,0.1,118,1.0,0.2,0.7,always_deploy_balanced,True,INLP::rank=4,INLP,0.0,True,True,False,False,False,True
learning_curve|Waterbirds|seed=6|fraction=0.1|gamma=1|tau=0.2|lambda=0.7,learning_curve,Waterbirds,6,0.1,118,1.0,0.2,0.7,point_selection_balanced,True,INLP::rank=4,INLP,0.0,True,True,False,False,False,True
learning_curve|Waterbirds|seed=6|fraction=0.1|gamma=1|tau=0.2|lambda=0.7,learning_curve,Waterbirds,6,0.1,118,1.0,0.2,0.7,vera_balanced_iut,False,,,0.0,True,NA,False,False,False,True
learning_curve|Waterbirds|seed=6|fraction=0.1|gamma=1|tau=0.2|lambda=0.7,learning_curve,Waterbirds,6,0.1,118,1.0,0.2,0.7,vera_balanced_envelope,False,,,0.0,True,NA,False,False,False,True
learning_curve|Waterbirds|seed=6|fraction=0.1|gamma=1|tau=0.2|lambda=0.7,learning_curve,Waterbirds,6,0.1,118,1.0,0.2,0.7,external_balanced_oracle,True,INLP::rank=4,INLP,0.0,True,True,False,False,False,True
learning_curve|Waterbirds|seed=6|fraction=0.1|gamma=1|tau=0.2|lambda=0.8,learning_curve,Waterbirds,6,0.1,118,1.0,0.2,0.8,always_deploy_balanced,True,INLP::rank=4,INLP,0.0,True,True,False,False,False,True
learning_curve|Waterbirds|seed=6|fraction=0.1|gamma=1|tau=0.2|lambda=0.8,learning_curve,Waterbirds,6,0.1,118,1.0,0.2,0.8,point_selection_balanced,True,INLP::rank=4,INLP,0.0,True,True,False,False,False,True
learning_curve|Waterbirds|seed=6|fraction=0.1|gamma=1|tau=0.2|lambda=0.8,learning_curve,Waterbirds,6,0.1,118,1.0,0.2,0.8,vera_balanced_iut,False,,,0.0,True,NA,False,False,False,True
learning_curve|Waterbirds|seed=6|fraction=0.1|gamma=1|tau=0.2|lambda=0.8,learning_curve,Waterbirds,6,0.1,118,1.0,0.2,0.8,vera_balanced_envelope,False,,,0.0,True,NA,False,False,False,True
learning_curve|Waterbirds|seed=6|fraction=0.1|gamma=1|tau=0.2|lambda=0.8,learning_curve,Waterbirds,6,0.1,118,1.0,0.2,0.8,external_balanced_oracle,True,INLP::rank=4,INLP,0.0,True,True,False,False,False,True
learning_curve|Waterbirds|seed=6|fraction=0.25|gamma=1|tau=0.05|lambda=0.6,learning_curve,Waterbirds,6,0.25,298,1.0,0.05,0.6,always_deploy_balanced,True,INLP::rank=8,INLP,0.0,True,False,True,False,False,True
learning_curve|Waterbirds|seed=6|fraction=0.25|gamma=1|tau=0.05|lambda=0.6,learning_curve,Waterbirds,6,0.25,298,1.0,0.05,0.6,point_selection_balanced,False,,,0.0,True,NA,False,False,False,True
learning_curve|Waterbirds|seed=6|fraction=0.25|gamma=1|tau=0.05|lambda=0.6,learning_curve,Waterbirds,6,0.25,298,1.0,0.05,0.6,vera_balanced_iut,False,,,0.0,True,NA,False,False,False,True
learning_curve|Waterbirds|seed=6|fraction=0.25|gamma=1|tau=0.05|lambda=0.6,learning_curve,Waterbirds,6,0.25,298,1.0,0.05,0.6,vera_balanced_envelope,False,,,0.0,True,NA,False,False,False,True
learning_curve|Waterbirds|seed=6|fraction=0.25|gamma=1|tau=0.05|lambda=0.6,learning_curve,Waterbirds,6,0.25,298,1.0,0.05,0.6,external_balanced_oracle,False,,,0.0,True,NA,False,False,False,True
learning_curve|Waterbirds|seed=6|fraction=0.25|gamma=1|tau=0.05|lambda=0.7,learning_curve,Waterbirds,6,0.25,298,1.0,0.05,0.7,always_deploy_balanced,True,INLP::rank=8,INLP,0.0,True,False,True,False,False,True
learning_curve|Waterbirds|seed=6|fraction=0.25|gamma=1|tau=0.05|lambda=0.7,learning_curve,Waterbirds,6,0.25,298,1.0,0.05,0.7,point_selection_balanced,False,,,0.0,True,NA,False,False,False,True
learning_curve|Waterbirds|seed=6|fraction=0.25|gamma=1|tau=0.05|lambda=0.7,learning_curve,Waterbirds,6,0.25,298,1.0,0.05,0.7,vera_balanced_iut,False,,,0.0,True,NA,False,False,False,True
learning_curve|Waterbirds|seed=6|fraction=0.25|gamma=1|tau=0.05|lambda=0.7,learning_curve,Waterbirds,6,0.25,298,1.0,0.05,0.7,vera_balanced_envelope,False,,,0.0,True,NA,False,False,False,True
learning_curve|Waterbirds|seed=6|fraction=0.25|gamma=1|tau=0.05|lambda=0.7,learning_curve,Waterbirds,6,0.25,298,1.0,0.05,0.7,external_balanced_oracle,False,,,0.0,True,NA,False,False,False,True
learning_curve|Waterbirds|seed=6|fraction=0.25|gamma=1|tau=0.05|lambda=0.8,learning_curve,Waterbirds,6,0.25,298,1.0,0.05,0.8,always_deploy_balanced,True,INLP::rank=8,INLP,0.0,True,False,True,False,False,True
learning_curve|Waterbirds|seed=6|fraction=0.25|gamma=1|tau=0.05|lambda=0.8,learning_curve,Waterbirds,6,0.25,298,1.0,0.05,0.8,point_selection_balanced,True,INLP::rank=2,INLP,0.0,True,True,False,False,False,True
learning_curve|Waterbirds|seed=6|fraction=0.25|gamma=1|tau=0.05|lambda=0.8,learning_curve,Waterbirds,6,0.25,298,1.0,0.05,0.8,vera_balanced_iut,False,,,0.0,True,NA,False,False,False,True
learning_curve|Waterbirds|seed=6|fraction=0.25|gamma=1|tau=0.05|lambda=0.8,learning_curve,Waterbirds,6,0.25,298,1.0,0.05,0.8,vera_balanced_envelope,False,,,0.0,True,NA,False,False,False,True
learning_curve|Waterbirds|seed=6|fraction=0.25|gamma=1|tau=0.05|lambda=0.8,learning_curve,Waterbirds,6,0.25,298,1.0,0.05,0.8,external_balanced_oracle,True,INLP::rank=2,INLP,0.0,True,True,False,False,False,True
learning_curve|Waterbirds|seed=6|fraction=0.25|gamma=1|tau=0.1|lambda=0.6,learning_curve,Waterbirds,6,0.25,298,1.0,0.1,0.6,always_deploy_balanced,True,INLP::rank=8,INLP,0.0,True,False,True,False,False,True
learning_curve|Waterbirds|seed=6|fraction=0.25|gamma=1|tau=0.1|lambda=0.6,learning_curve,Waterbirds,6,0.25,298,1.0,0.1,0.6,point_selection_balanced,False,,,0.0,True,NA,False,False,False,True
learning_curve|Waterbirds|seed=6|fraction=0.25|gamma=1|tau=0.1|lambda=0.6,learning_curve,Waterbirds,6,0.25,298,1.0,0.1,0.6,vera_balanced_iut,False,,,0.0,True,NA,False,False,False,True
learning_curve|Waterbirds|seed=6|fraction=0.25|gamma=1|tau=0.1|lambda=0.6,learning_curve,Waterbirds,6,0.25,298,1.0,0.1,0.6,vera_balanced_envelope,False,,,0.0,True,NA,False,False,False,True
learning_curve|Waterbirds|seed=6|fraction=0.25|gamma=1|tau=0.1|lambda=0.6,learning_curve,Waterbirds,6,0.25,298,1.0,0.1,0.6,external_balanced_oracle,False,,,0.0,True,NA,False,False,False,True
learning_curve|Waterbirds|seed=6|fraction=0.25|gamma=1|tau=0.1|lambda=0.7,learning_curve,Waterbirds,6,0.25,298,1.0,0.1,0.7,always_deploy_balanced,True,INLP::rank=8,INLP,0.0,True,False,True,False,False,True
learning_curve|Waterbirds|seed=6|fraction=0.25|gamma=1|tau=0.1|lambda=0.7,learning_curve,Waterbirds,6,0.25,298,1.0,0.1,0.7,point_selection_balanced,False,,,0.0,True,NA,False,False,False,True
learning_curve|Waterbirds|seed=6|fraction=0.25|gamma=1|tau=0.1|lambda=0.7,learning_curve,Waterbirds,6,0.25,298,1.0,0.1,0.7,vera_balanced_iut,False,,,0.0,True,NA,False,False,False,True
learning_curve|Waterbirds|seed=6|fraction=0.25|gamma=1|tau=0.1|lambda=0.7,learning_curve,Waterbirds,6,0.25,298,1.0,0.1,0.7,vera_balanced_envelope,False,,,0.0,True,NA,False,False,False,True
learning_curve|Waterbirds|seed=6|fraction=0.25|gamma=1|tau=0.1|lambda=0.7,learning_curve,Waterbirds,6,0.25,298,1.0,0.1,0.7,external_balanced_oracle,True,INLP::rank=4,INLP,0.0,True,True,False,False,False,True
learning_curve|Waterbirds|seed=6|fraction=0.25|gamma=1|tau=0.1|lambda=0.8,learning_curve,Waterbirds,6,0.25,298,1.0,0.1,0.8,always_deploy_balanced,True,INLP::rank=8,INLP,0.0,True,False,True,False,False,True
learning_curve|Waterbirds|seed=6|fraction=0.25|gamma=1|tau=0.1|lambda=0.8,learning_curve,Waterbirds,6,0.25,298,1.0,0.1,0.8,point_selection_balanced,True,INLP::rank=4,INLP,0.0,True,True,False,False,False,True
learning_curve|Waterbirds|seed=6|fraction=0.25|gamma=1|tau=0.1|lambda=0.8,learning_curve,Waterbirds,6,0.25,298,1.0,0.1,0.8,vera_balanced_iut,False,,,0.0,True,NA,False,False,False,True
learning_curve|Waterbirds|seed=6|fraction=0.25|gamma=1|tau=0.1|lambda=0.8,learning_curve,Waterbirds,6,0.25,298,1.0,0.1,0.8,vera_balanced_envelope,False,,,0.0,True,NA,False,False,False,True
learning_curve|Waterbirds|seed=6|fraction=0.25|gamma=1|tau=0.1|lambda=0.8,learning_curve,Waterbirds,6,0.25,298,1.0,0.1,0.8,external_balanced_oracle,True,INLP::rank=4,INLP,0.0,True,True,False,False,False,True
learning_curve|Waterbirds|seed=6|fraction=0.25|gamma=1|tau=0.2|lambda=0.6,learning_curve,Waterbirds,6,0.25,298,1.0,0.2,0.6,always_deploy_balanced,True,INLP::rank=8,INLP,0.0,True,False,True,False,False,True
learning_curve|Waterbirds|seed=6|fraction=0.25|gamma=1|tau=0.2|lambda=0.6,learning_curve,Waterbirds,6,0.25,298,1.0,0.2,0.6,point_selection_balanced,False,,,0.0,True,NA,False,False,False,True
learning_curve|Waterbirds|seed=6|fraction=0.25|gamma=1|tau=0.2|lambda=0.6,learning_curve,Waterbirds,6,0.25,298,1.0,0.2,0.6,vera_balanced_iut,False,,,0.0,True,NA,False,False,False,True
learning_curve|Waterbirds|seed=6|fraction=0.25|gamma=1|tau=0.2|lambda=0.6,learning_curve,Waterbirds,6,0.25,298,1.0,0.2,0.6,vera_balanced_envelope,False,,,0.0,True,NA,False,False,False,True
learning_curve|Waterbirds|seed=6|fraction=0.25|gamma=1|tau=0.2|lambda=0.6,learning_curve,Waterbirds,6,0.25,298,1.0,0.2,0.6,external_balanced_oracle,False,,,0.0,True,NA,False,False,False,True
learning_curve|Waterbirds|seed=6|fraction=0.25|gamma=1|tau=0.2|lambda=0.7,learning_curve,Waterbirds,6,0.25,298,1.0,0.2,0.7,always_deploy_balanced,True,INLP::rank=8,INLP,0.0,True,True,False,False,False,True
learning_curve|Waterbirds|seed=6|fraction=0.25|gamma=1|tau=0.2|lambda=0.7,learning_curve,Waterbirds,6,0.25,298,1.0,0.2,0.7,point_selection_balanced,False,,,0.0,True,NA,False,False,False,True
learning_curve|Waterbirds|seed=6|fraction=0.25|gamma=1|tau=0.2|lambda=0.7,learning_curve,Waterbirds,6,0.25,298,1.0,0.2,0.7,vera_balanced_iut,False,,,0.0,True,NA,False,False,False,True
learning_curve|Waterbirds|seed=6|fraction=0.25|gamma=1|tau=0.2|lambda=0.7,learning_curve,Waterbirds,6,0.25,298,1.0,0.2,0.7,vera_balanced_envelope,False,,,0.0,True,NA,False,False,False,True
learning_curve|Waterbirds|seed=6|fraction=0.25|gamma=1|tau=0.2|lambda=0.7,learning_curve,Waterbirds,6,0.25,298,1.0,0.2,0.7,external_balanced_oracle,True,INLP::rank=8,INLP,0.0,True,True,False,False,False,True
learning_curve|Waterbirds|seed=6|fraction=0.25|gamma=1|tau=0.2|lambda=0.8,learning_curve,Waterbirds,6,0.25,298,1.0,0.2,0.8,always_deploy_balanced,True,INLP::rank=8,INLP,0.0,True,True,False,False,False,True
learning_curve|Waterbirds|seed=6|fraction=0.25|gamma=1|tau=0.2|lambda=0.8,learning_curve,Waterbirds,6,0.25,298,1.0,0.2,0.8,point_selection_balanced,True,INLP::rank=8,INLP,0.0,True,True,False,False,False,True
learning_curve|Waterbirds|seed=6|fraction=0.25|gamma=1|tau=0.2|lambda=0.8,learning_curve,Waterbirds,6,0.25,298,1.0,0.2,0.8,vera_balanced_iut,False,,,0.0,True,NA,False,False,False,True
learning_curve|Waterbirds|seed=6|fraction=0.25|gamma=1|tau=0.2|lambda=0.8,learning_curve,Waterbirds,6,0.25,298,1.0,0.2,0.8,vera_balanced_envelope,False,,,0.0,True,NA,False,False,False,True
learning_curve|Waterbirds|seed=6|fraction=0.25|gamma=1|tau=0.2|lambda=0.8,learning_curve,Waterbirds,6,0.25,298,1.0,0.2,0.8,external_balanced_oracle,True,INLP::rank=8,INLP,0.0,True,True,False,False,False,True
learning_curve|Waterbirds|seed=6|fraction=0.5|gamma=1|tau=0.05|lambda=0.6,learning_curve,Waterbirds,6,0.5,598,1.0,0.05,0.6,always_deploy_balanced,True,INLP::rank=4,INLP,0.0,True,False,True,False,False,True
learning_curve|Waterbirds|seed=6|fraction=0.5|gamma=1|tau=0.05|lambda=0.6,learning_curve,Waterbirds,6,0.5,598,1.0,0.05,0.6,point_selection_balanced,False,,,0.0,True,NA,False,False,False,True
learning_curve|Waterbirds|seed=6|fraction=0.5|gamma=1|tau=0.05|lambda=0.6,learning_curve,Waterbirds,6,0.5,598,1.0,0.05,0.6,vera_balanced_iut,False,,,0.0,True,NA,False,False,False,True
learning_curve|Waterbirds|seed=6|fraction=0.5|gamma=1|tau=0.05|lambda=0.6,learning_curve,Waterbirds,6,0.5,598,1.0,0.05,0.6,vera_balanced_envelope,False,,,0.0,True,NA,False,False,False,True
learning_curve|Waterbirds|seed=6|fraction=0.5|gamma=1|tau=0.05|lambda=0.6,learning_curve,Waterbirds,6,0.5,598,1.0,0.05,0.6,external_balanced_oracle,False,,,0.0,True,NA,False,False,False,True
learning_curve|Waterbirds|seed=6|fraction=0.5|gamma=1|tau=0.05|lambda=0.7,learning_curve,Waterbirds,6,0.5,598,1.0,0.05,0.7,always_deploy_balanced,True,INLP::rank=4,INLP,0.0,True,False,True,False,False,True
learning_curve|Waterbirds|seed=6|fraction=0.5|gamma=1|tau=0.05|lambda=0.7,learning_curve,Waterbirds,6,0.5,598,1.0,0.05,0.7,point_selection_balanced,False,,,0.0,True,NA,False,False,False,True
learning_curve|Waterbirds|seed=6|fraction=0.5|gamma=1|tau=0.05|lambda=0.7,learning_curve,Waterbirds,6,0.5,598,1.0,0.05,0.7,vera_balanced_iut,False,,,0.0,True,NA,False,False,False,True
learning_curve|Waterbirds|seed=6|fraction=0.5|gamma=1|tau=0.05|lambda=0.7,learning_curve,Waterbirds,6,0.5,598,1.0,0.05,0.7,vera_balanced_envelope,False,,,0.0,True,NA,False,False,False,True
learning_curve|Waterbirds|seed=6|fraction=0.5|gamma=1|tau=0.05|lambda=0.7,learning_curve,Waterbirds,6,0.5,598,1.0,0.05,0.7,external_balanced_oracle,False,,,0.0,True,NA,False,False,False,True
learning_curve|Waterbirds|seed=6|fraction=0.5|gamma=1|tau=0.05|lambda=0.8,learning_curve,Waterbirds,6,0.5,598,1.0,0.05,0.8,always_deploy_balanced,True,INLP::rank=4,INLP,0.0,True,False,True,False,False,True
learning_curve|Waterbirds|seed=6|fraction=0.5|gamma=1|tau=0.05|lambda=0.8,learning_curve,Waterbirds,6,0.5,598,1.0,0.05,0.8,point_selection_balanced,True,INLP::rank=2,INLP,0.0,True,True,False,False,False,True
learning_curve|Waterbirds|seed=6|fraction=0.5|gamma=1|tau=0.05|lambda=0.8,learning_curve,Waterbirds,6,0.5,598,1.0,0.05,0.8,vera_balanced_iut,False,,,0.0,True,NA,False,False,False,True
learning_curve|Waterbirds|seed=6|fraction=0.5|gamma=1|tau=0.05|lambda=0.8,learning_curve,Waterbirds,6,0.5,598,1.0,0.05,0.8,vera_balanced_envelope,False,,,0.0,True,NA,False,False,False,True
learning_curve|Waterbirds|seed=6|fraction=0.5|gamma=1|tau=0.05|lambda=0.8,learning_curve,Waterbirds,6,0.5,598,1.0,0.05,0.8,external_balanced_oracle,True,INLP::rank=2,INLP,0.0,True,True,False,False,False,True
learning_curve|Waterbirds|seed=6|fraction=0.5|gamma=1|tau=0.1|lambda=0.6,learning_curve,Waterbirds,6,0.5,598,1.0,0.1,0.6,always_deploy_balanced,True,INLP::rank=4,INLP,0.0,True,False,True,False,False,True
learning_curve|Waterbirds|seed=6|fraction=0.5|gamma=1|tau=0.1|lambda=0.6,learning_curve,Waterbirds,6,0.5,598,1.0,0.1,0.6,point_selection_balanced,False,,,0.0,True,NA,False,False,False,True
learning_curve|Waterbirds|seed=6|fraction=0.5|gamma=1|tau=0.1|lambda=0.6,learning_curve,Waterbirds,6,0.5,598,1.0,0.1,0.6,vera_balanced_iut,False,,,0.0,True,NA,False,False,False,True
learning_curve|Waterbirds|seed=6|fraction=0.5|gamma=1|tau=0.1|lambda=0.6,learning_curve,Waterbirds,6,0.5,598,1.0,0.1,0.6,vera_balanced_envelope,False,,,0.0,True,NA,False,False,False,True
learning_curve|Waterbirds|seed=6|fraction=0.5|gamma=1|tau=0.1|lambda=0.6,learning_curve,Waterbirds,6,0.5,598,1.0,0.1,0.6,external_balanced_oracle,False,,,0.0,True,NA,False,False,False,True
learning_curve|Waterbirds|seed=6|fraction=0.5|gamma=1|tau=0.1|lambda=0.7,learning_curve,Waterbirds,6,0.5,598,1.0,0.1,0.7,always_deploy_balanced,True,INLP::rank=4,INLP,0.0,True,True,False,False,False,True
learning_curve|Waterbirds|seed=6|fraction=0.5|gamma=1|tau=0.1|lambda=0.7,learning_curve,Waterbirds,6,0.5,598,1.0,0.1,0.7,point_selection_balanced,True,INLP::rank=4,INLP,0.0,True,True,False,False,False,True
learning_curve|Waterbirds|seed=6|fraction=0.5|gamma=1|tau=0.1|lambda=0.7,learning_curve,Waterbirds,6,0.5,598,1.0,0.1,0.7,vera_balanced_iut,False,,,0.0,True,NA,False,False,False,True
learning_curve|Waterbirds|seed=6|fraction=0.5|gamma=1|tau=0.1|lambda=0.7,learning_curve,Waterbirds,6,0.5,598,1.0,0.1,0.7,vera_balanced_envelope,False,,,0.0,True,NA,False,False,False,True
learning_curve|Waterbirds|seed=6|fraction=0.5|gamma=1|tau=0.1|lambda=0.7,learning_curve,Waterbirds,6,0.5,598,1.0,0.1,0.7,external_balanced_oracle,True,INLP::rank=4,INLP,0.0,True,True,False,False,False,True
learning_curve|Waterbirds|seed=6|fraction=0.5|gamma=1|tau=0.1|lambda=0.8,learning_curve,Waterbirds,6,0.5,598,1.0,0.1,0.8,always_deploy_balanced,True,INLP::rank=4,INLP,0.0,True,True,False,False,False,True
learning_curve|Waterbirds|seed=6|fraction=0.5|gamma=1|tau=0.1|lambda=0.8,learning_curve,Waterbirds,6,0.5,598,1.0,0.1,0.8,point_selection_balanced,True,INLP::rank=4,INLP,0.0,True,True,False,False,False,True
learning_curve|Waterbirds|seed=6|fraction=0.5|gamma=1|tau=0.1|lambda=0.8,learning_curve,Waterbirds,6,0.5,598,1.0,0.1,0.8,vera_balanced_iut,False,,,0.0,True,NA,False,False,False,True
learning_curve|Waterbirds|seed=6|fraction=0.5|gamma=1|tau=0.1|lambda=0.8,learning_curve,Waterbirds,6,0.5,598,1.0,0.1,0.8,vera_balanced_envelope,False,,,0.0,True,NA,False,False,False,True
learning_curve|Waterbirds|seed=6|fraction=0.5|gamma=1|tau=0.1|lambda=0.8,learning_curve,Waterbirds,6,0.5,598,1.0,0.1,0.8,external_balanced_oracle,True,INLP::rank=4,INLP,0.0,True,True,False,False,False,True
learning_curve|Waterbirds|seed=6|fraction=0.5|gamma=1|tau=0.2|lambda=0.6,learning_curve,Waterbirds,6,0.5,598,1.0,0.2,0.6,always_deploy_balanced,True,INLP::rank=4,INLP,0.0,True,False,True,False,False,True
learning_curve|Waterbirds|seed=6|fraction=0.5|gamma=1|tau=0.2|lambda=0.6,learning_curve,Waterbirds,6,0.5,598,1.0,0.2,0.6,point_selection_balanced,False,,,0.0,True,NA,False,False,False,True
learning_curve|Waterbirds|seed=6|fraction=0.5|gamma=1|tau=0.2|lambda=0.6,learning_curve,Waterbirds,6,0.5,598,1.0,0.2,0.6,vera_balanced_iut,False,,,0.0,True,NA,False,False,False,True
learning_curve|Waterbirds|seed=6|fraction=0.5|gamma=1|tau=0.2|lambda=0.6,learning_curve,Waterbirds,6,0.5,598,1.0,0.2,0.6,vera_balanced_envelope,False,,,0.0,True,NA,False,False,False,True
learning_curve|Waterbirds|seed=6|fraction=0.5|gamma=1|tau=0.2|lambda=0.6,learning_curve,Waterbirds,6,0.5,598,1.0,0.2,0.6,external_balanced_oracle,False,,,0.0,True,NA,False,False,False,True
learning_curve|Waterbirds|seed=6|fraction=0.5|gamma=1|tau=0.2|lambda=0.7,learning_curve,Waterbirds,6,0.5,598,1.0,0.2,0.7,always_deploy_balanced,True,INLP::rank=4,INLP,0.0,True,True,False,False,False,True
learning_curve|Waterbirds|seed=6|fraction=0.5|gamma=1|tau=0.2|lambda=0.7,learning_curve,Waterbirds,6,0.5,598,1.0,0.2,0.7,point_selection_balanced,True,INLP::rank=4,INLP,0.0,True,True,False,False,False,True
learning_curve|Waterbirds|seed=6|fraction=0.5|gamma=1|tau=0.2|lambda=0.7,learning_curve,Waterbirds,6,0.5,598,1.0,0.2,0.7,vera_balanced_iut,False,,,0.0,True,NA,False,False,False,True
learning_curve|Waterbirds|seed=6|fraction=0.5|gamma=1|tau=0.2|lambda=0.7,learning_curve,Waterbirds,6,0.5,598,1.0,0.2,0.7,vera_balanced_envelope,False,,,0.0,True,NA,False,False,False,True
learning_curve|Waterbirds|seed=6|fraction=0.5|gamma=1|tau=0.2|lambda=0.7,learning_curve,Waterbirds,6,0.5,598,1.0,0.2,0.7,external_balanced_oracle,True,INLP::rank=4,INLP,0.0,True,True,False,False,False,True
learning_curve|Waterbirds|seed=6|fraction=0.5|gamma=1|tau=0.2|lambda=0.8,learning_curve,Waterbirds,6,0.5,598,1.0,0.2,0.8,always_deploy_balanced,True,INLP::rank=4,INLP,1.0163421630859375,True,True,False,False,False,True
learning_curve|Waterbirds|seed=6|fraction=0.5|gamma=1|tau=0.2|lambda=0.8,learning_curve,Waterbirds,6,0.5,598,1.0,0.2,0.8,point_selection_balanced,True,INLP::rank=4,INLP,1.0163421630859375,True,True,False,False,False,True
learning_curve|Waterbirds|seed=6|fraction=0.5|gamma=1|tau=0.2|lambda=0.8,learning_curve,Waterbirds,6,0.5,598,1.0,0.2,0.8,vera_balanced_iut,True,INLP::rank=4,INLP,1.0163421630859375,True,True,False,False,False,True
learning_curve|Waterbirds|seed=6|fraction=0.5|gamma=1|tau=0.2|lambda=0.8,learning_curve,Waterbirds,6,0.5,598,1.0,0.2,0.8,vera_balanced_envelope,True,INLP::rank=4,INLP,1.0163421630859375,True,True,False,False,False,True
learning_curve|Waterbirds|seed=6|fraction=0.5|gamma=1|tau=0.2|lambda=0.8,learning_curve,Waterbirds,6,0.5,598,1.0,0.2,0.8,external_balanced_oracle,True,INLP::rank=4,INLP,1.0163421630859375,True,True,False,False,False,True
primary|Waterbirds|seed=6|fraction=1|gamma=1|tau=0.05|lambda=0.6,primary,Waterbirds,6,1.0,1199,1.0,0.05,0.6,always_deploy_balanced,True,INLP::rank=4,INLP,0.0,True,False,True,False,False,True
primary|Waterbirds|seed=6|fraction=1|gamma=1|tau=0.05|lambda=0.6,primary,Waterbirds,6,1.0,1199,1.0,0.05,0.6,point_selection_balanced,False,,,0.0,True,NA,False,False,False,True
primary|Waterbirds|seed=6|fraction=1|gamma=1|tau=0.05|lambda=0.6,primary,Waterbirds,6,1.0,1199,1.0,0.05,0.6,vera_balanced_iut,False,,,0.0,True,NA,False,False,False,True
primary|Waterbirds|seed=6|fraction=1|gamma=1|tau=0.05|lambda=0.6,primary,Waterbirds,6,1.0,1199,1.0,0.05,0.6,vera_balanced_envelope,False,,,0.0,True,NA,False,False,False,True
primary|Waterbirds|seed=6|fraction=1|gamma=1|tau=0.05|lambda=0.6,primary,Waterbirds,6,1.0,1199,1.0,0.05,0.6,external_balanced_oracle,False,,,0.0,True,NA,False,False,False,True
primary|Waterbirds|seed=6|fraction=1|gamma=1|tau=0.05|lambda=0.7,primary,Waterbirds,6,1.0,1199,1.0,0.05,0.7,always_deploy_balanced,True,INLP::rank=4,INLP,0.0,True,False,True,False,False,True
primary|Waterbirds|seed=6|fraction=1|gamma=1|tau=0.05|lambda=0.7,primary,Waterbirds,6,1.0,1199,1.0,0.05,0.7,point_selection_balanced,False,,,0.0,True,NA,False,False,False,True
primary|Waterbirds|seed=6|fraction=1|gamma=1|tau=0.05|lambda=0.7,primary,Waterbirds,6,1.0,1199,1.0,0.05,0.7,vera_balanced_iut,False,,,0.0,True,NA,False,False,False,True
primary|Waterbirds|seed=6|fraction=1|gamma=1|tau=0.05|lambda=0.7,primary,Waterbirds,6,1.0,1199,1.0,0.05,0.7,vera_balanced_envelope,False,,,0.0,True,NA,False,False,False,True
primary|Waterbirds|seed=6|fraction=1|gamma=1|tau=0.05|lambda=0.7,primary,Waterbirds,6,1.0,1199,1.0,0.05,0.7,external_balanced_oracle,False,,,0.0,True,NA,False,False,False,True
primary|Waterbirds|seed=6|fraction=1|gamma=1|tau=0.05|lambda=0.8,primary,Waterbirds,6,1.0,1199,1.0,0.05,0.8,always_deploy_balanced,True,INLP::rank=4,INLP,0.0,True,False,True,False,False,True
primary|Waterbirds|seed=6|fraction=1|gamma=1|tau=0.05|lambda=0.8,primary,Waterbirds,6,1.0,1199,1.0,0.05,0.8,point_selection_balanced,True,INLP::rank=2,INLP,0.0,True,True,False,False,False,True
primary|Waterbirds|seed=6|fraction=1|gamma=1|tau=0.05|lambda=0.8,primary,Waterbirds,6,1.0,1199,1.0,0.05,0.8,vera_balanced_iut,False,,,0.0,True,NA,False,False,False,True
primary|Waterbirds|seed=6|fraction=1|gamma=1|tau=0.05|lambda=0.8,primary,Waterbirds,6,1.0,1199,1.0,0.05,0.8,vera_balanced_envelope,False,,,0.0,True,NA,False,False,False,True
primary|Waterbirds|seed=6|fraction=1|gamma=1|tau=0.05|lambda=0.8,primary,Waterbirds,6,1.0,1199,1.0,0.05,0.8,external_balanced_oracle,True,INLP::rank=2,INLP,0.0,True,True,False,False,False,True
primary|Waterbirds|seed=6|fraction=1|gamma=1|tau=0.1|lambda=0.6,primary,Waterbirds,6,1.0,1199,1.0,0.1,0.6,always_deploy_balanced,True,INLP::rank=4,INLP,0.0,True,False,True,False,False,True
primary|Waterbirds|seed=6|fraction=1|gamma=1|tau=0.1|lambda=0.6,primary,Waterbirds,6,1.0,1199,1.0,0.1,0.6,point_selection_balanced,False,,,0.0,True,NA,False,False,False,True
primary|Waterbirds|seed=6|fraction=1|gamma=1|tau=0.1|lambda=0.6,primary,Waterbirds,6,1.0,1199,1.0,0.1,0.6,vera_balanced_iut,False,,,0.0,True,NA,False,False,False,True
primary|Waterbirds|seed=6|fraction=1|gamma=1|tau=0.1|lambda=0.6,primary,Waterbirds,6,1.0,1199,1.0,0.1,0.6,vera_balanced_envelope,False,,,0.0,True,NA,False,False,False,True
primary|Waterbirds|seed=6|fraction=1|gamma=1|tau=0.1|lambda=0.6,primary,Waterbirds,6,1.0,1199,1.0,0.1,0.6,external_balanced_oracle,False,,,0.0,True,NA,False,False,False,True
primary|Waterbirds|seed=6|fraction=1|gamma=1|tau=0.1|lambda=0.7,primary,Waterbirds,6,1.0,1199,1.0,0.1,0.7,always_deploy_balanced,True,INLP::rank=4,INLP,0.0,True,True,False,False,False,True
primary|Waterbirds|seed=6|fraction=1|gamma=1|tau=0.1|lambda=0.7,primary,Waterbirds,6,1.0,1199,1.0,0.1,0.7,point_selection_balanced,True,INLP::rank=4,INLP,0.0,True,True,False,False,False,True
primary|Waterbirds|seed=6|fraction=1|gamma=1|tau=0.1|lambda=0.7,primary,Waterbirds,6,1.0,1199,1.0,0.1,0.7,vera_balanced_iut,False,,,0.0,True,NA,False,False,False,True
primary|Waterbirds|seed=6|fraction=1|gamma=1|tau=0.1|lambda=0.7,primary,Waterbirds,6,1.0,1199,1.0,0.1,0.7,vera_balanced_envelope,False,,,0.0,True,NA,False,False,False,True
primary|Waterbirds|seed=6|fraction=1|gamma=1|tau=0.1|lambda=0.7,primary,Waterbirds,6,1.0,1199,1.0,0.1,0.7,external_balanced_oracle,True,INLP::rank=4,INLP,0.0,True,True,False,False,False,True
primary|Waterbirds|seed=6|fraction=1|gamma=1|tau=0.1|lambda=0.8,primary,Waterbirds,6,1.0,1199,1.0,0.1,0.8,always_deploy_balanced,True,INLP::rank=4,INLP,0.0,True,True,False,False,False,True
primary|Waterbirds|seed=6|fraction=1|gamma=1|tau=0.1|lambda=0.8,primary,Waterbirds,6,1.0,1199,1.0,0.1,0.8,point_selection_balanced,True,INLP::rank=4,INLP,0.0,True,True,False,False,False,True
primary|Waterbirds|seed=6|fraction=1|gamma=1|tau=0.1|lambda=0.8,primary,Waterbirds,6,1.0,1199,1.0,0.1,0.8,vera_balanced_iut,True,INLP::rank=2,INLP,0.0,True,True,False,False,False,True
primary|Waterbirds|seed=6|fraction=1|gamma=1|tau=0.1|lambda=0.8,primary,Waterbirds,6,1.0,1199,1.0,0.1,0.8,vera_balanced_envelope,False,,,0.0,True,NA,False,False,False,True
primary|Waterbirds|seed=6|fraction=1|gamma=1|tau=0.1|lambda=0.8,primary,Waterbirds,6,1.0,1199,1.0,0.1,0.8,external_balanced_oracle,True,INLP::rank=4,INLP,0.0,True,True,False,False,False,True
primary|Waterbirds|seed=6|fraction=1|gamma=1|tau=0.2|lambda=0.6,primary,Waterbirds,6,1.0,1199,1.0,0.2,0.6,always_deploy_balanced,True,INLP::rank=4,INLP,0.0,True,False,True,False,False,True
primary|Waterbirds|seed=6|fraction=1|gamma=1|tau=0.2|lambda=0.6,primary,Waterbirds,6,1.0,1199,1.0,0.2,0.6,point_selection_balanced,False,,,0.0,True,NA,False,False,False,True
primary|Waterbirds|seed=6|fraction=1|gamma=1|tau=0.2|lambda=0.6,primary,Waterbirds,6,1.0,1199,1.0,0.2,0.6,vera_balanced_iut,False,,,0.0,True,NA,False,False,False,True
primary|Waterbirds|seed=6|fraction=1|gamma=1|tau=0.2|lambda=0.6,primary,Waterbirds,6,1.0,1199,1.0,0.2,0.6,vera_balanced_envelope,False,,,0.0,True,NA,False,False,False,True
primary|Waterbirds|seed=6|fraction=1|gamma=1|tau=0.2|lambda=0.6,primary,Waterbirds,6,1.0,1199,1.0,0.2,0.6,external_balanced_oracle,False,,,0.0,True,NA,False,False,False,True
primary|Waterbirds|seed=6|fraction=1|gamma=1|tau=0.2|lambda=0.7,primary,Waterbirds,6,1.0,1199,1.0,0.2,0.7,always_deploy_balanced,True,INLP::rank=4,INLP,0.0,True,True,False,False,False,True
primary|Waterbirds|seed=6|fraction=1|gamma=1|tau=0.2|lambda=0.7,primary,Waterbirds,6,1.0,1199,1.0,0.2,0.7,point_selection_balanced,True,INLP::rank=4,INLP,0.0,True,True,False,False,False,True
primary|Waterbirds|seed=6|fraction=1|gamma=1|tau=0.2|lambda=0.7,primary,Waterbirds,6,1.0,1199,1.0,0.2,0.7,vera_balanced_iut,False,,,0.0,True,NA,False,False,False,True
primary|Waterbirds|seed=6|fraction=1|gamma=1|tau=0.2|lambda=0.7,primary,Waterbirds,6,1.0,1199,1.0,0.2,0.7,vera_balanced_envelope,False,,,0.0,True,NA,False,False,False,True
primary|Waterbirds|seed=6|fraction=1|gamma=1|tau=0.2|lambda=0.7,primary,Waterbirds,6,1.0,1199,1.0,0.2,0.7,external_balanced_oracle,True,INLP::rank=4,INLP,0.0,True,True,False,False,False,True
primary|Waterbirds|seed=6|fraction=1|gamma=1|tau=0.2|lambda=0.8,primary,Waterbirds,6,1.0,1199,1.0,0.2,0.8,always_deploy_balanced,True,INLP::rank=4,INLP,1.0310287475585938,True,True,False,False,False,True
primary|Waterbirds|seed=6|fraction=1|gamma=1|tau=0.2|lambda=0.8,primary,Waterbirds,6,1.0,1199,1.0,0.2,0.8,point_selection_balanced,True,INLP::rank=4,INLP,1.0310287475585938,True,True,False,False,False,True
primary|Waterbirds|seed=6|fraction=1|gamma=1|tau=0.2|lambda=0.8,primary,Waterbirds,6,1.0,1199,1.0,0.2,0.8,vera_balanced_iut,True,INLP::rank=4,INLP,1.0310287475585938,True,True,False,False,False,True
primary|Waterbirds|seed=6|fraction=1|gamma=1|tau=0.2|lambda=0.8,primary,Waterbirds,6,1.0,1199,1.0,0.2,0.8,vera_balanced_envelope,True,INLP::rank=4,INLP,1.0310287475585938,True,True,False,False,False,True
primary|Waterbirds|seed=6|fraction=1|gamma=1|tau=0.2|lambda=0.8,primary,Waterbirds,6,1.0,1199,1.0,0.2,0.8,external_balanced_oracle,True,INLP::rank=4,INLP,1.0310287475585938,True,True,False,False,False,True
shifted_sensitivity|Waterbirds|seed=6|fraction=1|gamma=1.01|tau=0.05|lambda=0.6,shifted_sensitivity,Waterbirds,6,1.0,1199,1.01,0.05,0.6,always_deploy_balanced,True,INLP::rank=4,INLP,0.0,True,False,True,False,False,True
shifted_sensitivity|Waterbirds|seed=6|fraction=1|gamma=1.01|tau=0.05|lambda=0.6,shifted_sensitivity,Waterbirds,6,1.0,1199,1.01,0.05,0.6,point_selection_balanced,False,,,0.0,True,NA,False,False,False,True
shifted_sensitivity|Waterbirds|seed=6|fraction=1|gamma=1.01|tau=0.05|lambda=0.6,shifted_sensitivity,Waterbirds,6,1.0,1199,1.01,0.05,0.6,vera_balanced_iut,False,,,0.0,True,NA,False,False,False,True
shifted_sensitivity|Waterbirds|seed=6|fraction=1|gamma=1.01|tau=0.05|lambda=0.6,shifted_sensitivity,Waterbirds,6,1.0,1199,1.01,0.05,0.6,vera_balanced_envelope,False,,,0.0,True,NA,False,False,False,True
shifted_sensitivity|Waterbirds|seed=6|fraction=1|gamma=1.01|tau=0.05|lambda=0.6,shifted_sensitivity,Waterbirds,6,1.0,1199,1.01,0.05,0.6,external_balanced_oracle,False,,,0.0,True,NA,False,False,False,True
shifted_sensitivity|Waterbirds|seed=6|fraction=1|gamma=1.01|tau=0.05|lambda=0.7,shifted_sensitivity,Waterbirds,6,1.0,1199,1.01,0.05,0.7,always_deploy_balanced,True,INLP::rank=4,INLP,0.0,True,False,True,False,False,True
shifted_sensitivity|Waterbirds|seed=6|fraction=1|gamma=1.01|tau=0.05|lambda=0.7,shifted_sensitivity,Waterbirds,6,1.0,1199,1.01,0.05,0.7,point_selection_balanced,False,,,0.0,True,NA,False,False,False,True
shifted_sensitivity|Waterbirds|seed=6|fraction=1|gamma=1.01|tau=0.05|lambda=0.7,shifted_sensitivity,Waterbirds,6,1.0,1199,1.01,0.05,0.7,vera_balanced_iut,False,,,0.0,True,NA,False,False,False,True
shifted_sensitivity|Waterbirds|seed=6|fraction=1|gamma=1.01|tau=0.05|lambda=0.7,shifted_sensitivity,Waterbirds,6,1.0,1199,1.01,0.05,0.7,vera_balanced_envelope,False,,,0.0,True,NA,False,False,False,True
shifted_sensitivity|Waterbirds|seed=6|fraction=1|gamma=1.01|tau=0.05|lambda=0.7,shifted_sensitivity,Waterbirds,6,1.0,1199,1.01,0.05,0.7,external_balanced_oracle,False,,,0.0,True,NA,False,False,False,True
shifted_sensitivity|Waterbirds|seed=6|fraction=1|gamma=1.01|tau=0.05|lambda=0.8,shifted_sensitivity,Waterbirds,6,1.0,1199,1.01,0.05,0.8,always_deploy_balanced,True,INLP::rank=4,INLP,0.0,True,False,True,False,False,True
shifted_sensitivity|Waterbirds|seed=6|fraction=1|gamma=1.01|tau=0.05|lambda=0.8,shifted_sensitivity,Waterbirds,6,1.0,1199,1.01,0.05,0.8,point_selection_balanced,True,INLP::rank=2,INLP,0.0,True,True,False,False,False,True
shifted_sensitivity|Waterbirds|seed=6|fraction=1|gamma=1.01|tau=0.05|lambda=0.8,shifted_sensitivity,Waterbirds,6,1.0,1199,1.01,0.05,0.8,vera_balanced_iut,False,,,0.0,True,NA,False,False,False,True
shifted_sensitivity|Waterbirds|seed=6|fraction=1|gamma=1.01|tau=0.05|lambda=0.8,shifted_sensitivity,Waterbirds,6,1.0,1199,1.01,0.05,0.8,vera_balanced_envelope,False,,,0.0,True,NA,False,False,False,True
shifted_sensitivity|Waterbirds|seed=6|fraction=1|gamma=1.01|tau=0.05|lambda=0.8,shifted_sensitivity,Waterbirds,6,1.0,1199,1.01,0.05,0.8,external_balanced_oracle,True,INLP::rank=2,INLP,0.0,True,True,False,False,False,True
shifted_sensitivity|Waterbirds|seed=6|fraction=1|gamma=1.01|tau=0.1|lambda=0.6,shifted_sensitivity,Waterbirds,6,1.0,1199,1.01,0.1,0.6,always_deploy_balanced,True,INLP::rank=4,INLP,0.0,True,False,True,False,False,True
shifted_sensitivity|Waterbirds|seed=6|fraction=1|gamma=1.01|tau=0.1|lambda=0.6,shifted_sensitivity,Waterbirds,6,1.0,1199,1.01,0.1,0.6,point_selection_balanced,False,,,0.0,True,NA,False,False,False,True
shifted_sensitivity|Waterbirds|seed=6|fraction=1|gamma=1.01|tau=0.1|lambda=0.6,shifted_sensitivity,Waterbirds,6,1.0,1199,1.01,0.1,0.6,vera_balanced_iut,False,,,0.0,True,NA,False,False,False,True
shifted_sensitivity|Waterbirds|seed=6|fraction=1|gamma=1.01|tau=0.1|lambda=0.6,shifted_sensitivity,Waterbirds,6,1.0,1199,1.01,0.1,0.6,vera_balanced_envelope,False,,,0.0,True,NA,False,False,False,True
shifted_sensitivity|Waterbirds|seed=6|fraction=1|gamma=1.01|tau=0.1|lambda=0.6,shifted_sensitivity,Waterbirds,6,1.0,1199,1.01,0.1,0.6,external_balanced_oracle,False,,,0.0,True,NA,False,False,False,True
shifted_sensitivity|Waterbirds|seed=6|fraction=1|gamma=1.01|tau=0.1|lambda=0.7,shifted_sensitivity,Waterbirds,6,1.0,1199,1.01,0.1,0.7,always_deploy_balanced,True,INLP::rank=4,INLP,0.0,True,True,False,False,False,True
shifted_sensitivity|Waterbirds|seed=6|fraction=1|gamma=1.01|tau=0.1|lambda=0.7,shifted_sensitivity,Waterbirds,6,1.0,1199,1.01,0.1,0.7,point_selection_balanced,True,INLP::rank=4,INLP,0.0,True,True,False,False,False,True
shifted_sensitivity|Waterbirds|seed=6|fraction=1|gamma=1.01|tau=0.1|lambda=0.7,shifted_sensitivity,Waterbirds,6,1.0,1199,1.01,0.1,0.7,vera_balanced_iut,False,,,0.0,True,NA,False,False,False,True
shifted_sensitivity|Waterbirds|seed=6|fraction=1|gamma=1.01|tau=0.1|lambda=0.7,shifted_sensitivity,Waterbirds,6,1.0,1199,1.01,0.1,0.7,vera_balanced_envelope,False,,,0.0,True,NA,False,False,False,True
shifted_sensitivity|Waterbirds|seed=6|fraction=1|gamma=1.01|tau=0.1|lambda=0.7,shifted_sensitivity,Waterbirds,6,1.0,1199,1.01,0.1,0.7,external_balanced_oracle,True,INLP::rank=4,INLP,0.0,True,True,False,False,False,True
shifted_sensitivity|Waterbirds|seed=6|fraction=1|gamma=1.01|tau=0.1|lambda=0.8,shifted_sensitivity,Waterbirds,6,1.0,1199,1.01,0.1,0.8,always_deploy_balanced,True,INLP::rank=4,INLP,0.0,True,True,False,False,False,True
shifted_sensitivity|Waterbirds|seed=6|fraction=1|gamma=1.01|tau=0.1|lambda=0.8,shifted_sensitivity,Waterbirds,6,1.0,1199,1.01,0.1,0.8,point_selection_balanced,True,INLP::rank=4,INLP,0.0,True,True,False,False,False,True
shifted_sensitivity|Waterbirds|seed=6|fraction=1|gamma=1.01|tau=0.1|lambda=0.8,shifted_sensitivity,Waterbirds,6,1.0,1199,1.01,0.1,0.8,vera_balanced_iut,False,,,0.0,True,NA,False,False,False,True
shifted_sensitivity|Waterbirds|seed=6|fraction=1|gamma=1.01|tau=0.1|lambda=0.8,shifted_sensitivity,Waterbirds,6,1.0,1199,1.01,0.1,0.8,vera_balanced_envelope,False,,,0.0,True,NA,False,False,False,True
shifted_sensitivity|Waterbirds|seed=6|fraction=1|gamma=1.01|tau=0.1|lambda=0.8,shifted_sensitivity,Waterbirds,6,1.0,1199,1.01,0.1,0.8,external_balanced_oracle,True,INLP::rank=4,INLP,0.0,True,True,False,False,False,True
shifted_sensitivity|Waterbirds|seed=6|fraction=1|gamma=1.01|tau=0.2|lambda=0.6,shifted_sensitivity,Waterbirds,6,1.0,1199,1.01,0.2,0.6,always_deploy_balanced,True,INLP::rank=4,INLP,0.0,True,False,True,False,False,True
shifted_sensitivity|Waterbirds|seed=6|fraction=1|gamma=1.01|tau=0.2|lambda=0.6,shifted_sensitivity,Waterbirds,6,1.0,1199,1.01,0.2,0.6,point_selection_balanced,False,,,0.0,True,NA,False,False,False,True
shifted_sensitivity|Waterbirds|seed=6|fraction=1|gamma=1.01|tau=0.2|lambda=0.6,shifted_sensitivity,Waterbirds,6,1.0,1199,1.01,0.2,0.6,vera_balanced_iut,False,,,0.0,True,NA,False,False,False,True
shifted_sensitivity|Waterbirds|seed=6|fraction=1|gamma=1.01|tau=0.2|lambda=0.6,shifted_sensitivity,Waterbirds,6,1.0,1199,1.01,0.2,0.6,vera_balanced_envelope,False,,,0.0,True,NA,False,False,False,True
shifted_sensitivity|Waterbirds|seed=6|fraction=1|gamma=1.01|tau=0.2|lambda=0.6,shifted_sensitivity,Waterbirds,6,1.0,1199,1.01,0.2,0.6,external_balanced_oracle,False,,,0.0,True,NA,False,False,False,True
shifted_sensitivity|Waterbirds|seed=6|fraction=1|gamma=1.01|tau=0.2|lambda=0.7,shifted_sensitivity,Waterbirds,6,1.0,1199,1.01,0.2,0.7,always_deploy_balanced,True,INLP::rank=4,INLP,0.0,True,True,False,False,False,True
shifted_sensitivity|Waterbirds|seed=6|fraction=1|gamma=1.01|tau=0.2|lambda=0.7,shifted_sensitivity,Waterbirds,6,1.0,1199,1.01,0.2,0.7,point_selection_balanced,True,INLP::rank=4,INLP,0.0,True,True,False,False,False,True
shifted_sensitivity|Waterbirds|seed=6|fraction=1|gamma=1.01|tau=0.2|lambda=0.7,shifted_sensitivity,Waterbirds,6,1.0,1199,1.01,0.2,0.7,vera_balanced_iut,False,,,0.0,True,NA,False,False,False,True
shifted_sensitivity|Waterbirds|seed=6|fraction=1|gamma=1.01|tau=0.2|lambda=0.7,shifted_sensitivity,Waterbirds,6,1.0,1199,1.01,0.2,0.7,vera_balanced_envelope,False,,,0.0,True,NA,False,False,False,True
shifted_sensitivity|Waterbirds|seed=6|fraction=1|gamma=1.01|tau=0.2|lambda=0.7,shifted_sensitivity,Waterbirds,6,1.0,1199,1.01,0.2,0.7,external_balanced_oracle,True,INLP::rank=4,INLP,0.0,True,True,False,False,False,True
shifted_sensitivity|Waterbirds|seed=6|fraction=1|gamma=1.01|tau=0.2|lambda=0.8,shifted_sensitivity,Waterbirds,6,1.0,1199,1.01,0.2,0.8,always_deploy_balanced,True,INLP::rank=4,INLP,1.0310287475585938,True,True,False,False,False,True
shifted_sensitivity|Waterbirds|seed=6|fraction=1|gamma=1.01|tau=0.2|lambda=0.8,shifted_sensitivity,Waterbirds,6,1.0,1199,1.01,0.2,0.8,point_selection_balanced,True,INLP::rank=4,INLP,1.0310287475585938,True,True,False,False,False,True
shifted_sensitivity|Waterbirds|seed=6|fraction=1|gamma=1.01|tau=0.2|lambda=0.8,shifted_sensitivity,Waterbirds,6,1.0,1199,1.01,0.2,0.8,vera_balanced_iut,True,INLP::rank=4,INLP,1.0310287475585938,True,True,False,False,False,True
shifted_sensitivity|Waterbirds|seed=6|fraction=1|gamma=1.01|tau=0.2|lambda=0.8,shifted_sensitivity,Waterbirds,6,1.0,1199,1.01,0.2,0.8,vera_balanced_envelope,True,INLP::rank=4,INLP,1.0310287475585938,True,True,False,False,False,True
shifted_sensitivity|Waterbirds|seed=6|fraction=1|gamma=1.01|tau=0.2|lambda=0.8,shifted_sensitivity,Waterbirds,6,1.0,1199,1.01,0.2,0.8,external_balanced_oracle,True,INLP::rank=4,INLP,1.0310287475585938,True,True,False,False,False,True
learning_curve|Waterbirds|seed=7|fraction=0.05|gamma=1|tau=0.05|lambda=0.6,learning_curve,Waterbirds,7,0.05,58,1.0,0.05,0.6,always_deploy_balanced,True,"MANCE++::epsilon=0.05,steps=3",MANCE++,0.0,True,False,True,False,False,True
learning_curve|Waterbirds|seed=7|fraction=0.05|gamma=1|tau=0.05|lambda=0.6,learning_curve,Waterbirds,7,0.05,58,1.0,0.05,0.6,point_selection_balanced,False,,,0.0,True,NA,False,False,False,True
learning_curve|Waterbirds|seed=7|fraction=0.05|gamma=1|tau=0.05|lambda=0.6,learning_curve,Waterbirds,7,0.05,58,1.0,0.05,0.6,vera_balanced_iut,False,,,0.0,True,NA,False,False,False,True
learning_curve|Waterbirds|seed=7|fraction=0.05|gamma=1|tau=0.05|lambda=0.6,learning_curve,Waterbirds,7,0.05,58,1.0,0.05,0.6,vera_balanced_envelope,False,,,0.0,True,NA,False,False,False,True
learning_curve|Waterbirds|seed=7|fraction=0.05|gamma=1|tau=0.05|lambda=0.6,learning_curve,Waterbirds,7,0.05,58,1.0,0.05,0.6,external_balanced_oracle,False,,,0.0,True,NA,False,False,False,True
learning_curve|Waterbirds|seed=7|fraction=0.05|gamma=1|tau=0.05|lambda=0.7,learning_curve,Waterbirds,7,0.05,58,1.0,0.05,0.7,always_deploy_balanced,True,"MANCE++::epsilon=0.05,steps=3",MANCE++,0.0,True,False,True,False,False,True
learning_curve|Waterbirds|seed=7|fraction=0.05|gamma=1|tau=0.05|lambda=0.7,learning_curve,Waterbirds,7,0.05,58,1.0,0.05,0.7,point_selection_balanced,False,,,0.0,True,NA,False,False,False,True
learning_curve|Waterbirds|seed=7|fraction=0.05|gamma=1|tau=0.05|lambda=0.7,learning_curve,Waterbirds,7,0.05,58,1.0,0.05,0.7,vera_balanced_iut,False,,,0.0,True,NA,False,False,False,True
learning_curve|Waterbirds|seed=7|fraction=0.05|gamma=1|tau=0.05|lambda=0.7,learning_curve,Waterbirds,7,0.05,58,1.0,0.05,0.7,vera_balanced_envelope,False,,,0.0,True,NA,False,False,False,True
learning_curve|Waterbirds|seed=7|fraction=0.05|gamma=1|tau=0.05|lambda=0.7,learning_curve,Waterbirds,7,0.05,58,1.0,0.05,0.7,external_balanced_oracle,False,,,0.0,True,NA,False,False,False,True
learning_curve|Waterbirds|seed=7|fraction=0.05|gamma=1|tau=0.05|lambda=0.8,learning_curve,Waterbirds,7,0.05,58,1.0,0.05,0.8,always_deploy_balanced,True,"MANCE++::epsilon=0.05,steps=3",MANCE++,0.0,True,False,True,False,False,True
learning_curve|Waterbirds|seed=7|fraction=0.05|gamma=1|tau=0.05|lambda=0.8,learning_curve,Waterbirds,7,0.05,58,1.0,0.05,0.8,point_selection_balanced,False,,,0.0,True,NA,False,False,False,True
learning_curve|Waterbirds|seed=7|fraction=0.05|gamma=1|tau=0.05|lambda=0.8,learning_curve,Waterbirds,7,0.05,58,1.0,0.05,0.8,vera_balanced_iut,False,,,0.0,True,NA,False,False,False,True
learning_curve|Waterbirds|seed=7|fraction=0.05|gamma=1|tau=0.05|lambda=0.8,learning_curve,Waterbirds,7,0.05,58,1.0,0.05,0.8,vera_balanced_envelope,False,,,0.0,True,NA,False,False,False,True
learning_curve|Waterbirds|seed=7|fraction=0.05|gamma=1|tau=0.05|lambda=0.8,learning_curve,Waterbirds,7,0.05,58,1.0,0.05,0.8,external_balanced_oracle,True,INLP::rank=2,INLP,0.0,True,True,False,False,False,True
learning_curve|Waterbirds|seed=7|fraction=0.05|gamma=1|tau=0.1|lambda=0.6,learning_curve,Waterbirds,7,0.05,58,1.0,0.1,0.6,always_deploy_balanced,True,"MANCE++::epsilon=0.05,steps=3",MANCE++,0.0,True,False,True,False,False,True
learning_curve|Waterbirds|seed=7|fraction=0.05|gamma=1|tau=0.1|lambda=0.6,learning_curve,Waterbirds,7,0.05,58,1.0,0.1,0.6,point_selection_balanced,False,,,0.0,True,NA,False,False,False,True
learning_curve|Waterbirds|seed=7|fraction=0.05|gamma=1|tau=0.1|lambda=0.6,learning_curve,Waterbirds,7,0.05,58,1.0,0.1,0.6,vera_balanced_iut,False,,,0.0,True,NA,False,False,False,True
learning_curve|Waterbirds|seed=7|fraction=0.05|gamma=1|tau=0.1|lambda=0.6,learning_curve,Waterbirds,7,0.05,58,1.0,0.1,0.6,vera_balanced_envelope,False,,,0.0,True,NA,False,False,False,True
learning_curve|Waterbirds|seed=7|fraction=0.05|gamma=1|tau=0.1|lambda=0.6,learning_curve,Waterbirds,7,0.05,58,1.0,0.1,0.6,external_balanced_oracle,False,,,0.0,True,NA,False,False,False,True
learning_curve|Waterbirds|seed=7|fraction=0.05|gamma=1|tau=0.1|lambda=0.7,learning_curve,Waterbirds,7,0.05,58,1.0,0.1,0.7,always_deploy_balanced,True,"MANCE++::epsilon=0.05,steps=3",MANCE++,0.0,True,False,True,False,False,True
learning_curve|Waterbirds|seed=7|fraction=0.05|gamma=1|tau=0.1|lambda=0.7,learning_curve,Waterbirds,7,0.05,58,1.0,0.1,0.7,point_selection_balanced,False,,,0.0,True,NA,False,False,False,True
learning_curve|Waterbirds|seed=7|fraction=0.05|gamma=1|tau=0.1|lambda=0.7,learning_curve,Waterbirds,7,0.05,58,1.0,0.1,0.7,vera_balanced_iut,False,,,0.0,True,NA,False,False,False,True
learning_curve|Waterbirds|seed=7|fraction=0.05|gamma=1|tau=0.1|lambda=0.7,learning_curve,Waterbirds,7,0.05,58,1.0,0.1,0.7,vera_balanced_envelope,False,,,0.0,True,NA,False,False,False,True
learning_curve|Waterbirds|seed=7|fraction=0.05|gamma=1|tau=0.1|lambda=0.7,learning_curve,Waterbirds,7,0.05,58,1.0,0.1,0.7,external_balanced_oracle,True,INLP::rank=4,INLP,0.0,True,True,False,False,False,True
learning_curve|Waterbirds|seed=7|fraction=0.05|gamma=1|tau=0.1|lambda=0.8,learning_curve,Waterbirds,7,0.05,58,1.0,0.1,0.8,always_deploy_balanced,True,"MANCE++::epsilon=0.05,steps=3",MANCE++,0.0,True,False,True,False,False,True
learning_curve|Waterbirds|seed=7|fraction=0.05|gamma=1|tau=0.1|lambda=0.8,learning_curve,Waterbirds,7,0.05,58,1.0,0.1,0.8,point_selection_balanced,False,,,0.0,True,NA,False,False,False,True
learning_curve|Waterbirds|seed=7|fraction=0.05|gamma=1|tau=0.1|lambda=0.8,learning_curve,Waterbirds,7,0.05,58,1.0,0.1,0.8,vera_balanced_iut,False,,,0.0,True,NA,False,False,False,True
learning_curve|Waterbirds|seed=7|fraction=0.05|gamma=1|tau=0.1|lambda=0.8,learning_curve,Waterbirds,7,0.05,58,1.0,0.1,0.8,vera_balanced_envelope,False,,,0.0,True,NA,False,False,False,True
learning_curve|Waterbirds|seed=7|fraction=0.05|gamma=1|tau=0.1|lambda=0.8,learning_curve,Waterbirds,7,0.05,58,1.0,0.1,0.8,external_balanced_oracle,True,INLP::rank=4,INLP,0.0,True,True,False,False,False,True
learning_curve|Waterbirds|seed=7|fraction=0.05|gamma=1|tau=0.2|lambda=0.6,learning_curve,Waterbirds,7,0.05,58,1.0,0.2,0.6,always_deploy_balanced,True,"MANCE++::epsilon=0.05,steps=3",MANCE++,0.0,True,False,True,False,False,True
learning_curve|Waterbirds|seed=7|fraction=0.05|gamma=1|tau=0.2|lambda=0.6,learning_curve,Waterbirds,7,0.05,58,1.0,0.2,0.6,point_selection_balanced,False,,,0.0,True,NA,False,False,False,True
learning_curve|Waterbirds|seed=7|fraction=0.05|gamma=1|tau=0.2|lambda=0.6,learning_curve,Waterbirds,7,0.05,58,1.0,0.2,0.6,vera_balanced_iut,False,,,0.0,True,NA,False,False,False,True
learning_curve|Waterbirds|seed=7|fraction=0.05|gamma=1|tau=0.2|lambda=0.6,learning_curve,Waterbirds,7,0.05,58,1.0,0.2,0.6,vera_balanced_envelope,False,,,0.0,True,NA,False,False,False,True
learning_curve|Waterbirds|seed=7|fraction=0.05|gamma=1|tau=0.2|lambda=0.6,learning_curve,Waterbirds,7,0.05,58,1.0,0.2,0.6,external_balanced_oracle,False,,,0.0,True,NA,False,False,False,True
learning_curve|Waterbirds|seed=7|fraction=0.05|gamma=1|tau=0.2|lambda=0.7,learning_curve,Waterbirds,7,0.05,58,1.0,0.2,0.7,always_deploy_balanced,True,"MANCE++::epsilon=0.05,steps=3",MANCE++,0.0,True,False,True,False,False,True
learning_curve|Waterbirds|seed=7|fraction=0.05|gamma=1|tau=0.2|lambda=0.7,learning_curve,Waterbirds,7,0.05,58,1.0,0.2,0.7,point_selection_balanced,True,INLP::rank=4,INLP,0.0,True,True,False,False,False,True
learning_curve|Waterbirds|seed=7|fraction=0.05|gamma=1|tau=0.2|lambda=0.7,learning_curve,Waterbirds,7,0.05,58,1.0,0.2,0.7,vera_balanced_iut,False,,,0.0,True,NA,False,False,False,True
learning_curve|Waterbirds|seed=7|fraction=0.05|gamma=1|tau=0.2|lambda=0.7,learning_curve,Waterbirds,7,0.05,58,1.0,0.2,0.7,vera_balanced_envelope,False,,,0.0,True,NA,False,False,False,True
learning_curve|Waterbirds|seed=7|fraction=0.05|gamma=1|tau=0.2|lambda=0.7,learning_curve,Waterbirds,7,0.05,58,1.0,0.2,0.7,external_balanced_oracle,True,INLP::rank=4,INLP,0.0,True,True,False,False,False,True
learning_curve|Waterbirds|seed=7|fraction=0.05|gamma=1|tau=0.2|lambda=0.8,learning_curve,Waterbirds,7,0.05,58,1.0,0.2,0.8,always_deploy_balanced,True,"MANCE++::epsilon=0.05,steps=3",MANCE++,0.0,True,False,True,False,False,True
learning_curve|Waterbirds|seed=7|fraction=0.05|gamma=1|tau=0.2|lambda=0.8,learning_curve,Waterbirds,7,0.05,58,1.0,0.2,0.8,point_selection_balanced,True,INLP::rank=4,INLP,0.0,True,True,False,False,False,True
learning_curve|Waterbirds|seed=7|fraction=0.05|gamma=1|tau=0.2|lambda=0.8,learning_curve,Waterbirds,7,0.05,58,1.0,0.2,0.8,vera_balanced_iut,False,,,0.0,True,NA,False,False,False,True
learning_curve|Waterbirds|seed=7|fraction=0.05|gamma=1|tau=0.2|lambda=0.8,learning_curve,Waterbirds,7,0.05,58,1.0,0.2,0.8,vera_balanced_envelope,False,,,0.0,True,NA,False,False,False,True
learning_curve|Waterbirds|seed=7|fraction=0.05|gamma=1|tau=0.2|lambda=0.8,learning_curve,Waterbirds,7,0.05,58,1.0,0.2,0.8,external_balanced_oracle,True,INLP::rank=4,INLP,0.0,True,True,False,False,False,True
learning_curve|Waterbirds|seed=7|fraction=0.1|gamma=1|tau=0.05|lambda=0.6,learning_curve,Waterbirds,7,0.1,118,1.0,0.05,0.6,always_deploy_balanced,True,INLP::rank=4,INLP,0.0,True,False,True,False,False,True
learning_curve|Waterbirds|seed=7|fraction=0.1|gamma=1|tau=0.05|lambda=0.6,learning_curve,Waterbirds,7,0.1,118,1.0,0.05,0.6,point_selection_balanced,False,,,0.0,True,NA,False,False,False,True
learning_curve|Waterbirds|seed=7|fraction=0.1|gamma=1|tau=0.05|lambda=0.6,learning_curve,Waterbirds,7,0.1,118,1.0,0.05,0.6,vera_balanced_iut,False,,,0.0,True,NA,False,False,False,True
learning_curve|Waterbirds|seed=7|fraction=0.1|gamma=1|tau=0.05|lambda=0.6,learning_curve,Waterbirds,7,0.1,118,1.0,0.05,0.6,vera_balanced_envelope,False,,,0.0,True,NA,False,False,False,True
learning_curve|Waterbirds|seed=7|fraction=0.1|gamma=1|tau=0.05|lambda=0.6,learning_curve,Waterbirds,7,0.1,118,1.0,0.05,0.6,external_balanced_oracle,False,,,0.0,True,NA,False,False,False,True
learning_curve|Waterbirds|seed=7|fraction=0.1|gamma=1|tau=0.05|lambda=0.7,learning_curve,Waterbirds,7,0.1,118,1.0,0.05,0.7,always_deploy_balanced,True,INLP::rank=4,INLP,0.0,True,False,True,False,False,True
learning_curve|Waterbirds|seed=7|fraction=0.1|gamma=1|tau=0.05|lambda=0.7,learning_curve,Waterbirds,7,0.1,118,1.0,0.05,0.7,point_selection_balanced,False,,,0.0,True,NA,False,False,False,True
learning_curve|Waterbirds|seed=7|fraction=0.1|gamma=1|tau=0.05|lambda=0.7,learning_curve,Waterbirds,7,0.1,118,1.0,0.05,0.7,vera_balanced_iut,False,,,0.0,True,NA,False,False,False,True
learning_curve|Waterbirds|seed=7|fraction=0.1|gamma=1|tau=0.05|lambda=0.7,learning_curve,Waterbirds,7,0.1,118,1.0,0.05,0.7,vera_balanced_envelope,False,,,0.0,True,NA,False,False,False,True
learning_curve|Waterbirds|seed=7|fraction=0.1|gamma=1|tau=0.05|lambda=0.7,learning_curve,Waterbirds,7,0.1,118,1.0,0.05,0.7,external_balanced_oracle,False,,,0.0,True,NA,False,False,False,True
learning_curve|Waterbirds|seed=7|fraction=0.1|gamma=1|tau=0.05|lambda=0.8,learning_curve,Waterbirds,7,0.1,118,1.0,0.05,0.8,always_deploy_balanced,True,INLP::rank=4,INLP,0.0,True,False,True,False,False,True
learning_curve|Waterbirds|seed=7|fraction=0.1|gamma=1|tau=0.05|lambda=0.8,learning_curve,Waterbirds,7,0.1,118,1.0,0.05,0.8,point_selection_balanced,False,,,0.0,True,NA,False,False,False,True
learning_curve|Waterbirds|seed=7|fraction=0.1|gamma=1|tau=0.05|lambda=0.8,learning_curve,Waterbirds,7,0.1,118,1.0,0.05,0.8,vera_balanced_iut,False,,,0.0,True,NA,False,False,False,True
learning_curve|Waterbirds|seed=7|fraction=0.1|gamma=1|tau=0.05|lambda=0.8,learning_curve,Waterbirds,7,0.1,118,1.0,0.05,0.8,vera_balanced_envelope,False,,,0.0,True,NA,False,False,False,True
learning_curve|Waterbirds|seed=7|fraction=0.1|gamma=1|tau=0.05|lambda=0.8,learning_curve,Waterbirds,7,0.1,118,1.0,0.05,0.8,external_balanced_oracle,True,INLP::rank=2,INLP,0.0,True,True,False,False,False,True
learning_curve|Waterbirds|seed=7|fraction=0.1|gamma=1|tau=0.1|lambda=0.6,learning_curve,Waterbirds,7,0.1,118,1.0,0.1,0.6,always_deploy_balanced,True,INLP::rank=4,INLP,0.0,True,False,True,False,False,True
learning_curve|Waterbirds|seed=7|fraction=0.1|gamma=1|tau=0.1|lambda=0.6,learning_curve,Waterbirds,7,0.1,118,1.0,0.1,0.6,point_selection_balanced,False,,,0.0,True,NA,False,False,False,True
learning_curve|Waterbirds|seed=7|fraction=0.1|gamma=1|tau=0.1|lambda=0.6,learning_curve,Waterbirds,7,0.1,118,1.0,0.1,0.6,vera_balanced_iut,False,,,0.0,True,NA,False,False,False,True
learning_curve|Waterbirds|seed=7|fraction=0.1|gamma=1|tau=0.1|lambda=0.6,learning_curve,Waterbirds,7,0.1,118,1.0,0.1,0.6,vera_balanced_envelope,False,,,0.0,True,NA,False,False,False,True
learning_curve|Waterbirds|seed=7|fraction=0.1|gamma=1|tau=0.1|lambda=0.6,learning_curve,Waterbirds,7,0.1,118,1.0,0.1,0.6,external_balanced_oracle,False,,,0.0,True,NA,False,False,False,True
learning_curve|Waterbirds|seed=7|fraction=0.1|gamma=1|tau=0.1|lambda=0.7,learning_curve,Waterbirds,7,0.1,118,1.0,0.1,0.7,always_deploy_balanced,True,INLP::rank=4,INLP,0.0,True,True,False,False,False,True
learning_curve|Waterbirds|seed=7|fraction=0.1|gamma=1|tau=0.1|lambda=0.7,learning_curve,Waterbirds,7,0.1,118,1.0,0.1,0.7,point_selection_balanced,True,INLP::rank=4,INLP,0.0,True,True,False,False,False,True
learning_curve|Waterbirds|seed=7|fraction=0.1|gamma=1|tau=0.1|lambda=0.7,learning_curve,Waterbirds,7,0.1,118,1.0,0.1,0.7,vera_balanced_iut,False,,,0.0,True,NA,False,False,False,True
learning_curve|Waterbirds|seed=7|fraction=0.1|gamma=1|tau=0.1|lambda=0.7,learning_curve,Waterbirds,7,0.1,118,1.0,0.1,0.7,vera_balanced_envelope,False,,,0.0,True,NA,False,False,False,True
learning_curve|Waterbirds|seed=7|fraction=0.1|gamma=1|tau=0.1|lambda=0.7,learning_curve,Waterbirds,7,0.1,118,1.0,0.1,0.7,external_balanced_oracle,True,INLP::rank=4,INLP,0.0,True,True,False,False,False,True
learning_curve|Waterbirds|seed=7|fraction=0.1|gamma=1|tau=0.1|lambda=0.8,learning_curve,Waterbirds,7,0.1,118,1.0,0.1,0.8,always_deploy_balanced,True,INLP::rank=4,INLP,0.0,True,True,False,False,False,True
learning_curve|Waterbirds|seed=7|fraction=0.1|gamma=1|tau=0.1|lambda=0.8,learning_curve,Waterbirds,7,0.1,118,1.0,0.1,0.8,point_selection_balanced,True,INLP::rank=4,INLP,0.0,True,True,False,False,False,True
learning_curve|Waterbirds|seed=7|fraction=0.1|gamma=1|tau=0.1|lambda=0.8,learning_curve,Waterbirds,7,0.1,118,1.0,0.1,0.8,vera_balanced_iut,False,,,0.0,True,NA,False,False,False,True
learning_curve|Waterbirds|seed=7|fraction=0.1|gamma=1|tau=0.1|lambda=0.8,learning_curve,Waterbirds,7,0.1,118,1.0,0.1,0.8,vera_balanced_envelope,False,,,0.0,True,NA,False,False,False,True
learning_curve|Waterbirds|seed=7|fraction=0.1|gamma=1|tau=0.1|lambda=0.8,learning_curve,Waterbirds,7,0.1,118,1.0,0.1,0.8,external_balanced_oracle,True,INLP::rank=4,INLP,0.0,True,True,False,False,False,True
learning_curve|Waterbirds|seed=7|fraction=0.1|gamma=1|tau=0.2|lambda=0.6,learning_curve,Waterbirds,7,0.1,118,1.0,0.2,0.6,always_deploy_balanced,True,INLP::rank=4,INLP,0.0,True,False,True,False,False,True
learning_curve|Waterbirds|seed=7|fraction=0.1|gamma=1|tau=0.2|lambda=0.6,learning_curve,Waterbirds,7,0.1,118,1.0,0.2,0.6,point_selection_balanced,False,,,0.0,True,NA,False,False,False,True
learning_curve|Waterbirds|seed=7|fraction=0.1|gamma=1|tau=0.2|lambda=0.6,learning_curve,Waterbirds,7,0.1,118,1.0,0.2,0.6,vera_balanced_iut,False,,,0.0,True,NA,False,False,False,True
learning_curve|Waterbirds|seed=7|fraction=0.1|gamma=1|tau=0.2|lambda=0.6,learning_curve,Waterbirds,7,0.1,118,1.0,0.2,0.6,vera_balanced_envelope,False,,,0.0,True,NA,False,False,False,True
learning_curve|Waterbirds|seed=7|fraction=0.1|gamma=1|tau=0.2|lambda=0.6,learning_curve,Waterbirds,7,0.1,118,1.0,0.2,0.6,external_balanced_oracle,False,,,0.0,True,NA,False,False,False,True
learning_curve|Waterbirds|seed=7|fraction=0.1|gamma=1|tau=0.2|lambda=0.7,learning_curve,Waterbirds,7,0.1,118,1.0,0.2,0.7,always_deploy_balanced,True,INLP::rank=4,INLP,0.0,True,True,False,False,False,True
learning_curve|Waterbirds|seed=7|fraction=0.1|gamma=1|tau=0.2|lambda=0.7,learning_curve,Waterbirds,7,0.1,118,1.0,0.2,0.7,point_selection_balanced,True,INLP::rank=4,INLP,0.0,True,True,False,False,False,True
learning_curve|Waterbirds|seed=7|fraction=0.1|gamma=1|tau=0.2|lambda=0.7,learning_curve,Waterbirds,7,0.1,118,1.0,0.2,0.7,vera_balanced_iut,False,,,0.0,True,NA,False,False,False,True
learning_curve|Waterbirds|seed=7|fraction=0.1|gamma=1|tau=0.2|lambda=0.7,learning_curve,Waterbirds,7,0.1,118,1.0,0.2,0.7,vera_balanced_envelope,False,,,0.0,True,NA,False,False,False,True
learning_curve|Waterbirds|seed=7|fraction=0.1|gamma=1|tau=0.2|lambda=0.7,learning_curve,Waterbirds,7,0.1,118,1.0,0.2,0.7,external_balanced_oracle,True,INLP::rank=4,INLP,0.0,True,True,False,False,False,True
learning_curve|Waterbirds|seed=7|fraction=0.1|gamma=1|tau=0.2|lambda=0.8,learning_curve,Waterbirds,7,0.1,118,1.0,0.2,0.8,always_deploy_balanced,True,INLP::rank=4,INLP,0.0,True,True,False,False,False,True
learning_curve|Waterbirds|seed=7|fraction=0.1|gamma=1|tau=0.2|lambda=0.8,learning_curve,Waterbirds,7,0.1,118,1.0,0.2,0.8,point_selection_balanced,True,INLP::rank=4,INLP,0.0,True,True,False,False,False,True
learning_curve|Waterbirds|seed=7|fraction=0.1|gamma=1|tau=0.2|lambda=0.8,learning_curve,Waterbirds,7,0.1,118,1.0,0.2,0.8,vera_balanced_iut,False,,,0.0,True,NA,False,False,False,True
learning_curve|Waterbirds|seed=7|fraction=0.1|gamma=1|tau=0.2|lambda=0.8,learning_curve,Waterbirds,7,0.1,118,1.0,0.2,0.8,vera_balanced_envelope,False,,,0.0,True,NA,False,False,False,True
learning_curve|Waterbirds|seed=7|fraction=0.1|gamma=1|tau=0.2|lambda=0.8,learning_curve,Waterbirds,7,0.1,118,1.0,0.2,0.8,external_balanced_oracle,True,INLP::rank=4,INLP,0.0,True,True,False,False,False,True
learning_curve|Waterbirds|seed=7|fraction=0.25|gamma=1|tau=0.05|lambda=0.6,learning_curve,Waterbirds,7,0.25,298,1.0,0.05,0.6,always_deploy_balanced,True,INLP::rank=8,INLP,0.0,True,False,True,False,False,True
learning_curve|Waterbirds|seed=7|fraction=0.25|gamma=1|tau=0.05|lambda=0.6,learning_curve,Waterbirds,7,0.25,298,1.0,0.05,0.6,point_selection_balanced,False,,,0.0,True,NA,False,False,False,True
learning_curve|Waterbirds|seed=7|fraction=0.25|gamma=1|tau=0.05|lambda=0.6,learning_curve,Waterbirds,7,0.25,298,1.0,0.05,0.6,vera_balanced_iut,False,,,0.0,True,NA,False,False,False,True
learning_curve|Waterbirds|seed=7|fraction=0.25|gamma=1|tau=0.05|lambda=0.6,learning_curve,Waterbirds,7,0.25,298,1.0,0.05,0.6,vera_balanced_envelope,False,,,0.0,True,NA,False,False,False,True
learning_curve|Waterbirds|seed=7|fraction=0.25|gamma=1|tau=0.05|lambda=0.6,learning_curve,Waterbirds,7,0.25,298,1.0,0.05,0.6,external_balanced_oracle,False,,,0.0,True,NA,False,False,False,True
learning_curve|Waterbirds|seed=7|fraction=0.25|gamma=1|tau=0.05|lambda=0.7,learning_curve,Waterbirds,7,0.25,298,1.0,0.05,0.7,always_deploy_balanced,True,INLP::rank=8,INLP,0.0,True,False,True,False,False,True
learning_curve|Waterbirds|seed=7|fraction=0.25|gamma=1|tau=0.05|lambda=0.7,learning_curve,Waterbirds,7,0.25,298,1.0,0.05,0.7,point_selection_balanced,False,,,0.0,True,NA,False,False,False,True
learning_curve|Waterbirds|seed=7|fraction=0.25|gamma=1|tau=0.05|lambda=0.7,learning_curve,Waterbirds,7,0.25,298,1.0,0.05,0.7,vera_balanced_iut,False,,,0.0,True,NA,False,False,False,True
learning_curve|Waterbirds|seed=7|fraction=0.25|gamma=1|tau=0.05|lambda=0.7,learning_curve,Waterbirds,7,0.25,298,1.0,0.05,0.7,vera_balanced_envelope,False,,,0.0,True,NA,False,False,False,True
learning_curve|Waterbirds|seed=7|fraction=0.25|gamma=1|tau=0.05|lambda=0.7,learning_curve,Waterbirds,7,0.25,298,1.0,0.05,0.7,external_balanced_oracle,False,,,0.0,True,NA,False,False,False,True
learning_curve|Waterbirds|seed=7|fraction=0.25|gamma=1|tau=0.05|lambda=0.8,learning_curve,Waterbirds,7,0.25,298,1.0,0.05,0.8,always_deploy_balanced,True,INLP::rank=8,INLP,0.0,True,False,True,False,False,True
learning_curve|Waterbirds|seed=7|fraction=0.25|gamma=1|tau=0.05|lambda=0.8,learning_curve,Waterbirds,7,0.25,298,1.0,0.05,0.8,point_selection_balanced,True,INLP::rank=2,INLP,0.0,True,True,False,False,False,True
learning_curve|Waterbirds|seed=7|fraction=0.25|gamma=1|tau=0.05|lambda=0.8,learning_curve,Waterbirds,7,0.25,298,1.0,0.05,0.8,vera_balanced_iut,False,,,0.0,True,NA,False,False,False,True
learning_curve|Waterbirds|seed=7|fraction=0.25|gamma=1|tau=0.05|lambda=0.8,learning_curve,Waterbirds,7,0.25,298,1.0,0.05,0.8,vera_balanced_envelope,False,,,0.0,True,NA,False,False,False,True
learning_curve|Waterbirds|seed=7|fraction=0.25|gamma=1|tau=0.05|lambda=0.8,learning_curve,Waterbirds,7,0.25,298,1.0,0.05,0.8,external_balanced_oracle,True,INLP::rank=2,INLP,0.0,True,True,False,False,False,True
learning_curve|Waterbirds|seed=7|fraction=0.25|gamma=1|tau=0.1|lambda=0.6,learning_curve,Waterbirds,7,0.25,298,1.0,0.1,0.6,always_deploy_balanced,True,INLP::rank=8,INLP,0.0,True,False,True,False,False,True
learning_curve|Waterbirds|seed=7|fraction=0.25|gamma=1|tau=0.1|lambda=0.6,learning_curve,Waterbirds,7,0.25,298,1.0,0.1,0.6,point_selection_balanced,False,,,0.0,True,NA,False,False,False,True
learning_curve|Waterbirds|seed=7|fraction=0.25|gamma=1|tau=0.1|lambda=0.6,learning_curve,Waterbirds,7,0.25,298,1.0,0.1,0.6,vera_balanced_iut,False,,,0.0,True,NA,False,False,False,True
learning_curve|Waterbirds|seed=7|fraction=0.25|gamma=1|tau=0.1|lambda=0.6,learning_curve,Waterbirds,7,0.25,298,1.0,0.1,0.6,vera_balanced_envelope,False,,,0.0,True,NA,False,False,False,True
learning_curve|Waterbirds|seed=7|fraction=0.25|gamma=1|tau=0.1|lambda=0.6,learning_curve,Waterbirds,7,0.25,298,1.0,0.1,0.6,external_balanced_oracle,False,,,0.0,True,NA,False,False,False,True
learning_curve|Waterbirds|seed=7|fraction=0.25|gamma=1|tau=0.1|lambda=0.7,learning_curve,Waterbirds,7,0.25,298,1.0,0.1,0.7,always_deploy_balanced,True,INLP::rank=8,INLP,0.0,True,False,True,False,False,True
learning_curve|Waterbirds|seed=7|fraction=0.25|gamma=1|tau=0.1|lambda=0.7,learning_curve,Waterbirds,7,0.25,298,1.0,0.1,0.7,point_selection_balanced,False,,,0.0,True,NA,False,False,False,True
learning_curve|Waterbirds|seed=7|fraction=0.25|gamma=1|tau=0.1|lambda=0.7,learning_curve,Waterbirds,7,0.25,298,1.0,0.1,0.7,vera_balanced_iut,False,,,0.0,True,NA,False,False,False,True
learning_curve|Waterbirds|seed=7|fraction=0.25|gamma=1|tau=0.1|lambda=0.7,learning_curve,Waterbirds,7,0.25,298,1.0,0.1,0.7,vera_balanced_envelope,False,,,0.0,True,NA,False,False,False,True
learning_curve|Waterbirds|seed=7|fraction=0.25|gamma=1|tau=0.1|lambda=0.7,learning_curve,Waterbirds,7,0.25,298,1.0,0.1,0.7,external_balanced_oracle,True,INLP::rank=4,INLP,0.0,True,True,False,False,False,True
learning_curve|Waterbirds|seed=7|fraction=0.25|gamma=1|tau=0.1|lambda=0.8,learning_curve,Waterbirds,7,0.25,298,1.0,0.1,0.8,always_deploy_balanced,True,INLP::rank=8,INLP,0.0,True,False,True,False,False,True
learning_curve|Waterbirds|seed=7|fraction=0.25|gamma=1|tau=0.1|lambda=0.8,learning_curve,Waterbirds,7,0.25,298,1.0,0.1,0.8,point_selection_balanced,True,INLP::rank=2,INLP,0.0,True,True,False,False,False,True
learning_curve|Waterbirds|seed=7|fraction=0.25|gamma=1|tau=0.1|lambda=0.8,learning_curve,Waterbirds,7,0.25,298,1.0,0.1,0.8,vera_balanced_iut,False,,,0.0,True,NA,False,False,False,True
learning_curve|Waterbirds|seed=7|fraction=0.25|gamma=1|tau=0.1|lambda=0.8,learning_curve,Waterbirds,7,0.25,298,1.0,0.1,0.8,vera_balanced_envelope,False,,,0.0,True,NA,False,False,False,True
learning_curve|Waterbirds|seed=7|fraction=0.25|gamma=1|tau=0.1|lambda=0.8,learning_curve,Waterbirds,7,0.25,298,1.0,0.1,0.8,external_balanced_oracle,True,INLP::rank=4,INLP,0.0,True,True,False,False,False,True
learning_curve|Waterbirds|seed=7|fraction=0.25|gamma=1|tau=0.2|lambda=0.6,learning_curve,Waterbirds,7,0.25,298,1.0,0.2,0.6,always_deploy_balanced,True,INLP::rank=8,INLP,0.0,True,False,True,False,False,True
learning_curve|Waterbirds|seed=7|fraction=0.25|gamma=1|tau=0.2|lambda=0.6,learning_curve,Waterbirds,7,0.25,298,1.0,0.2,0.6,point_selection_balanced,False,,,0.0,True,NA,False,False,False,True
learning_curve|Waterbirds|seed=7|fraction=0.25|gamma=1|tau=0.2|lambda=0.6,learning_curve,Waterbirds,7,0.25,298,1.0,0.2,0.6,vera_balanced_iut,False,,,0.0,True,NA,False,False,False,True
learning_curve|Waterbirds|seed=7|fraction=0.25|gamma=1|tau=0.2|lambda=0.6,learning_curve,Waterbirds,7,0.25,298,1.0,0.2,0.6,vera_balanced_envelope,False,,,0.0,True,NA,False,False,False,True
learning_curve|Waterbirds|seed=7|fraction=0.25|gamma=1|tau=0.2|lambda=0.6,learning_curve,Waterbirds,7,0.25,298,1.0,0.2,0.6,external_balanced_oracle,False,,,0.0,True,NA,False,False,False,True
learning_curve|Waterbirds|seed=7|fraction=0.25|gamma=1|tau=0.2|lambda=0.7,learning_curve,Waterbirds,7,0.25,298,1.0,0.2,0.7,always_deploy_balanced,True,INLP::rank=8,INLP,0.0,True,True,False,False,False,True
learning_curve|Waterbirds|seed=7|fraction=0.25|gamma=1|tau=0.2|lambda=0.7,learning_curve,Waterbirds,7,0.25,298,1.0,0.2,0.7,point_selection_balanced,True,INLP::rank=8,INLP,0.0,True,True,False,False,False,True
learning_curve|Waterbirds|seed=7|fraction=0.25|gamma=1|tau=0.2|lambda=0.7,learning_curve,Waterbirds,7,0.25,298,1.0,0.2,0.7,vera_balanced_iut,False,,,0.0,True,NA,False,False,False,True
learning_curve|Waterbirds|seed=7|fraction=0.25|gamma=1|tau=0.2|lambda=0.7,learning_curve,Waterbirds,7,0.25,298,1.0,0.2,0.7,vera_balanced_envelope,False,,,0.0,True,NA,False,False,False,True
learning_curve|Waterbirds|seed=7|fraction=0.25|gamma=1|tau=0.2|lambda=0.7,learning_curve,Waterbirds,7,0.25,298,1.0,0.2,0.7,external_balanced_oracle,True,INLP::rank=8,INLP,0.0,True,True,False,False,False,True
learning_curve|Waterbirds|seed=7|fraction=0.25|gamma=1|tau=0.2|lambda=0.8,learning_curve,Waterbirds,7,0.25,298,1.0,0.2,0.8,always_deploy_balanced,True,INLP::rank=8,INLP,0.0,True,True,False,False,False,True
learning_curve|Waterbirds|seed=7|fraction=0.25|gamma=1|tau=0.2|lambda=0.8,learning_curve,Waterbirds,7,0.25,298,1.0,0.2,0.8,point_selection_balanced,True,INLP::rank=8,INLP,0.0,True,True,False,False,False,True
learning_curve|Waterbirds|seed=7|fraction=0.25|gamma=1|tau=0.2|lambda=0.8,learning_curve,Waterbirds,7,0.25,298,1.0,0.2,0.8,vera_balanced_iut,True,INLP::rank=2,INLP,0.0,True,True,False,False,False,True
learning_curve|Waterbirds|seed=7|fraction=0.25|gamma=1|tau=0.2|lambda=0.8,learning_curve,Waterbirds,7,0.25,298,1.0,0.2,0.8,vera_balanced_envelope,False,,,0.0,True,NA,False,False,False,True
learning_curve|Waterbirds|seed=7|fraction=0.25|gamma=1|tau=0.2|lambda=0.8,learning_curve,Waterbirds,7,0.25,298,1.0,0.2,0.8,external_balanced_oracle,True,INLP::rank=8,INLP,0.0,True,True,False,False,False,True
learning_curve|Waterbirds|seed=7|fraction=0.5|gamma=1|tau=0.05|lambda=0.6,learning_curve,Waterbirds,7,0.5,598,1.0,0.05,0.6,always_deploy_balanced,True,INLP::rank=8,INLP,0.0,True,False,True,False,False,True
learning_curve|Waterbirds|seed=7|fraction=0.5|gamma=1|tau=0.05|lambda=0.6,learning_curve,Waterbirds,7,0.5,598,1.0,0.05,0.6,point_selection_balanced,False,,,0.0,True,NA,False,False,False,True
learning_curve|Waterbirds|seed=7|fraction=0.5|gamma=1|tau=0.05|lambda=0.6,learning_curve,Waterbirds,7,0.5,598,1.0,0.05,0.6,vera_balanced_iut,False,,,0.0,True,NA,False,False,False,True
learning_curve|Waterbirds|seed=7|fraction=0.5|gamma=1|tau=0.05|lambda=0.6,learning_curve,Waterbirds,7,0.5,598,1.0,0.05,0.6,vera_balanced_envelope,False,,,0.0,True,NA,False,False,False,True
learning_curve|Waterbirds|seed=7|fraction=0.5|gamma=1|tau=0.05|lambda=0.6,learning_curve,Waterbirds,7,0.5,598,1.0,0.05,0.6,external_balanced_oracle,False,,,0.0,True,NA,False,False,False,True
learning_curve|Waterbirds|seed=7|fraction=0.5|gamma=1|tau=0.05|lambda=0.7,learning_curve,Waterbirds,7,0.5,598,1.0,0.05,0.7,always_deploy_balanced,True,INLP::rank=8,INLP,0.0,True,False,True,False,False,True
learning_curve|Waterbirds|seed=7|fraction=0.5|gamma=1|tau=0.05|lambda=0.7,learning_curve,Waterbirds,7,0.5,598,1.0,0.05,0.7,point_selection_balanced,False,,,0.0,True,NA,False,False,False,True
learning_curve|Waterbirds|seed=7|fraction=0.5|gamma=1|tau=0.05|lambda=0.7,learning_curve,Waterbirds,7,0.5,598,1.0,0.05,0.7,vera_balanced_iut,False,,,0.0,True,NA,False,False,False,True
learning_curve|Waterbirds|seed=7|fraction=0.5|gamma=1|tau=0.05|lambda=0.7,learning_curve,Waterbirds,7,0.5,598,1.0,0.05,0.7,vera_balanced_envelope,False,,,0.0,True,NA,False,False,False,True
learning_curve|Waterbirds|seed=7|fraction=0.5|gamma=1|tau=0.05|lambda=0.7,learning_curve,Waterbirds,7,0.5,598,1.0,0.05,0.7,external_balanced_oracle,False,,,0.0,True,NA,False,False,False,True
learning_curve|Waterbirds|seed=7|fraction=0.5|gamma=1|tau=0.05|lambda=0.8,learning_curve,Waterbirds,7,0.5,598,1.0,0.05,0.8,always_deploy_balanced,True,INLP::rank=8,INLP,0.0,True,False,True,False,False,True
learning_curve|Waterbirds|seed=7|fraction=0.5|gamma=1|tau=0.05|lambda=0.8,learning_curve,Waterbirds,7,0.5,598,1.0,0.05,0.8,point_selection_balanced,True,INLP::rank=2,INLP,0.0,True,True,False,False,False,True
learning_curve|Waterbirds|seed=7|fraction=0.5|gamma=1|tau=0.05|lambda=0.8,learning_curve,Waterbirds,7,0.5,598,1.0,0.05,0.8,vera_balanced_iut,False,,,0.0,True,NA,False,False,False,True
learning_curve|Waterbirds|seed=7|fraction=0.5|gamma=1|tau=0.05|lambda=0.8,learning_curve,Waterbirds,7,0.5,598,1.0,0.05,0.8,vera_balanced_envelope,False,,,0.0,True,NA,False,False,False,True
learning_curve|Waterbirds|seed=7|fraction=0.5|gamma=1|tau=0.05|lambda=0.8,learning_curve,Waterbirds,7,0.5,598,1.0,0.05,0.8,external_balanced_oracle,True,INLP::rank=2,INLP,0.0,True,True,False,False,False,True
learning_curve|Waterbirds|seed=7|fraction=0.5|gamma=1|tau=0.1|lambda=0.6,learning_curve,Waterbirds,7,0.5,598,1.0,0.1,0.6,always_deploy_balanced,True,INLP::rank=8,INLP,0.0,True,False,True,False,False,True
learning_curve|Waterbirds|seed=7|fraction=0.5|gamma=1|tau=0.1|lambda=0.6,learning_curve,Waterbirds,7,0.5,598,1.0,0.1,0.6,point_selection_balanced,False,,,0.0,True,NA,False,False,False,True
learning_curve|Waterbirds|seed=7|fraction=0.5|gamma=1|tau=0.1|lambda=0.6,learning_curve,Waterbirds,7,0.5,598,1.0,0.1,0.6,vera_balanced_iut,False,,,0.0,True,NA,False,False,False,True
learning_curve|Waterbirds|seed=7|fraction=0.5|gamma=1|tau=0.1|lambda=0.6,learning_curve,Waterbirds,7,0.5,598,1.0,0.1,0.6,vera_balanced_envelope,False,,,0.0,True,NA,False,False,False,True
learning_curve|Waterbirds|seed=7|fraction=0.5|gamma=1|tau=0.1|lambda=0.6,learning_curve,Waterbirds,7,0.5,598,1.0,0.1,0.6,external_balanced_oracle,False,,,0.0,True,NA,False,False,False,True
learning_curve|Waterbirds|seed=7|fraction=0.5|gamma=1|tau=0.1|lambda=0.7,learning_curve,Waterbirds,7,0.5,598,1.0,0.1,0.7,always_deploy_balanced,True,INLP::rank=8,INLP,0.0,True,False,True,False,False,True
learning_curve|Waterbirds|seed=7|fraction=0.5|gamma=1|tau=0.1|lambda=0.7,learning_curve,Waterbirds,7,0.5,598,1.0,0.1,0.7,point_selection_balanced,True,INLP::rank=4,INLP,0.0,True,True,False,False,False,True
learning_curve|Waterbirds|seed=7|fraction=0.5|gamma=1|tau=0.1|lambda=0.7,learning_curve,Waterbirds,7,0.5,598,1.0,0.1,0.7,vera_balanced_iut,False,,,0.0,True,NA,False,False,False,True
learning_curve|Waterbirds|seed=7|fraction=0.5|gamma=1|tau=0.1|lambda=0.7,learning_curve,Waterbirds,7,0.5,598,1.0,0.1,0.7,vera_balanced_envelope,False,,,0.0,True,NA,False,False,False,True
learning_curve|Waterbirds|seed=7|fraction=0.5|gamma=1|tau=0.1|lambda=0.7,learning_curve,Waterbirds,7,0.5,598,1.0,0.1,0.7,external_balanced_oracle,True,INLP::rank=4,INLP,0.0,True,True,False,False,False,True
learning_curve|Waterbirds|seed=7|fraction=0.5|gamma=1|tau=0.1|lambda=0.8,learning_curve,Waterbirds,7,0.5,598,1.0,0.1,0.8,always_deploy_balanced,True,INLP::rank=8,INLP,0.0,True,False,True,False,False,True
learning_curve|Waterbirds|seed=7|fraction=0.5|gamma=1|tau=0.1|lambda=0.8,learning_curve,Waterbirds,7,0.5,598,1.0,0.1,0.8,point_selection_balanced,True,INLP::rank=4,INLP,0.0,True,True,False,False,False,True
learning_curve|Waterbirds|seed=7|fraction=0.5|gamma=1|tau=0.1|lambda=0.8,learning_curve,Waterbirds,7,0.5,598,1.0,0.1,0.8,vera_balanced_iut,False,,,0.0,True,NA,False,False,False,True
learning_curve|Waterbirds|seed=7|fraction=0.5|gamma=1|tau=0.1|lambda=0.8,learning_curve,Waterbirds,7,0.5,598,1.0,0.1,0.8,vera_balanced_envelope,False,,,0.0,True,NA,False,False,False,True
learning_curve|Waterbirds|seed=7|fraction=0.5|gamma=1|tau=0.1|lambda=0.8,learning_curve,Waterbirds,7,0.5,598,1.0,0.1,0.8,external_balanced_oracle,True,INLP::rank=4,INLP,0.0,True,True,False,False,False,True
learning_curve|Waterbirds|seed=7|fraction=0.5|gamma=1|tau=0.2|lambda=0.6,learning_curve,Waterbirds,7,0.5,598,1.0,0.2,0.6,always_deploy_balanced,True,INLP::rank=8,INLP,0.0,True,False,True,False,False,True
learning_curve|Waterbirds|seed=7|fraction=0.5|gamma=1|tau=0.2|lambda=0.6,learning_curve,Waterbirds,7,0.5,598,1.0,0.2,0.6,point_selection_balanced,False,,,0.0,True,NA,False,False,False,True
learning_curve|Waterbirds|seed=7|fraction=0.5|gamma=1|tau=0.2|lambda=0.6,learning_curve,Waterbirds,7,0.5,598,1.0,0.2,0.6,vera_balanced_iut,False,,,0.0,True,NA,False,False,False,True
learning_curve|Waterbirds|seed=7|fraction=0.5|gamma=1|tau=0.2|lambda=0.6,learning_curve,Waterbirds,7,0.5,598,1.0,0.2,0.6,vera_balanced_envelope,False,,,0.0,True,NA,False,False,False,True
learning_curve|Waterbirds|seed=7|fraction=0.5|gamma=1|tau=0.2|lambda=0.6,learning_curve,Waterbirds,7,0.5,598,1.0,0.2,0.6,external_balanced_oracle,False,,,0.0,True,NA,False,False,False,True
learning_curve|Waterbirds|seed=7|fraction=0.5|gamma=1|tau=0.2|lambda=0.7,learning_curve,Waterbirds,7,0.5,598,1.0,0.2,0.7,always_deploy_balanced,True,INLP::rank=8,INLP,0.0,True,True,False,False,False,True
learning_curve|Waterbirds|seed=7|fraction=0.5|gamma=1|tau=0.2|lambda=0.7,learning_curve,Waterbirds,7,0.5,598,1.0,0.2,0.7,point_selection_balanced,True,INLP::rank=8,INLP,0.0,True,True,False,False,False,True
learning_curve|Waterbirds|seed=7|fraction=0.5|gamma=1|tau=0.2|lambda=0.7,learning_curve,Waterbirds,7,0.5,598,1.0,0.2,0.7,vera_balanced_iut,False,,,0.0,True,NA,False,False,False,True
learning_curve|Waterbirds|seed=7|fraction=0.5|gamma=1|tau=0.2|lambda=0.7,learning_curve,Waterbirds,7,0.5,598,1.0,0.2,0.7,vera_balanced_envelope,False,,,0.0,True,NA,False,False,False,True
learning_curve|Waterbirds|seed=7|fraction=0.5|gamma=1|tau=0.2|lambda=0.7,learning_curve,Waterbirds,7,0.5,598,1.0,0.2,0.7,external_balanced_oracle,True,INLP::rank=8,INLP,0.0,True,True,False,False,False,True
learning_curve|Waterbirds|seed=7|fraction=0.5|gamma=1|tau=0.2|lambda=0.8,learning_curve,Waterbirds,7,0.5,598,1.0,0.2,0.8,always_deploy_balanced,True,INLP::rank=8,INLP,0.0,True,True,False,False,False,True
learning_curve|Waterbirds|seed=7|fraction=0.5|gamma=1|tau=0.2|lambda=0.8,learning_curve,Waterbirds,7,0.5,598,1.0,0.2,0.8,point_selection_balanced,True,INLP::rank=8,INLP,0.0,True,True,False,False,False,True
learning_curve|Waterbirds|seed=7|fraction=0.5|gamma=1|tau=0.2|lambda=0.8,learning_curve,Waterbirds,7,0.5,598,1.0,0.2,0.8,vera_balanced_iut,True,INLP::rank=4,INLP,0.0,True,True,False,False,False,True
learning_curve|Waterbirds|seed=7|fraction=0.5|gamma=1|tau=0.2|lambda=0.8,learning_curve,Waterbirds,7,0.5,598,1.0,0.2,0.8,vera_balanced_envelope,True,INLP::rank=2,INLP,1.0088119506835938,True,True,False,False,False,True
learning_curve|Waterbirds|seed=7|fraction=0.5|gamma=1|tau=0.2|lambda=0.8,learning_curve,Waterbirds,7,0.5,598,1.0,0.2,0.8,external_balanced_oracle,True,INLP::rank=8,INLP,0.0,True,True,False,False,False,True
primary|Waterbirds|seed=7|fraction=1|gamma=1|tau=0.05|lambda=0.6,primary,Waterbirds,7,1.0,1199,1.0,0.05,0.6,always_deploy_balanced,True,INLP::rank=8,INLP,0.0,True,False,True,False,False,True
primary|Waterbirds|seed=7|fraction=1|gamma=1|tau=0.05|lambda=0.6,primary,Waterbirds,7,1.0,1199,1.0,0.05,0.6,point_selection_balanced,False,,,0.0,True,NA,False,False,False,True
primary|Waterbirds|seed=7|fraction=1|gamma=1|tau=0.05|lambda=0.6,primary,Waterbirds,7,1.0,1199,1.0,0.05,0.6,vera_balanced_iut,False,,,0.0,True,NA,False,False,False,True
primary|Waterbirds|seed=7|fraction=1|gamma=1|tau=0.05|lambda=0.6,primary,Waterbirds,7,1.0,1199,1.0,0.05,0.6,vera_balanced_envelope,False,,,0.0,True,NA,False,False,False,True
primary|Waterbirds|seed=7|fraction=1|gamma=1|tau=0.05|lambda=0.6,primary,Waterbirds,7,1.0,1199,1.0,0.05,0.6,external_balanced_oracle,False,,,0.0,True,NA,False,False,False,True
primary|Waterbirds|seed=7|fraction=1|gamma=1|tau=0.05|lambda=0.7,primary,Waterbirds,7,1.0,1199,1.0,0.05,0.7,always_deploy_balanced,True,INLP::rank=8,INLP,0.0,True,False,True,False,False,True
primary|Waterbirds|seed=7|fraction=1|gamma=1|tau=0.05|lambda=0.7,primary,Waterbirds,7,1.0,1199,1.0,0.05,0.7,point_selection_balanced,False,,,0.0,True,NA,False,False,False,True
primary|Waterbirds|seed=7|fraction=1|gamma=1|tau=0.05|lambda=0.7,primary,Waterbirds,7,1.0,1199,1.0,0.05,0.7,vera_balanced_iut,False,,,0.0,True,NA,False,False,False,True
primary|Waterbirds|seed=7|fraction=1|gamma=1|tau=0.05|lambda=0.7,primary,Waterbirds,7,1.0,1199,1.0,0.05,0.7,vera_balanced_envelope,False,,,0.0,True,NA,False,False,False,True
primary|Waterbirds|seed=7|fraction=1|gamma=1|tau=0.05|lambda=0.7,primary,Waterbirds,7,1.0,1199,1.0,0.05,0.7,external_balanced_oracle,False,,,0.0,True,NA,False,False,False,True
primary|Waterbirds|seed=7|fraction=1|gamma=1|tau=0.05|lambda=0.8,primary,Waterbirds,7,1.0,1199,1.0,0.05,0.8,always_deploy_balanced,True,INLP::rank=8,INLP,0.0,True,False,True,False,False,True
primary|Waterbirds|seed=7|fraction=1|gamma=1|tau=0.05|lambda=0.8,primary,Waterbirds,7,1.0,1199,1.0,0.05,0.8,point_selection_balanced,True,INLP::rank=2,INLP,0.0,True,True,False,False,False,True
primary|Waterbirds|seed=7|fraction=1|gamma=1|tau=0.05|lambda=0.8,primary,Waterbirds,7,1.0,1199,1.0,0.05,0.8,vera_balanced_iut,False,,,0.0,True,NA,False,False,False,True
primary|Waterbirds|seed=7|fraction=1|gamma=1|tau=0.05|lambda=0.8,primary,Waterbirds,7,1.0,1199,1.0,0.05,0.8,vera_balanced_envelope,False,,,0.0,True,NA,False,False,False,True
primary|Waterbirds|seed=7|fraction=1|gamma=1|tau=0.05|lambda=0.8,primary,Waterbirds,7,1.0,1199,1.0,0.05,0.8,external_balanced_oracle,True,INLP::rank=2,INLP,0.0,True,True,False,False,False,True
primary|Waterbirds|seed=7|fraction=1|gamma=1|tau=0.1|lambda=0.6,primary,Waterbirds,7,1.0,1199,1.0,0.1,0.6,always_deploy_balanced,True,INLP::rank=8,INLP,0.0,True,False,True,False,False,True
primary|Waterbirds|seed=7|fraction=1|gamma=1|tau=0.1|lambda=0.6,primary,Waterbirds,7,1.0,1199,1.0,0.1,0.6,point_selection_balanced,False,,,0.0,True,NA,False,False,False,True
primary|Waterbirds|seed=7|fraction=1|gamma=1|tau=0.1|lambda=0.6,primary,Waterbirds,7,1.0,1199,1.0,0.1,0.6,vera_balanced_iut,False,,,0.0,True,NA,False,False,False,True
primary|Waterbirds|seed=7|fraction=1|gamma=1|tau=0.1|lambda=0.6,primary,Waterbirds,7,1.0,1199,1.0,0.1,0.6,vera_balanced_envelope,False,,,0.0,True,NA,False,False,False,True
primary|Waterbirds|seed=7|fraction=1|gamma=1|tau=0.1|lambda=0.6,primary,Waterbirds,7,1.0,1199,1.0,0.1,0.6,external_balanced_oracle,False,,,0.0,True,NA,False,False,False,True
primary|Waterbirds|seed=7|fraction=1|gamma=1|tau=0.1|lambda=0.7,primary,Waterbirds,7,1.0,1199,1.0,0.1,0.7,always_deploy_balanced,True,INLP::rank=8,INLP,0.0,True,False,True,False,False,True
primary|Waterbirds|seed=7|fraction=1|gamma=1|tau=0.1|lambda=0.7,primary,Waterbirds,7,1.0,1199,1.0,0.1,0.7,point_selection_balanced,True,INLP::rank=4,INLP,0.0,True,True,False,False,False,True
primary|Waterbirds|seed=7|fraction=1|gamma=1|tau=0.1|lambda=0.7,primary,Waterbirds,7,1.0,1199,1.0,0.1,0.7,vera_balanced_iut,False,,,0.0,True,NA,False,False,False,True
primary|Waterbirds|seed=7|fraction=1|gamma=1|tau=0.1|lambda=0.7,primary,Waterbirds,7,1.0,1199,1.0,0.1,0.7,vera_balanced_envelope,False,,,0.0,True,NA,False,False,False,True
primary|Waterbirds|seed=7|fraction=1|gamma=1|tau=0.1|lambda=0.7,primary,Waterbirds,7,1.0,1199,1.0,0.1,0.7,external_balanced_oracle,True,INLP::rank=4,INLP,0.0,True,True,False,False,False,True
primary|Waterbirds|seed=7|fraction=1|gamma=1|tau=0.1|lambda=0.8,primary,Waterbirds,7,1.0,1199,1.0,0.1,0.8,always_deploy_balanced,True,INLP::rank=8,INLP,0.0,True,False,True,False,False,True
primary|Waterbirds|seed=7|fraction=1|gamma=1|tau=0.1|lambda=0.8,primary,Waterbirds,7,1.0,1199,1.0,0.1,0.8,point_selection_balanced,True,INLP::rank=4,INLP,0.0,True,True,False,False,False,True
primary|Waterbirds|seed=7|fraction=1|gamma=1|tau=0.1|lambda=0.8,primary,Waterbirds,7,1.0,1199,1.0,0.1,0.8,vera_balanced_iut,True,INLP::rank=2,INLP,1.0028305053710938,True,True,False,False,False,True
primary|Waterbirds|seed=7|fraction=1|gamma=1|tau=0.1|lambda=0.8,primary,Waterbirds,7,1.0,1199,1.0,0.1,0.8,vera_balanced_envelope,True,INLP::rank=2,INLP,1.0028305053710938,True,True,False,False,False,True
primary|Waterbirds|seed=7|fraction=1|gamma=1|tau=0.1|lambda=0.8,primary,Waterbirds,7,1.0,1199,1.0,0.1,0.8,external_balanced_oracle,True,INLP::rank=4,INLP,0.0,True,True,False,False,False,True
primary|Waterbirds|seed=7|fraction=1|gamma=1|tau=0.2|lambda=0.6,primary,Waterbirds,7,1.0,1199,1.0,0.2,0.6,always_deploy_balanced,True,INLP::rank=8,INLP,0.0,True,False,True,False,False,True
primary|Waterbirds|seed=7|fraction=1|gamma=1|tau=0.2|lambda=0.6,primary,Waterbirds,7,1.0,1199,1.0,0.2,0.6,point_selection_balanced,False,,,0.0,True,NA,False,False,False,True
primary|Waterbirds|seed=7|fraction=1|gamma=1|tau=0.2|lambda=0.6,primary,Waterbirds,7,1.0,1199,1.0,0.2,0.6,vera_balanced_iut,False,,,0.0,True,NA,False,False,False,True
primary|Waterbirds|seed=7|fraction=1|gamma=1|tau=0.2|lambda=0.6,primary,Waterbirds,7,1.0,1199,1.0,0.2,0.6,vera_balanced_envelope,False,,,0.0,True,NA,False,False,False,True
primary|Waterbirds|seed=7|fraction=1|gamma=1|tau=0.2|lambda=0.6,primary,Waterbirds,7,1.0,1199,1.0,0.2,0.6,external_balanced_oracle,False,,,0.0,True,NA,False,False,False,True
primary|Waterbirds|seed=7|fraction=1|gamma=1|tau=0.2|lambda=0.7,primary,Waterbirds,7,1.0,1199,1.0,0.2,0.7,always_deploy_balanced,True,INLP::rank=8,INLP,0.0,True,True,False,False,False,True
primary|Waterbirds|seed=7|fraction=1|gamma=1|tau=0.2|lambda=0.7,primary,Waterbirds,7,1.0,1199,1.0,0.2,0.7,point_selection_balanced,True,INLP::rank=8,INLP,0.0,True,True,False,False,False,True
primary|Waterbirds|seed=7|fraction=1|gamma=1|tau=0.2|lambda=0.7,primary,Waterbirds,7,1.0,1199,1.0,0.2,0.7,vera_balanced_iut,False,,,0.0,True,NA,False,False,False,True
primary|Waterbirds|seed=7|fraction=1|gamma=1|tau=0.2|lambda=0.7,primary,Waterbirds,7,1.0,1199,1.0,0.2,0.7,vera_balanced_envelope,False,,,0.0,True,NA,False,False,False,True
primary|Waterbirds|seed=7|fraction=1|gamma=1|tau=0.2|lambda=0.7,primary,Waterbirds,7,1.0,1199,1.0,0.2,0.7,external_balanced_oracle,True,INLP::rank=8,INLP,0.0,True,True,False,False,False,True
primary|Waterbirds|seed=7|fraction=1|gamma=1|tau=0.2|lambda=0.8,primary,Waterbirds,7,1.0,1199,1.0,0.2,0.8,always_deploy_balanced,True,INLP::rank=8,INLP,0.0,True,True,False,False,False,True
primary|Waterbirds|seed=7|fraction=1|gamma=1|tau=0.2|lambda=0.8,primary,Waterbirds,7,1.0,1199,1.0,0.2,0.8,point_selection_balanced,True,INLP::rank=8,INLP,0.0,True,True,False,False,False,True
primary|Waterbirds|seed=7|fraction=1|gamma=1|tau=0.2|lambda=0.8,primary,Waterbirds,7,1.0,1199,1.0,0.2,0.8,vera_balanced_iut,True,INLP::rank=4,INLP,1.022857666015625,True,True,False,False,False,True
primary|Waterbirds|seed=7|fraction=1|gamma=1|tau=0.2|lambda=0.8,primary,Waterbirds,7,1.0,1199,1.0,0.2,0.8,vera_balanced_envelope,True,INLP::rank=4,INLP,1.022857666015625,True,True,False,False,False,True
primary|Waterbirds|seed=7|fraction=1|gamma=1|tau=0.2|lambda=0.8,primary,Waterbirds,7,1.0,1199,1.0,0.2,0.8,external_balanced_oracle,True,INLP::rank=8,INLP,0.0,True,True,False,False,False,True
shifted_sensitivity|Waterbirds|seed=7|fraction=1|gamma=1.01|tau=0.05|lambda=0.6,shifted_sensitivity,Waterbirds,7,1.0,1199,1.01,0.05,0.6,always_deploy_balanced,True,INLP::rank=8,INLP,0.0,True,False,True,False,False,True
shifted_sensitivity|Waterbirds|seed=7|fraction=1|gamma=1.01|tau=0.05|lambda=0.6,shifted_sensitivity,Waterbirds,7,1.0,1199,1.01,0.05,0.6,point_selection_balanced,False,,,0.0,True,NA,False,False,False,True
shifted_sensitivity|Waterbirds|seed=7|fraction=1|gamma=1.01|tau=0.05|lambda=0.6,shifted_sensitivity,Waterbirds,7,1.0,1199,1.01,0.05,0.6,vera_balanced_iut,False,,,0.0,True,NA,False,False,False,True
shifted_sensitivity|Waterbirds|seed=7|fraction=1|gamma=1.01|tau=0.05|lambda=0.6,shifted_sensitivity,Waterbirds,7,1.0,1199,1.01,0.05,0.6,vera_balanced_envelope,False,,,0.0,True,NA,False,False,False,True
shifted_sensitivity|Waterbirds|seed=7|fraction=1|gamma=1.01|tau=0.05|lambda=0.6,shifted_sensitivity,Waterbirds,7,1.0,1199,1.01,0.05,0.6,external_balanced_oracle,False,,,0.0,True,NA,False,False,False,True
shifted_sensitivity|Waterbirds|seed=7|fraction=1|gamma=1.01|tau=0.05|lambda=0.7,shifted_sensitivity,Waterbirds,7,1.0,1199,1.01,0.05,0.7,always_deploy_balanced,True,INLP::rank=8,INLP,0.0,True,False,True,False,False,True
shifted_sensitivity|Waterbirds|seed=7|fraction=1|gamma=1.01|tau=0.05|lambda=0.7,shifted_sensitivity,Waterbirds,7,1.0,1199,1.01,0.05,0.7,point_selection_balanced,False,,,0.0,True,NA,False,False,False,True
shifted_sensitivity|Waterbirds|seed=7|fraction=1|gamma=1.01|tau=0.05|lambda=0.7,shifted_sensitivity,Waterbirds,7,1.0,1199,1.01,0.05,0.7,vera_balanced_iut,False,,,0.0,True,NA,False,False,False,True
shifted_sensitivity|Waterbirds|seed=7|fraction=1|gamma=1.01|tau=0.05|lambda=0.7,shifted_sensitivity,Waterbirds,7,1.0,1199,1.01,0.05,0.7,vera_balanced_envelope,False,,,0.0,True,NA,False,False,False,True
shifted_sensitivity|Waterbirds|seed=7|fraction=1|gamma=1.01|tau=0.05|lambda=0.7,shifted_sensitivity,Waterbirds,7,1.0,1199,1.01,0.05,0.7,external_balanced_oracle,False,,,0.0,True,NA,False,False,False,True
shifted_sensitivity|Waterbirds|seed=7|fraction=1|gamma=1.01|tau=0.05|lambda=0.8,shifted_sensitivity,Waterbirds,7,1.0,1199,1.01,0.05,0.8,always_deploy_balanced,True,INLP::rank=8,INLP,0.0,True,False,True,False,False,True
shifted_sensitivity|Waterbirds|seed=7|fraction=1|gamma=1.01|tau=0.05|lambda=0.8,shifted_sensitivity,Waterbirds,7,1.0,1199,1.01,0.05,0.8,point_selection_balanced,True,INLP::rank=2,INLP,0.0,True,True,False,False,False,True
shifted_sensitivity|Waterbirds|seed=7|fraction=1|gamma=1.01|tau=0.05|lambda=0.8,shifted_sensitivity,Waterbirds,7,1.0,1199,1.01,0.05,0.8,vera_balanced_iut,False,,,0.0,True,NA,False,False,False,True
shifted_sensitivity|Waterbirds|seed=7|fraction=1|gamma=1.01|tau=0.05|lambda=0.8,shifted_sensitivity,Waterbirds,7,1.0,1199,1.01,0.05,0.8,vera_balanced_envelope,False,,,0.0,True,NA,False,False,False,True
shifted_sensitivity|Waterbirds|seed=7|fraction=1|gamma=1.01|tau=0.05|lambda=0.8,shifted_sensitivity,Waterbirds,7,1.0,1199,1.01,0.05,0.8,external_balanced_oracle,True,INLP::rank=2,INLP,0.0,True,True,False,False,False,True
shifted_sensitivity|Waterbirds|seed=7|fraction=1|gamma=1.01|tau=0.1|lambda=0.6,shifted_sensitivity,Waterbirds,7,1.0,1199,1.01,0.1,0.6,always_deploy_balanced,True,INLP::rank=8,INLP,0.0,True,False,True,False,False,True
shifted_sensitivity|Waterbirds|seed=7|fraction=1|gamma=1.01|tau=0.1|lambda=0.6,shifted_sensitivity,Waterbirds,7,1.0,1199,1.01,0.1,0.6,point_selection_balanced,False,,,0.0,True,NA,False,False,False,True
shifted_sensitivity|Waterbirds|seed=7|fraction=1|gamma=1.01|tau=0.1|lambda=0.6,shifted_sensitivity,Waterbirds,7,1.0,1199,1.01,0.1,0.6,vera_balanced_iut,False,,,0.0,True,NA,False,False,False,True
shifted_sensitivity|Waterbirds|seed=7|fraction=1|gamma=1.01|tau=0.1|lambda=0.6,shifted_sensitivity,Waterbirds,7,1.0,1199,1.01,0.1,0.6,vera_balanced_envelope,False,,,0.0,True,NA,False,False,False,True
shifted_sensitivity|Waterbirds|seed=7|fraction=1|gamma=1.01|tau=0.1|lambda=0.6,shifted_sensitivity,Waterbirds,7,1.0,1199,1.01,0.1,0.6,external_balanced_oracle,False,,,0.0,True,NA,False,False,False,True
shifted_sensitivity|Waterbirds|seed=7|fraction=1|gamma=1.01|tau=0.1|lambda=0.7,shifted_sensitivity,Waterbirds,7,1.0,1199,1.01,0.1,0.7,always_deploy_balanced,True,INLP::rank=8,INLP,0.0,True,False,True,False,False,True
shifted_sensitivity|Waterbirds|seed=7|fraction=1|gamma=1.01|tau=0.1|lambda=0.7,shifted_sensitivity,Waterbirds,7,1.0,1199,1.01,0.1,0.7,point_selection_balanced,True,INLP::rank=4,INLP,0.0,True,True,False,False,False,True
shifted_sensitivity|Waterbirds|seed=7|fraction=1|gamma=1.01|tau=0.1|lambda=0.7,shifted_sensitivity,Waterbirds,7,1.0,1199,1.01,0.1,0.7,vera_balanced_iut,False,,,0.0,True,NA,False,False,False,True
shifted_sensitivity|Waterbirds|seed=7|fraction=1|gamma=1.01|tau=0.1|lambda=0.7,shifted_sensitivity,Waterbirds,7,1.0,1199,1.01,0.1,0.7,vera_balanced_envelope,False,,,0.0,True,NA,False,False,False,True
shifted_sensitivity|Waterbirds|seed=7|fraction=1|gamma=1.01|tau=0.1|lambda=0.7,shifted_sensitivity,Waterbirds,7,1.0,1199,1.01,0.1,0.7,external_balanced_oracle,True,INLP::rank=4,INLP,0.0,True,True,False,False,False,True
shifted_sensitivity|Waterbirds|seed=7|fraction=1|gamma=1.01|tau=0.1|lambda=0.8,shifted_sensitivity,Waterbirds,7,1.0,1199,1.01,0.1,0.8,always_deploy_balanced,True,INLP::rank=8,INLP,0.0,True,False,True,False,False,True
shifted_sensitivity|Waterbirds|seed=7|fraction=1|gamma=1.01|tau=0.1|lambda=0.8,shifted_sensitivity,Waterbirds,7,1.0,1199,1.01,0.1,0.8,point_selection_balanced,True,INLP::rank=4,INLP,0.0,True,True,False,False,False,True
shifted_sensitivity|Waterbirds|seed=7|fraction=1|gamma=1.01|tau=0.1|lambda=0.8,shifted_sensitivity,Waterbirds,7,1.0,1199,1.01,0.1,0.8,vera_balanced_iut,True,INLP::rank=2,INLP,1.0028305053710938,True,True,False,False,False,True
shifted_sensitivity|Waterbirds|seed=7|fraction=1|gamma=1.01|tau=0.1|lambda=0.8,shifted_sensitivity,Waterbirds,7,1.0,1199,1.01,0.1,0.8,vera_balanced_envelope,False,,,0.0,True,NA,False,False,False,True
shifted_sensitivity|Waterbirds|seed=7|fraction=1|gamma=1.01|tau=0.1|lambda=0.8,shifted_sensitivity,Waterbirds,7,1.0,1199,1.01,0.1,0.8,external_balanced_oracle,True,INLP::rank=4,INLP,0.0,True,True,False,False,False,True
shifted_sensitivity|Waterbirds|seed=7|fraction=1|gamma=1.01|tau=0.2|lambda=0.6,shifted_sensitivity,Waterbirds,7,1.0,1199,1.01,0.2,0.6,always_deploy_balanced,True,INLP::rank=8,INLP,0.0,True,False,True,False,False,True
shifted_sensitivity|Waterbirds|seed=7|fraction=1|gamma=1.01|tau=0.2|lambda=0.6,shifted_sensitivity,Waterbirds,7,1.0,1199,1.01,0.2,0.6,point_selection_balanced,False,,,0.0,True,NA,False,False,False,True
shifted_sensitivity|Waterbirds|seed=7|fraction=1|gamma=1.01|tau=0.2|lambda=0.6,shifted_sensitivity,Waterbirds,7,1.0,1199,1.01,0.2,0.6,vera_balanced_iut,False,,,0.0,True,NA,False,False,False,True
shifted_sensitivity|Waterbirds|seed=7|fraction=1|gamma=1.01|tau=0.2|lambda=0.6,shifted_sensitivity,Waterbirds,7,1.0,1199,1.01,0.2,0.6,vera_balanced_envelope,False,,,0.0,True,NA,False,False,False,True
shifted_sensitivity|Waterbirds|seed=7|fraction=1|gamma=1.01|tau=0.2|lambda=0.6,shifted_sensitivity,Waterbirds,7,1.0,1199,1.01,0.2,0.6,external_balanced_oracle,False,,,0.0,True,NA,False,False,False,True
shifted_sensitivity|Waterbirds|seed=7|fraction=1|gamma=1.01|tau=0.2|lambda=0.7,shifted_sensitivity,Waterbirds,7,1.0,1199,1.01,0.2,0.7,always_deploy_balanced,True,INLP::rank=8,INLP,0.0,True,True,False,False,False,True
shifted_sensitivity|Waterbirds|seed=7|fraction=1|gamma=1.01|tau=0.2|lambda=0.7,shifted_sensitivity,Waterbirds,7,1.0,1199,1.01,0.2,0.7,point_selection_balanced,True,INLP::rank=8,INLP,0.0,True,True,False,False,False,True
shifted_sensitivity|Waterbirds|seed=7|fraction=1|gamma=1.01|tau=0.2|lambda=0.7,shifted_sensitivity,Waterbirds,7,1.0,1199,1.01,0.2,0.7,vera_balanced_iut,False,,,0.0,True,NA,False,False,False,True
shifted_sensitivity|Waterbirds|seed=7|fraction=1|gamma=1.01|tau=0.2|lambda=0.7,shifted_sensitivity,Waterbirds,7,1.0,1199,1.01,0.2,0.7,vera_balanced_envelope,False,,,0.0,True,NA,False,False,False,True
shifted_sensitivity|Waterbirds|seed=7|fraction=1|gamma=1.01|tau=0.2|lambda=0.7,shifted_sensitivity,Waterbirds,7,1.0,1199,1.01,0.2,0.7,external_balanced_oracle,True,INLP::rank=8,INLP,0.0,True,True,False,False,False,True
shifted_sensitivity|Waterbirds|seed=7|fraction=1|gamma=1.01|tau=0.2|lambda=0.8,shifted_sensitivity,Waterbirds,7,1.0,1199,1.01,0.2,0.8,always_deploy_balanced,True,INLP::rank=8,INLP,0.0,True,True,False,False,False,True
shifted_sensitivity|Waterbirds|seed=7|fraction=1|gamma=1.01|tau=0.2|lambda=0.8,shifted_sensitivity,Waterbirds,7,1.0,1199,1.01,0.2,0.8,point_selection_balanced,True,INLP::rank=8,INLP,0.0,True,True,False,False,False,True
shifted_sensitivity|Waterbirds|seed=7|fraction=1|gamma=1.01|tau=0.2|lambda=0.8,shifted_sensitivity,Waterbirds,7,1.0,1199,1.01,0.2,0.8,vera_balanced_iut,True,INLP::rank=4,INLP,1.022857666015625,True,True,False,False,False,True
shifted_sensitivity|Waterbirds|seed=7|fraction=1|gamma=1.01|tau=0.2|lambda=0.8,shifted_sensitivity,Waterbirds,7,1.0,1199,1.01,0.2,0.8,vera_balanced_envelope,True,INLP::rank=4,INLP,1.022857666015625,True,True,False,False,False,True
shifted_sensitivity|Waterbirds|seed=7|fraction=1|gamma=1.01|tau=0.2|lambda=0.8,shifted_sensitivity,Waterbirds,7,1.0,1199,1.01,0.2,0.8,external_balanced_oracle,True,INLP::rank=8,INLP,0.0,True,True,False,False,False,True
learning_curve|Waterbirds|seed=8|fraction=0.05|gamma=1|tau=0.05|lambda=0.6,learning_curve,Waterbirds,8,0.05,58,1.0,0.05,0.6,always_deploy_balanced,True,INLP::rank=8,INLP,0.0,True,False,True,False,False,True
learning_curve|Waterbirds|seed=8|fraction=0.05|gamma=1|tau=0.05|lambda=0.6,learning_curve,Waterbirds,8,0.05,58,1.0,0.05,0.6,point_selection_balanced,False,,,0.0,True,NA,False,False,False,True
learning_curve|Waterbirds|seed=8|fraction=0.05|gamma=1|tau=0.05|lambda=0.6,learning_curve,Waterbirds,8,0.05,58,1.0,0.05,0.6,vera_balanced_iut,False,,,0.0,True,NA,False,False,False,True
learning_curve|Waterbirds|seed=8|fraction=0.05|gamma=1|tau=0.05|lambda=0.6,learning_curve,Waterbirds,8,0.05,58,1.0,0.05,0.6,vera_balanced_envelope,False,,,0.0,True,NA,False,False,False,True
learning_curve|Waterbirds|seed=8|fraction=0.05|gamma=1|tau=0.05|lambda=0.6,learning_curve,Waterbirds,8,0.05,58,1.0,0.05,0.6,external_balanced_oracle,False,,,0.0,True,NA,False,False,False,True
learning_curve|Waterbirds|seed=8|fraction=0.05|gamma=1|tau=0.05|lambda=0.7,learning_curve,Waterbirds,8,0.05,58,1.0,0.05,0.7,always_deploy_balanced,True,INLP::rank=8,INLP,0.0,True,False,True,False,False,True
learning_curve|Waterbirds|seed=8|fraction=0.05|gamma=1|tau=0.05|lambda=0.7,learning_curve,Waterbirds,8,0.05,58,1.0,0.05,0.7,point_selection_balanced,False,,,0.0,True,NA,False,False,False,True
learning_curve|Waterbirds|seed=8|fraction=0.05|gamma=1|tau=0.05|lambda=0.7,learning_curve,Waterbirds,8,0.05,58,1.0,0.05,0.7,vera_balanced_iut,False,,,0.0,True,NA,False,False,False,True
learning_curve|Waterbirds|seed=8|fraction=0.05|gamma=1|tau=0.05|lambda=0.7,learning_curve,Waterbirds,8,0.05,58,1.0,0.05,0.7,vera_balanced_envelope,False,,,0.0,True,NA,False,False,False,True
learning_curve|Waterbirds|seed=8|fraction=0.05|gamma=1|tau=0.05|lambda=0.7,learning_curve,Waterbirds,8,0.05,58,1.0,0.05,0.7,external_balanced_oracle,False,,,0.0,True,NA,False,False,False,True
learning_curve|Waterbirds|seed=8|fraction=0.05|gamma=1|tau=0.05|lambda=0.8,learning_curve,Waterbirds,8,0.05,58,1.0,0.05,0.8,always_deploy_balanced,True,INLP::rank=8,INLP,0.0,True,False,True,False,False,True
learning_curve|Waterbirds|seed=8|fraction=0.05|gamma=1|tau=0.05|lambda=0.8,learning_curve,Waterbirds,8,0.05,58,1.0,0.05,0.8,point_selection_balanced,False,,,0.0,True,NA,False,False,False,True
learning_curve|Waterbirds|seed=8|fraction=0.05|gamma=1|tau=0.05|lambda=0.8,learning_curve,Waterbirds,8,0.05,58,1.0,0.05,0.8,vera_balanced_iut,False,,,0.0,True,NA,False,False,False,True
learning_curve|Waterbirds|seed=8|fraction=0.05|gamma=1|tau=0.05|lambda=0.8,learning_curve,Waterbirds,8,0.05,58,1.0,0.05,0.8,vera_balanced_envelope,False,,,0.0,True,NA,False,False,False,True
learning_curve|Waterbirds|seed=8|fraction=0.05|gamma=1|tau=0.05|lambda=0.8,learning_curve,Waterbirds,8,0.05,58,1.0,0.05,0.8,external_balanced_oracle,True,INLP::rank=2,INLP,0.0,True,True,False,False,False,True
learning_curve|Waterbirds|seed=8|fraction=0.05|gamma=1|tau=0.1|lambda=0.6,learning_curve,Waterbirds,8,0.05,58,1.0,0.1,0.6,always_deploy_balanced,True,INLP::rank=8,INLP,0.0,True,False,True,False,False,True
learning_curve|Waterbirds|seed=8|fraction=0.05|gamma=1|tau=0.1|lambda=0.6,learning_curve,Waterbirds,8,0.05,58,1.0,0.1,0.6,point_selection_balanced,False,,,0.0,True,NA,False,False,False,True
learning_curve|Waterbirds|seed=8|fraction=0.05|gamma=1|tau=0.1|lambda=0.6,learning_curve,Waterbirds,8,0.05,58,1.0,0.1,0.6,vera_balanced_iut,False,,,0.0,True,NA,False,False,False,True
learning_curve|Waterbirds|seed=8|fraction=0.05|gamma=1|tau=0.1|lambda=0.6,learning_curve,Waterbirds,8,0.05,58,1.0,0.1,0.6,vera_balanced_envelope,False,,,0.0,True,NA,False,False,False,True
learning_curve|Waterbirds|seed=8|fraction=0.05|gamma=1|tau=0.1|lambda=0.6,learning_curve,Waterbirds,8,0.05,58,1.0,0.1,0.6,external_balanced_oracle,False,,,0.0,True,NA,False,False,False,True
learning_curve|Waterbirds|seed=8|fraction=0.05|gamma=1|tau=0.1|lambda=0.7,learning_curve,Waterbirds,8,0.05,58,1.0,0.1,0.7,always_deploy_balanced,True,INLP::rank=8,INLP,0.0,True,False,True,False,False,True
learning_curve|Waterbirds|seed=8|fraction=0.05|gamma=1|tau=0.1|lambda=0.7,learning_curve,Waterbirds,8,0.05,58,1.0,0.1,0.7,point_selection_balanced,False,,,0.0,True,NA,False,False,False,True
learning_curve|Waterbirds|seed=8|fraction=0.05|gamma=1|tau=0.1|lambda=0.7,learning_curve,Waterbirds,8,0.05,58,1.0,0.1,0.7,vera_balanced_iut,False,,,0.0,True,NA,False,False,False,True
learning_curve|Waterbirds|seed=8|fraction=0.05|gamma=1|tau=0.1|lambda=0.7,learning_curve,Waterbirds,8,0.05,58,1.0,0.1,0.7,vera_balanced_envelope,False,,,0.0,True,NA,False,False,False,True
learning_curve|Waterbirds|seed=8|fraction=0.05|gamma=1|tau=0.1|lambda=0.7,learning_curve,Waterbirds,8,0.05,58,1.0,0.1,0.7,external_balanced_oracle,True,INLP::rank=4,INLP,0.0,True,True,False,False,False,True
learning_curve|Waterbirds|seed=8|fraction=0.05|gamma=1|tau=0.1|lambda=0.8,learning_curve,Waterbirds,8,0.05,58,1.0,0.1,0.8,always_deploy_balanced,True,INLP::rank=8,INLP,0.0,True,False,True,False,False,True
learning_curve|Waterbirds|seed=8|fraction=0.05|gamma=1|tau=0.1|lambda=0.8,learning_curve,Waterbirds,8,0.05,58,1.0,0.1,0.8,point_selection_balanced,True,INLP::rank=8,INLP,0.0,True,False,True,False,False,True
learning_curve|Waterbirds|seed=8|fraction=0.05|gamma=1|tau=0.1|lambda=0.8,learning_curve,Waterbirds,8,0.05,58,1.0,0.1,0.8,vera_balanced_iut,False,,,0.0,True,NA,False,False,False,True
learning_curve|Waterbirds|seed=8|fraction=0.05|gamma=1|tau=0.1|lambda=0.8,learning_curve,Waterbirds,8,0.05,58,1.0,0.1,0.8,vera_balanced_envelope,False,,,0.0,True,NA,False,False,False,True
learning_curve|Waterbirds|seed=8|fraction=0.05|gamma=1|tau=0.1|lambda=0.8,learning_curve,Waterbirds,8,0.05,58,1.0,0.1,0.8,external_balanced_oracle,True,INLP::rank=4,INLP,0.0,True,True,False,False,False,True
learning_curve|Waterbirds|seed=8|fraction=0.05|gamma=1|tau=0.2|lambda=0.6,learning_curve,Waterbirds,8,0.05,58,1.0,0.2,0.6,always_deploy_balanced,True,INLP::rank=8,INLP,0.0,True,False,True,False,False,True
learning_curve|Waterbirds|seed=8|fraction=0.05|gamma=1|tau=0.2|lambda=0.6,learning_curve,Waterbirds,8,0.05,58,1.0,0.2,0.6,point_selection_balanced,False,,,0.0,True,NA,False,False,False,True
learning_curve|Waterbirds|seed=8|fraction=0.05|gamma=1|tau=0.2|lambda=0.6,learning_curve,Waterbirds,8,0.05,58,1.0,0.2,0.6,vera_balanced_iut,False,,,0.0,True,NA,False,False,False,True
learning_curve|Waterbirds|seed=8|fraction=0.05|gamma=1|tau=0.2|lambda=0.6,learning_curve,Waterbirds,8,0.05,58,1.0,0.2,0.6,vera_balanced_envelope,False,,,0.0,True,NA,False,False,False,True
learning_curve|Waterbirds|seed=8|fraction=0.05|gamma=1|tau=0.2|lambda=0.6,learning_curve,Waterbirds,8,0.05,58,1.0,0.2,0.6,external_balanced_oracle,False,,,0.0,True,NA,False,False,False,True
learning_curve|Waterbirds|seed=8|fraction=0.05|gamma=1|tau=0.2|lambda=0.7,learning_curve,Waterbirds,8,0.05,58,1.0,0.2,0.7,always_deploy_balanced,True,INLP::rank=8,INLP,0.0,True,False,True,False,False,True
learning_curve|Waterbirds|seed=8|fraction=0.05|gamma=1|tau=0.2|lambda=0.7,learning_curve,Waterbirds,8,0.05,58,1.0,0.2,0.7,point_selection_balanced,False,,,0.0,True,NA,False,False,False,True
learning_curve|Waterbirds|seed=8|fraction=0.05|gamma=1|tau=0.2|lambda=0.7,learning_curve,Waterbirds,8,0.05,58,1.0,0.2,0.7,vera_balanced_iut,False,,,0.0,True,NA,False,False,False,True
learning_curve|Waterbirds|seed=8|fraction=0.05|gamma=1|tau=0.2|lambda=0.7,learning_curve,Waterbirds,8,0.05,58,1.0,0.2,0.7,vera_balanced_envelope,False,,,0.0,True,NA,False,False,False,True
learning_curve|Waterbirds|seed=8|fraction=0.05|gamma=1|tau=0.2|lambda=0.7,learning_curve,Waterbirds,8,0.05,58,1.0,0.2,0.7,external_balanced_oracle,True,INLP::rank=4,INLP,0.0,True,True,False,False,False,True
learning_curve|Waterbirds|seed=8|fraction=0.05|gamma=1|tau=0.2|lambda=0.8,learning_curve,Waterbirds,8,0.05,58,1.0,0.2,0.8,always_deploy_balanced,True,INLP::rank=8,INLP,0.0,True,False,True,False,False,True
learning_curve|Waterbirds|seed=8|fraction=0.05|gamma=1|tau=0.2|lambda=0.8,learning_curve,Waterbirds,8,0.05,58,1.0,0.2,0.8,point_selection_balanced,True,INLP::rank=8,INLP,0.0,True,False,True,False,False,True
learning_curve|Waterbirds|seed=8|fraction=0.05|gamma=1|tau=0.2|lambda=0.8,learning_curve,Waterbirds,8,0.05,58,1.0,0.2,0.8,vera_balanced_iut,False,,,0.0,True,NA,False,False,False,True
learning_curve|Waterbirds|seed=8|fraction=0.05|gamma=1|tau=0.2|lambda=0.8,learning_curve,Waterbirds,8,0.05,58,1.0,0.2,0.8,vera_balanced_envelope,False,,,0.0,True,NA,False,False,False,True
learning_curve|Waterbirds|seed=8|fraction=0.05|gamma=1|tau=0.2|lambda=0.8,learning_curve,Waterbirds,8,0.05,58,1.0,0.2,0.8,external_balanced_oracle,True,INLP::rank=4,INLP,0.0,True,True,False,False,False,True
learning_curve|Waterbirds|seed=8|fraction=0.1|gamma=1|tau=0.05|lambda=0.6,learning_curve,Waterbirds,8,0.1,118,1.0,0.05,0.6,always_deploy_balanced,True,INLP::rank=4,INLP,0.0,True,False,True,False,False,True
learning_curve|Waterbirds|seed=8|fraction=0.1|gamma=1|tau=0.05|lambda=0.6,learning_curve,Waterbirds,8,0.1,118,1.0,0.05,0.6,point_selection_balanced,False,,,0.0,True,NA,False,False,False,True
learning_curve|Waterbirds|seed=8|fraction=0.1|gamma=1|tau=0.05|lambda=0.6,learning_curve,Waterbirds,8,0.1,118,1.0,0.05,0.6,vera_balanced_iut,False,,,0.0,True,NA,False,False,False,True
learning_curve|Waterbirds|seed=8|fraction=0.1|gamma=1|tau=0.05|lambda=0.6,learning_curve,Waterbirds,8,0.1,118,1.0,0.05,0.6,vera_balanced_envelope,False,,,0.0,True,NA,False,False,False,True
learning_curve|Waterbirds|seed=8|fraction=0.1|gamma=1|tau=0.05|lambda=0.6,learning_curve,Waterbirds,8,0.1,118,1.0,0.05,0.6,external_balanced_oracle,False,,,0.0,True,NA,False,False,False,True
learning_curve|Waterbirds|seed=8|fraction=0.1|gamma=1|tau=0.05|lambda=0.7,learning_curve,Waterbirds,8,0.1,118,1.0,0.05,0.7,always_deploy_balanced,True,INLP::rank=4,INLP,0.0,True,False,True,False,False,True
learning_curve|Waterbirds|seed=8|fraction=0.1|gamma=1|tau=0.05|lambda=0.7,learning_curve,Waterbirds,8,0.1,118,1.0,0.05,0.7,point_selection_balanced,False,,,0.0,True,NA,False,False,False,True
learning_curve|Waterbirds|seed=8|fraction=0.1|gamma=1|tau=0.05|lambda=0.7,learning_curve,Waterbirds,8,0.1,118,1.0,0.05,0.7,vera_balanced_iut,False,,,0.0,True,NA,False,False,False,True
learning_curve|Waterbirds|seed=8|fraction=0.1|gamma=1|tau=0.05|lambda=0.7,learning_curve,Waterbirds,8,0.1,118,1.0,0.05,0.7,vera_balanced_envelope,False,,,0.0,True,NA,False,False,False,True
learning_curve|Waterbirds|seed=8|fraction=0.1|gamma=1|tau=0.05|lambda=0.7,learning_curve,Waterbirds,8,0.1,118,1.0,0.05,0.7,external_balanced_oracle,False,,,0.0,True,NA,False,False,False,True
learning_curve|Waterbirds|seed=8|fraction=0.1|gamma=1|tau=0.05|lambda=0.8,learning_curve,Waterbirds,8,0.1,118,1.0,0.05,0.8,always_deploy_balanced,True,INLP::rank=4,INLP,0.0,True,False,True,False,False,True
learning_curve|Waterbirds|seed=8|fraction=0.1|gamma=1|tau=0.05|lambda=0.8,learning_curve,Waterbirds,8,0.1,118,1.0,0.05,0.8,point_selection_balanced,False,,,0.0,True,NA,False,False,False,True
learning_curve|Waterbirds|seed=8|fraction=0.1|gamma=1|tau=0.05|lambda=0.8,learning_curve,Waterbirds,8,0.1,118,1.0,0.05,0.8,vera_balanced_iut,False,,,0.0,True,NA,False,False,False,True
learning_curve|Waterbirds|seed=8|fraction=0.1|gamma=1|tau=0.05|lambda=0.8,learning_curve,Waterbirds,8,0.1,118,1.0,0.05,0.8,vera_balanced_envelope,False,,,0.0,True,NA,False,False,False,True
learning_curve|Waterbirds|seed=8|fraction=0.1|gamma=1|tau=0.05|lambda=0.8,learning_curve,Waterbirds,8,0.1,118,1.0,0.05,0.8,external_balanced_oracle,True,INLP::rank=2,INLP,0.0,True,True,False,False,False,True
learning_curve|Waterbirds|seed=8|fraction=0.1|gamma=1|tau=0.1|lambda=0.6,learning_curve,Waterbirds,8,0.1,118,1.0,0.1,0.6,always_deploy_balanced,True,INLP::rank=4,INLP,0.0,True,False,True,False,False,True
learning_curve|Waterbirds|seed=8|fraction=0.1|gamma=1|tau=0.1|lambda=0.6,learning_curve,Waterbirds,8,0.1,118,1.0,0.1,0.6,point_selection_balanced,False,,,0.0,True,NA,False,False,False,True
learning_curve|Waterbirds|seed=8|fraction=0.1|gamma=1|tau=0.1|lambda=0.6,learning_curve,Waterbirds,8,0.1,118,1.0,0.1,0.6,vera_balanced_iut,False,,,0.0,True,NA,False,False,False,True
learning_curve|Waterbirds|seed=8|fraction=0.1|gamma=1|tau=0.1|lambda=0.6,learning_curve,Waterbirds,8,0.1,118,1.0,0.1,0.6,vera_balanced_envelope,False,,,0.0,True,NA,False,False,False,True
learning_curve|Waterbirds|seed=8|fraction=0.1|gamma=1|tau=0.1|lambda=0.6,learning_curve,Waterbirds,8,0.1,118,1.0,0.1,0.6,external_balanced_oracle,False,,,0.0,True,NA,False,False,False,True
learning_curve|Waterbirds|seed=8|fraction=0.1|gamma=1|tau=0.1|lambda=0.7,learning_curve,Waterbirds,8,0.1,118,1.0,0.1,0.7,always_deploy_balanced,True,INLP::rank=4,INLP,0.0,True,True,False,False,False,True
learning_curve|Waterbirds|seed=8|fraction=0.1|gamma=1|tau=0.1|lambda=0.7,learning_curve,Waterbirds,8,0.1,118,1.0,0.1,0.7,point_selection_balanced,False,,,0.0,True,NA,False,False,False,True
learning_curve|Waterbirds|seed=8|fraction=0.1|gamma=1|tau=0.1|lambda=0.7,learning_curve,Waterbirds,8,0.1,118,1.0,0.1,0.7,vera_balanced_iut,False,,,0.0,True,NA,False,False,False,True
learning_curve|Waterbirds|seed=8|fraction=0.1|gamma=1|tau=0.1|lambda=0.7,learning_curve,Waterbirds,8,0.1,118,1.0,0.1,0.7,vera_balanced_envelope,False,,,0.0,True,NA,False,False,False,True
learning_curve|Waterbirds|seed=8|fraction=0.1|gamma=1|tau=0.1|lambda=0.7,learning_curve,Waterbirds,8,0.1,118,1.0,0.1,0.7,external_balanced_oracle,True,INLP::rank=4,INLP,0.0,True,True,False,False,False,True
learning_curve|Waterbirds|seed=8|fraction=0.1|gamma=1|tau=0.1|lambda=0.8,learning_curve,Waterbirds,8,0.1,118,1.0,0.1,0.8,always_deploy_balanced,True,INLP::rank=4,INLP,0.0,True,True,False,False,False,True
learning_curve|Waterbirds|seed=8|fraction=0.1|gamma=1|tau=0.1|lambda=0.8,learning_curve,Waterbirds,8,0.1,118,1.0,0.1,0.8,point_selection_balanced,False,,,0.0,True,NA,False,False,False,True
learning_curve|Waterbirds|seed=8|fraction=0.1|gamma=1|tau=0.1|lambda=0.8,learning_curve,Waterbirds,8,0.1,118,1.0,0.1,0.8,vera_balanced_iut,False,,,0.0,True,NA,False,False,False,True
learning_curve|Waterbirds|seed=8|fraction=0.1|gamma=1|tau=0.1|lambda=0.8,learning_curve,Waterbirds,8,0.1,118,1.0,0.1,0.8,vera_balanced_envelope,False,,,0.0,True,NA,False,False,False,True
learning_curve|Waterbirds|seed=8|fraction=0.1|gamma=1|tau=0.1|lambda=0.8,learning_curve,Waterbirds,8,0.1,118,1.0,0.1,0.8,external_balanced_oracle,True,INLP::rank=4,INLP,0.0,True,True,False,False,False,True
learning_curve|Waterbirds|seed=8|fraction=0.1|gamma=1|tau=0.2|lambda=0.6,learning_curve,Waterbirds,8,0.1,118,1.0,0.2,0.6,always_deploy_balanced,True,INLP::rank=4,INLP,0.0,True,False,True,False,False,True
learning_curve|Waterbirds|seed=8|fraction=0.1|gamma=1|tau=0.2|lambda=0.6,learning_curve,Waterbirds,8,0.1,118,1.0,0.2,0.6,point_selection_balanced,False,,,0.0,True,NA,False,False,False,True
learning_curve|Waterbirds|seed=8|fraction=0.1|gamma=1|tau=0.2|lambda=0.6,learning_curve,Waterbirds,8,0.1,118,1.0,0.2,0.6,vera_balanced_iut,False,,,0.0,True,NA,False,False,False,True
learning_curve|Waterbirds|seed=8|fraction=0.1|gamma=1|tau=0.2|lambda=0.6,learning_curve,Waterbirds,8,0.1,118,1.0,0.2,0.6,vera_balanced_envelope,False,,,0.0,True,NA,False,False,False,True
learning_curve|Waterbirds|seed=8|fraction=0.1|gamma=1|tau=0.2|lambda=0.6,learning_curve,Waterbirds,8,0.1,118,1.0,0.2,0.6,external_balanced_oracle,False,,,0.0,True,NA,False,False,False,True
learning_curve|Waterbirds|seed=8|fraction=0.1|gamma=1|tau=0.2|lambda=0.7,learning_curve,Waterbirds,8,0.1,118,1.0,0.2,0.7,always_deploy_balanced,True,INLP::rank=4,INLP,0.0,True,True,False,False,False,True
learning_curve|Waterbirds|seed=8|fraction=0.1|gamma=1|tau=0.2|lambda=0.7,learning_curve,Waterbirds,8,0.1,118,1.0,0.2,0.7,point_selection_balanced,True,INLP::rank=4,INLP,0.0,True,True,False,False,False,True
learning_curve|Waterbirds|seed=8|fraction=0.1|gamma=1|tau=0.2|lambda=0.7,learning_curve,Waterbirds,8,0.1,118,1.0,0.2,0.7,vera_balanced_iut,False,,,0.0,True,NA,False,False,False,True
learning_curve|Waterbirds|seed=8|fraction=0.1|gamma=1|tau=0.2|lambda=0.7,learning_curve,Waterbirds,8,0.1,118,1.0,0.2,0.7,vera_balanced_envelope,False,,,0.0,True,NA,False,False,False,True
learning_curve|Waterbirds|seed=8|fraction=0.1|gamma=1|tau=0.2|lambda=0.7,learning_curve,Waterbirds,8,0.1,118,1.0,0.2,0.7,external_balanced_oracle,True,INLP::rank=4,INLP,0.0,True,True,False,False,False,True
learning_curve|Waterbirds|seed=8|fraction=0.1|gamma=1|tau=0.2|lambda=0.8,learning_curve,Waterbirds,8,0.1,118,1.0,0.2,0.8,always_deploy_balanced,True,INLP::rank=4,INLP,0.0,True,True,False,False,False,True
learning_curve|Waterbirds|seed=8|fraction=0.1|gamma=1|tau=0.2|lambda=0.8,learning_curve,Waterbirds,8,0.1,118,1.0,0.2,0.8,point_selection_balanced,True,INLP::rank=4,INLP,0.0,True,True,False,False,False,True
learning_curve|Waterbirds|seed=8|fraction=0.1|gamma=1|tau=0.2|lambda=0.8,learning_curve,Waterbirds,8,0.1,118,1.0,0.2,0.8,vera_balanced_iut,False,,,0.0,True,NA,False,False,False,True
learning_curve|Waterbirds|seed=8|fraction=0.1|gamma=1|tau=0.2|lambda=0.8,learning_curve,Waterbirds,8,0.1,118,1.0,0.2,0.8,vera_balanced_envelope,False,,,0.0,True,NA,False,False,False,True
learning_curve|Waterbirds|seed=8|fraction=0.1|gamma=1|tau=0.2|lambda=0.8,learning_curve,Waterbirds,8,0.1,118,1.0,0.2,0.8,external_balanced_oracle,True,INLP::rank=4,INLP,0.0,True,True,False,False,False,True
learning_curve|Waterbirds|seed=8|fraction=0.25|gamma=1|tau=0.05|lambda=0.6,learning_curve,Waterbirds,8,0.25,298,1.0,0.05,0.6,always_deploy_balanced,True,INLP::rank=4,INLP,0.0,True,False,True,False,False,True
learning_curve|Waterbirds|seed=8|fraction=0.25|gamma=1|tau=0.05|lambda=0.6,learning_curve,Waterbirds,8,0.25,298,1.0,0.05,0.6,point_selection_balanced,False,,,0.0,True,NA,False,False,False,True
learning_curve|Waterbirds|seed=8|fraction=0.25|gamma=1|tau=0.05|lambda=0.6,learning_curve,Waterbirds,8,0.25,298,1.0,0.05,0.6,vera_balanced_iut,False,,,0.0,True,NA,False,False,False,True
learning_curve|Waterbirds|seed=8|fraction=0.25|gamma=1|tau=0.05|lambda=0.6,learning_curve,Waterbirds,8,0.25,298,1.0,0.05,0.6,vera_balanced_envelope,False,,,0.0,True,NA,False,False,False,True
learning_curve|Waterbirds|seed=8|fraction=0.25|gamma=1|tau=0.05|lambda=0.6,learning_curve,Waterbirds,8,0.25,298,1.0,0.05,0.6,external_balanced_oracle,False,,,0.0,True,NA,False,False,False,True
learning_curve|Waterbirds|seed=8|fraction=0.25|gamma=1|tau=0.05|lambda=0.7,learning_curve,Waterbirds,8,0.25,298,1.0,0.05,0.7,always_deploy_balanced,True,INLP::rank=4,INLP,0.0,True,False,True,False,False,True
learning_curve|Waterbirds|seed=8|fraction=0.25|gamma=1|tau=0.05|lambda=0.7,learning_curve,Waterbirds,8,0.25,298,1.0,0.05,0.7,point_selection_balanced,False,,,0.0,True,NA,False,False,False,True
learning_curve|Waterbirds|seed=8|fraction=0.25|gamma=1|tau=0.05|lambda=0.7,learning_curve,Waterbirds,8,0.25,298,1.0,0.05,0.7,vera_balanced_iut,False,,,0.0,True,NA,False,False,False,True
learning_curve|Waterbirds|seed=8|fraction=0.25|gamma=1|tau=0.05|lambda=0.7,learning_curve,Waterbirds,8,0.25,298,1.0,0.05,0.7,vera_balanced_envelope,False,,,0.0,True,NA,False,False,False,True
learning_curve|Waterbirds|seed=8|fraction=0.25|gamma=1|tau=0.05|lambda=0.7,learning_curve,Waterbirds,8,0.25,298,1.0,0.05,0.7,external_balanced_oracle,False,,,0.0,True,NA,False,False,False,True
learning_curve|Waterbirds|seed=8|fraction=0.25|gamma=1|tau=0.05|lambda=0.8,learning_curve,Waterbirds,8,0.25,298,1.0,0.05,0.8,always_deploy_balanced,True,INLP::rank=4,INLP,0.0,True,False,True,False,False,True
learning_curve|Waterbirds|seed=8|fraction=0.25|gamma=1|tau=0.05|lambda=0.8,learning_curve,Waterbirds,8,0.25,298,1.0,0.05,0.8,point_selection_balanced,False,,,0.0,True,NA,False,False,False,True
learning_curve|Waterbirds|seed=8|fraction=0.25|gamma=1|tau=0.05|lambda=0.8,learning_curve,Waterbirds,8,0.25,298,1.0,0.05,0.8,vera_balanced_iut,False,,,0.0,True,NA,False,False,False,True
learning_curve|Waterbirds|seed=8|fraction=0.25|gamma=1|tau=0.05|lambda=0.8,learning_curve,Waterbirds,8,0.25,298,1.0,0.05,0.8,vera_balanced_envelope,False,,,0.0,True,NA,False,False,False,True
learning_curve|Waterbirds|seed=8|fraction=0.25|gamma=1|tau=0.05|lambda=0.8,learning_curve,Waterbirds,8,0.25,298,1.0,0.05,0.8,external_balanced_oracle,True,INLP::rank=2,INLP,0.0,True,True,False,False,False,True
learning_curve|Waterbirds|seed=8|fraction=0.25|gamma=1|tau=0.1|lambda=0.6,learning_curve,Waterbirds,8,0.25,298,1.0,0.1,0.6,always_deploy_balanced,True,INLP::rank=4,INLP,0.0,True,False,True,False,False,True
learning_curve|Waterbirds|seed=8|fraction=0.25|gamma=1|tau=0.1|lambda=0.6,learning_curve,Waterbirds,8,0.25,298,1.0,0.1,0.6,point_selection_balanced,False,,,0.0,True,NA,False,False,False,True
learning_curve|Waterbirds|seed=8|fraction=0.25|gamma=1|tau=0.1|lambda=0.6,learning_curve,Waterbirds,8,0.25,298,1.0,0.1,0.6,vera_balanced_iut,False,,,0.0,True,NA,False,False,False,True
learning_curve|Waterbirds|seed=8|fraction=0.25|gamma=1|tau=0.1|lambda=0.6,learning_curve,Waterbirds,8,0.25,298,1.0,0.1,0.6,vera_balanced_envelope,False,,,0.0,True,NA,False,False,False,True
learning_curve|Waterbirds|seed=8|fraction=0.25|gamma=1|tau=0.1|lambda=0.6,learning_curve,Waterbirds,8,0.25,298,1.0,0.1,0.6,external_balanced_oracle,False,,,0.0,True,NA,False,False,False,True
learning_curve|Waterbirds|seed=8|fraction=0.25|gamma=1|tau=0.1|lambda=0.7,learning_curve,Waterbirds,8,0.25,298,1.0,0.1,0.7,always_deploy_balanced,True,INLP::rank=4,INLP,0.0,True,True,False,False,False,True
learning_curve|Waterbirds|seed=8|fraction=0.25|gamma=1|tau=0.1|lambda=0.7,learning_curve,Waterbirds,8,0.25,298,1.0,0.1,0.7,point_selection_balanced,True,INLP::rank=4,INLP,0.0,True,True,False,False,False,True
learning_curve|Waterbirds|seed=8|fraction=0.25|gamma=1|tau=0.1|lambda=0.7,learning_curve,Waterbirds,8,0.25,298,1.0,0.1,0.7,vera_balanced_iut,False,,,0.0,True,NA,False,False,False,True
learning_curve|Waterbirds|seed=8|fraction=0.25|gamma=1|tau=0.1|lambda=0.7,learning_curve,Waterbirds,8,0.25,298,1.0,0.1,0.7,vera_balanced_envelope,False,,,0.0,True,NA,False,False,False,True
learning_curve|Waterbirds|seed=8|fraction=0.25|gamma=1|tau=0.1|lambda=0.7,learning_curve,Waterbirds,8,0.25,298,1.0,0.1,0.7,external_balanced_oracle,True,INLP::rank=4,INLP,0.0,True,True,False,False,False,True
learning_curve|Waterbirds|seed=8|fraction=0.25|gamma=1|tau=0.1|lambda=0.8,learning_curve,Waterbirds,8,0.25,298,1.0,0.1,0.8,always_deploy_balanced,True,INLP::rank=4,INLP,0.0,True,True,False,False,False,True
learning_curve|Waterbirds|seed=8|fraction=0.25|gamma=1|tau=0.1|lambda=0.8,learning_curve,Waterbirds,8,0.25,298,1.0,0.1,0.8,point_selection_balanced,True,INLP::rank=4,INLP,0.0,True,True,False,False,False,True
learning_curve|Waterbirds|seed=8|fraction=0.25|gamma=1|tau=0.1|lambda=0.8,learning_curve,Waterbirds,8,0.25,298,1.0,0.1,0.8,vera_balanced_iut,False,,,0.0,True,NA,False,False,False,True
learning_curve|Waterbirds|seed=8|fraction=0.25|gamma=1|tau=0.1|lambda=0.8,learning_curve,Waterbirds,8,0.25,298,1.0,0.1,0.8,vera_balanced_envelope,False,,,0.0,True,NA,False,False,False,True
learning_curve|Waterbirds|seed=8|fraction=0.25|gamma=1|tau=0.1|lambda=0.8,learning_curve,Waterbirds,8,0.25,298,1.0,0.1,0.8,external_balanced_oracle,True,INLP::rank=4,INLP,0.0,True,True,False,False,False,True
learning_curve|Waterbirds|seed=8|fraction=0.25|gamma=1|tau=0.2|lambda=0.6,learning_curve,Waterbirds,8,0.25,298,1.0,0.2,0.6,always_deploy_balanced,True,INLP::rank=4,INLP,0.0,True,False,True,False,False,True
learning_curve|Waterbirds|seed=8|fraction=0.25|gamma=1|tau=0.2|lambda=0.6,learning_curve,Waterbirds,8,0.25,298,1.0,0.2,0.6,point_selection_balanced,False,,,0.0,True,NA,False,False,False,True
learning_curve|Waterbirds|seed=8|fraction=0.25|gamma=1|tau=0.2|lambda=0.6,learning_curve,Waterbirds,8,0.25,298,1.0,0.2,0.6,vera_balanced_iut,False,,,0.0,True,NA,False,False,False,True
learning_curve|Waterbirds|seed=8|fraction=0.25|gamma=1|tau=0.2|lambda=0.6,learning_curve,Waterbirds,8,0.25,298,1.0,0.2,0.6,vera_balanced_envelope,False,,,0.0,True,NA,False,False,False,True
learning_curve|Waterbirds|seed=8|fraction=0.25|gamma=1|tau=0.2|lambda=0.6,learning_curve,Waterbirds,8,0.25,298,1.0,0.2,0.6,external_balanced_oracle,False,,,0.0,True,NA,False,False,False,True
learning_curve|Waterbirds|seed=8|fraction=0.25|gamma=1|tau=0.2|lambda=0.7,learning_curve,Waterbirds,8,0.25,298,1.0,0.2,0.7,always_deploy_balanced,True,INLP::rank=4,INLP,0.0,True,True,False,False,False,True
learning_curve|Waterbirds|seed=8|fraction=0.25|gamma=1|tau=0.2|lambda=0.7,learning_curve,Waterbirds,8,0.25,298,1.0,0.2,0.7,point_selection_balanced,True,INLP::rank=4,INLP,0.0,True,True,False,False,False,True
learning_curve|Waterbirds|seed=8|fraction=0.25|gamma=1|tau=0.2|lambda=0.7,learning_curve,Waterbirds,8,0.25,298,1.0,0.2,0.7,vera_balanced_iut,False,,,0.0,True,NA,False,False,False,True
learning_curve|Waterbirds|seed=8|fraction=0.25|gamma=1|tau=0.2|lambda=0.7,learning_curve,Waterbirds,8,0.25,298,1.0,0.2,0.7,vera_balanced_envelope,False,,,0.0,True,NA,False,False,False,True
learning_curve|Waterbirds|seed=8|fraction=0.25|gamma=1|tau=0.2|lambda=0.7,learning_curve,Waterbirds,8,0.25,298,1.0,0.2,0.7,external_balanced_oracle,True,INLP::rank=4,INLP,0.0,True,True,False,False,False,True
learning_curve|Waterbirds|seed=8|fraction=0.25|gamma=1|tau=0.2|lambda=0.8,learning_curve,Waterbirds,8,0.25,298,1.0,0.2,0.8,always_deploy_balanced,True,INLP::rank=4,INLP,0.0,True,True,False,False,False,True
learning_curve|Waterbirds|seed=8|fraction=0.25|gamma=1|tau=0.2|lambda=0.8,learning_curve,Waterbirds,8,0.25,298,1.0,0.2,0.8,point_selection_balanced,True,INLP::rank=4,INLP,0.0,True,True,False,False,False,True
learning_curve|Waterbirds|seed=8|fraction=0.25|gamma=1|tau=0.2|lambda=0.8,learning_curve,Waterbirds,8,0.25,298,1.0,0.2,0.8,vera_balanced_iut,False,,,0.0,True,NA,False,False,False,True
learning_curve|Waterbirds|seed=8|fraction=0.25|gamma=1|tau=0.2|lambda=0.8,learning_curve,Waterbirds,8,0.25,298,1.0,0.2,0.8,vera_balanced_envelope,False,,,0.0,True,NA,False,False,False,True
learning_curve|Waterbirds|seed=8|fraction=0.25|gamma=1|tau=0.2|lambda=0.8,learning_curve,Waterbirds,8,0.25,298,1.0,0.2,0.8,external_balanced_oracle,True,INLP::rank=4,INLP,0.0,True,True,False,False,False,True
learning_curve|Waterbirds|seed=8|fraction=0.5|gamma=1|tau=0.05|lambda=0.6,learning_curve,Waterbirds,8,0.5,598,1.0,0.05,0.6,always_deploy_balanced,True,INLP::rank=4,INLP,0.0,True,False,True,False,False,True
learning_curve|Waterbirds|seed=8|fraction=0.5|gamma=1|tau=0.05|lambda=0.6,learning_curve,Waterbirds,8,0.5,598,1.0,0.05,0.6,point_selection_balanced,False,,,0.0,True,NA,False,False,False,True
learning_curve|Waterbirds|seed=8|fraction=0.5|gamma=1|tau=0.05|lambda=0.6,learning_curve,Waterbirds,8,0.5,598,1.0,0.05,0.6,vera_balanced_iut,False,,,0.0,True,NA,False,False,False,True
learning_curve|Waterbirds|seed=8|fraction=0.5|gamma=1|tau=0.05|lambda=0.6,learning_curve,Waterbirds,8,0.5,598,1.0,0.05,0.6,vera_balanced_envelope,False,,,0.0,True,NA,False,False,False,True
learning_curve|Waterbirds|seed=8|fraction=0.5|gamma=1|tau=0.05|lambda=0.6,learning_curve,Waterbirds,8,0.5,598,1.0,0.05,0.6,external_balanced_oracle,False,,,0.0,True,NA,False,False,False,True
learning_curve|Waterbirds|seed=8|fraction=0.5|gamma=1|tau=0.05|lambda=0.7,learning_curve,Waterbirds,8,0.5,598,1.0,0.05,0.7,always_deploy_balanced,True,INLP::rank=4,INLP,0.0,True,False,True,False,False,True
learning_curve|Waterbirds|seed=8|fraction=0.5|gamma=1|tau=0.05|lambda=0.7,learning_curve,Waterbirds,8,0.5,598,1.0,0.05,0.7,point_selection_balanced,False,,,0.0,True,NA,False,False,False,True
learning_curve|Waterbirds|seed=8|fraction=0.5|gamma=1|tau=0.05|lambda=0.7,learning_curve,Waterbirds,8,0.5,598,1.0,0.05,0.7,vera_balanced_iut,False,,,0.0,True,NA,False,False,False,True
learning_curve|Waterbirds|seed=8|fraction=0.5|gamma=1|tau=0.05|lambda=0.7,learning_curve,Waterbirds,8,0.5,598,1.0,0.05,0.7,vera_balanced_envelope,False,,,0.0,True,NA,False,False,False,True
learning_curve|Waterbirds|seed=8|fraction=0.5|gamma=1|tau=0.05|lambda=0.7,learning_curve,Waterbirds,8,0.5,598,1.0,0.05,0.7,external_balanced_oracle,False,,,0.0,True,NA,False,False,False,True
learning_curve|Waterbirds|seed=8|fraction=0.5|gamma=1|tau=0.05|lambda=0.8,learning_curve,Waterbirds,8,0.5,598,1.0,0.05,0.8,always_deploy_balanced,True,INLP::rank=4,INLP,0.0,True,False,True,False,False,True
learning_curve|Waterbirds|seed=8|fraction=0.5|gamma=1|tau=0.05|lambda=0.8,learning_curve,Waterbirds,8,0.5,598,1.0,0.05,0.8,point_selection_balanced,False,,,0.0,True,NA,False,False,False,True
learning_curve|Waterbirds|seed=8|fraction=0.5|gamma=1|tau=0.05|lambda=0.8,learning_curve,Waterbirds,8,0.5,598,1.0,0.05,0.8,vera_balanced_iut,False,,,0.0,True,NA,False,False,False,True
learning_curve|Waterbirds|seed=8|fraction=0.5|gamma=1|tau=0.05|lambda=0.8,learning_curve,Waterbirds,8,0.5,598,1.0,0.05,0.8,vera_balanced_envelope,False,,,0.0,True,NA,False,False,False,True
learning_curve|Waterbirds|seed=8|fraction=0.5|gamma=1|tau=0.05|lambda=0.8,learning_curve,Waterbirds,8,0.5,598,1.0,0.05,0.8,external_balanced_oracle,True,INLP::rank=2,INLP,0.0,True,True,False,False,False,True
learning_curve|Waterbirds|seed=8|fraction=0.5|gamma=1|tau=0.1|lambda=0.6,learning_curve,Waterbirds,8,0.5,598,1.0,0.1,0.6,always_deploy_balanced,True,INLP::rank=4,INLP,0.0,True,False,True,False,False,True
learning_curve|Waterbirds|seed=8|fraction=0.5|gamma=1|tau=0.1|lambda=0.6,learning_curve,Waterbirds,8,0.5,598,1.0,0.1,0.6,point_selection_balanced,False,,,0.0,True,NA,False,False,False,True
learning_curve|Waterbirds|seed=8|fraction=0.5|gamma=1|tau=0.1|lambda=0.6,learning_curve,Waterbirds,8,0.5,598,1.0,0.1,0.6,vera_balanced_iut,False,,,0.0,True,NA,False,False,False,True
learning_curve|Waterbirds|seed=8|fraction=0.5|gamma=1|tau=0.1|lambda=0.6,learning_curve,Waterbirds,8,0.5,598,1.0,0.1,0.6,vera_balanced_envelope,False,,,0.0,True,NA,False,False,False,True
learning_curve|Waterbirds|seed=8|fraction=0.5|gamma=1|tau=0.1|lambda=0.6,learning_curve,Waterbirds,8,0.5,598,1.0,0.1,0.6,external_balanced_oracle,False,,,0.0,True,NA,False,False,False,True
learning_curve|Waterbirds|seed=8|fraction=0.5|gamma=1|tau=0.1|lambda=0.7,learning_curve,Waterbirds,8,0.5,598,1.0,0.1,0.7,always_deploy_balanced,True,INLP::rank=4,INLP,0.0,True,True,False,False,False,True
learning_curve|Waterbirds|seed=8|fraction=0.5|gamma=1|tau=0.1|lambda=0.7,learning_curve,Waterbirds,8,0.5,598,1.0,0.1,0.7,point_selection_balanced,True,INLP::rank=4,INLP,0.0,True,True,False,False,False,True
learning_curve|Waterbirds|seed=8|fraction=0.5|gamma=1|tau=0.1|lambda=0.7,learning_curve,Waterbirds,8,0.5,598,1.0,0.1,0.7,vera_balanced_iut,False,,,0.0,True,NA,False,False,False,True
learning_curve|Waterbirds|seed=8|fraction=0.5|gamma=1|tau=0.1|lambda=0.7,learning_curve,Waterbirds,8,0.5,598,1.0,0.1,0.7,vera_balanced_envelope,False,,,0.0,True,NA,False,False,False,True
learning_curve|Waterbirds|seed=8|fraction=0.5|gamma=1|tau=0.1|lambda=0.7,learning_curve,Waterbirds,8,0.5,598,1.0,0.1,0.7,external_balanced_oracle,True,INLP::rank=4,INLP,0.0,True,True,False,False,False,True
learning_curve|Waterbirds|seed=8|fraction=0.5|gamma=1|tau=0.1|lambda=0.8,learning_curve,Waterbirds,8,0.5,598,1.0,0.1,0.8,always_deploy_balanced,True,INLP::rank=4,INLP,0.0,True,True,False,False,False,True
learning_curve|Waterbirds|seed=8|fraction=0.5|gamma=1|tau=0.1|lambda=0.8,learning_curve,Waterbirds,8,0.5,598,1.0,0.1,0.8,point_selection_balanced,True,INLP::rank=4,INLP,0.0,True,True,False,False,False,True
learning_curve|Waterbirds|seed=8|fraction=0.5|gamma=1|tau=0.1|lambda=0.8,learning_curve,Waterbirds,8,0.5,598,1.0,0.1,0.8,vera_balanced_iut,False,,,0.0,True,NA,False,False,False,True
learning_curve|Waterbirds|seed=8|fraction=0.5|gamma=1|tau=0.1|lambda=0.8,learning_curve,Waterbirds,8,0.5,598,1.0,0.1,0.8,vera_balanced_envelope,False,,,0.0,True,NA,False,False,False,True
learning_curve|Waterbirds|seed=8|fraction=0.5|gamma=1|tau=0.1|lambda=0.8,learning_curve,Waterbirds,8,0.5,598,1.0,0.1,0.8,external_balanced_oracle,True,INLP::rank=4,INLP,0.0,True,True,False,False,False,True
learning_curve|Waterbirds|seed=8|fraction=0.5|gamma=1|tau=0.2|lambda=0.6,learning_curve,Waterbirds,8,0.5,598,1.0,0.2,0.6,always_deploy_balanced,True,INLP::rank=4,INLP,0.0,True,False,True,False,False,True
learning_curve|Waterbirds|seed=8|fraction=0.5|gamma=1|tau=0.2|lambda=0.6,learning_curve,Waterbirds,8,0.5,598,1.0,0.2,0.6,point_selection_balanced,False,,,0.0,True,NA,False,False,False,True
learning_curve|Waterbirds|seed=8|fraction=0.5|gamma=1|tau=0.2|lambda=0.6,learning_curve,Waterbirds,8,0.5,598,1.0,0.2,0.6,vera_balanced_iut,False,,,0.0,True,NA,False,False,False,True
learning_curve|Waterbirds|seed=8|fraction=0.5|gamma=1|tau=0.2|lambda=0.6,learning_curve,Waterbirds,8,0.5,598,1.0,0.2,0.6,vera_balanced_envelope,False,,,0.0,True,NA,False,False,False,True
learning_curve|Waterbirds|seed=8|fraction=0.5|gamma=1|tau=0.2|lambda=0.6,learning_curve,Waterbirds,8,0.5,598,1.0,0.2,0.6,external_balanced_oracle,False,,,0.0,True,NA,False,False,False,True
learning_curve|Waterbirds|seed=8|fraction=0.5|gamma=1|tau=0.2|lambda=0.7,learning_curve,Waterbirds,8,0.5,598,1.0,0.2,0.7,always_deploy_balanced,True,INLP::rank=4,INLP,0.0,True,True,False,False,False,True
learning_curve|Waterbirds|seed=8|fraction=0.5|gamma=1|tau=0.2|lambda=0.7,learning_curve,Waterbirds,8,0.5,598,1.0,0.2,0.7,point_selection_balanced,True,INLP::rank=4,INLP,0.0,True,True,False,False,False,True
learning_curve|Waterbirds|seed=8|fraction=0.5|gamma=1|tau=0.2|lambda=0.7,learning_curve,Waterbirds,8,0.5,598,1.0,0.2,0.7,vera_balanced_iut,False,,,0.0,True,NA,False,False,False,True
learning_curve|Waterbirds|seed=8|fraction=0.5|gamma=1|tau=0.2|lambda=0.7,learning_curve,Waterbirds,8,0.5,598,1.0,0.2,0.7,vera_balanced_envelope,False,,,0.0,True,NA,False,False,False,True
learning_curve|Waterbirds|seed=8|fraction=0.5|gamma=1|tau=0.2|lambda=0.7,learning_curve,Waterbirds,8,0.5,598,1.0,0.2,0.7,external_balanced_oracle,True,INLP::rank=4,INLP,0.0,True,True,False,False,False,True
learning_curve|Waterbirds|seed=8|fraction=0.5|gamma=1|tau=0.2|lambda=0.8,learning_curve,Waterbirds,8,0.5,598,1.0,0.2,0.8,always_deploy_balanced,True,INLP::rank=4,INLP,1.0050735473632812,True,True,False,False,False,True
learning_curve|Waterbirds|seed=8|fraction=0.5|gamma=1|tau=0.2|lambda=0.8,learning_curve,Waterbirds,8,0.5,598,1.0,0.2,0.8,point_selection_balanced,True,INLP::rank=4,INLP,1.0050735473632812,True,True,False,False,False,True
learning_curve|Waterbirds|seed=8|fraction=0.5|gamma=1|tau=0.2|lambda=0.8,learning_curve,Waterbirds,8,0.5,598,1.0,0.2,0.8,vera_balanced_iut,True,INLP::rank=4,INLP,1.0050735473632812,True,True,False,False,False,True
learning_curve|Waterbirds|seed=8|fraction=0.5|gamma=1|tau=0.2|lambda=0.8,learning_curve,Waterbirds,8,0.5,598,1.0,0.2,0.8,vera_balanced_envelope,True,INLP::rank=4,INLP,1.0050735473632812,True,True,False,False,False,True
learning_curve|Waterbirds|seed=8|fraction=0.5|gamma=1|tau=0.2|lambda=0.8,learning_curve,Waterbirds,8,0.5,598,1.0,0.2,0.8,external_balanced_oracle,True,INLP::rank=4,INLP,1.0050735473632812,True,True,False,False,False,True
primary|Waterbirds|seed=8|fraction=1|gamma=1|tau=0.05|lambda=0.6,primary,Waterbirds,8,1.0,1199,1.0,0.05,0.6,always_deploy_balanced,True,INLP::rank=4,INLP,0.0,True,False,True,False,False,True
primary|Waterbirds|seed=8|fraction=1|gamma=1|tau=0.05|lambda=0.6,primary,Waterbirds,8,1.0,1199,1.0,0.05,0.6,point_selection_balanced,False,,,0.0,True,NA,False,False,False,True
primary|Waterbirds|seed=8|fraction=1|gamma=1|tau=0.05|lambda=0.6,primary,Waterbirds,8,1.0,1199,1.0,0.05,0.6,vera_balanced_iut,False,,,0.0,True,NA,False,False,False,True
primary|Waterbirds|seed=8|fraction=1|gamma=1|tau=0.05|lambda=0.6,primary,Waterbirds,8,1.0,1199,1.0,0.05,0.6,vera_balanced_envelope,False,,,0.0,True,NA,False,False,False,True
primary|Waterbirds|seed=8|fraction=1|gamma=1|tau=0.05|lambda=0.6,primary,Waterbirds,8,1.0,1199,1.0,0.05,0.6,external_balanced_oracle,False,,,0.0,True,NA,False,False,False,True
primary|Waterbirds|seed=8|fraction=1|gamma=1|tau=0.05|lambda=0.7,primary,Waterbirds,8,1.0,1199,1.0,0.05,0.7,always_deploy_balanced,True,INLP::rank=4,INLP,0.0,True,False,True,False,False,True
primary|Waterbirds|seed=8|fraction=1|gamma=1|tau=0.05|lambda=0.7,primary,Waterbirds,8,1.0,1199,1.0,0.05,0.7,point_selection_balanced,False,,,0.0,True,NA,False,False,False,True
primary|Waterbirds|seed=8|fraction=1|gamma=1|tau=0.05|lambda=0.7,primary,Waterbirds,8,1.0,1199,1.0,0.05,0.7,vera_balanced_iut,False,,,0.0,True,NA,False,False,False,True
primary|Waterbirds|seed=8|fraction=1|gamma=1|tau=0.05|lambda=0.7,primary,Waterbirds,8,1.0,1199,1.0,0.05,0.7,vera_balanced_envelope,False,,,0.0,True,NA,False,False,False,True
primary|Waterbirds|seed=8|fraction=1|gamma=1|tau=0.05|lambda=0.7,primary,Waterbirds,8,1.0,1199,1.0,0.05,0.7,external_balanced_oracle,False,,,0.0,True,NA,False,False,False,True
primary|Waterbirds|seed=8|fraction=1|gamma=1|tau=0.05|lambda=0.8,primary,Waterbirds,8,1.0,1199,1.0,0.05,0.8,always_deploy_balanced,True,INLP::rank=4,INLP,0.0,True,False,True,False,False,True
primary|Waterbirds|seed=8|fraction=1|gamma=1|tau=0.05|lambda=0.8,primary,Waterbirds,8,1.0,1199,1.0,0.05,0.8,point_selection_balanced,True,INLP::rank=2,INLP,0.0,True,True,False,False,False,True
primary|Waterbirds|seed=8|fraction=1|gamma=1|tau=0.05|lambda=0.8,primary,Waterbirds,8,1.0,1199,1.0,0.05,0.8,vera_balanced_iut,False,,,0.0,True,NA,False,False,False,True
primary|Waterbirds|seed=8|fraction=1|gamma=1|tau=0.05|lambda=0.8,primary,Waterbirds,8,1.0,1199,1.0,0.05,0.8,vera_balanced_envelope,False,,,0.0,True,NA,False,False,False,True
primary|Waterbirds|seed=8|fraction=1|gamma=1|tau=0.05|lambda=0.8,primary,Waterbirds,8,1.0,1199,1.0,0.05,0.8,external_balanced_oracle,True,INLP::rank=2,INLP,0.0,True,True,False,False,False,True
primary|Waterbirds|seed=8|fraction=1|gamma=1|tau=0.1|lambda=0.6,primary,Waterbirds,8,1.0,1199,1.0,0.1,0.6,always_deploy_balanced,True,INLP::rank=4,INLP,0.0,True,False,True,False,False,True
primary|Waterbirds|seed=8|fraction=1|gamma=1|tau=0.1|lambda=0.6,primary,Waterbirds,8,1.0,1199,1.0,0.1,0.6,point_selection_balanced,False,,,0.0,True,NA,False,False,False,True
primary|Waterbirds|seed=8|fraction=1|gamma=1|tau=0.1|lambda=0.6,primary,Waterbirds,8,1.0,1199,1.0,0.1,0.6,vera_balanced_iut,False,,,0.0,True,NA,False,False,False,True
primary|Waterbirds|seed=8|fraction=1|gamma=1|tau=0.1|lambda=0.6,primary,Waterbirds,8,1.0,1199,1.0,0.1,0.6,vera_balanced_envelope,False,,,0.0,True,NA,False,False,False,True
primary|Waterbirds|seed=8|fraction=1|gamma=1|tau=0.1|lambda=0.6,primary,Waterbirds,8,1.0,1199,1.0,0.1,0.6,external_balanced_oracle,False,,,0.0,True,NA,False,False,False,True
primary|Waterbirds|seed=8|fraction=1|gamma=1|tau=0.1|lambda=0.7,primary,Waterbirds,8,1.0,1199,1.0,0.1,0.7,always_deploy_balanced,True,INLP::rank=4,INLP,0.0,True,True,False,False,False,True
primary|Waterbirds|seed=8|fraction=1|gamma=1|tau=0.1|lambda=0.7,primary,Waterbirds,8,1.0,1199,1.0,0.1,0.7,point_selection_balanced,False,,,0.0,True,NA,False,False,False,True
primary|Waterbirds|seed=8|fraction=1|gamma=1|tau=0.1|lambda=0.7,primary,Waterbirds,8,1.0,1199,1.0,0.1,0.7,vera_balanced_iut,False,,,0.0,True,NA,False,False,False,True
primary|Waterbirds|seed=8|fraction=1|gamma=1|tau=0.1|lambda=0.7,primary,Waterbirds,8,1.0,1199,1.0,0.1,0.7,vera_balanced_envelope,False,,,0.0,True,NA,False,False,False,True
primary|Waterbirds|seed=8|fraction=1|gamma=1|tau=0.1|lambda=0.7,primary,Waterbirds,8,1.0,1199,1.0,0.1,0.7,external_balanced_oracle,True,INLP::rank=4,INLP,0.0,True,True,False,False,False,True
primary|Waterbirds|seed=8|fraction=1|gamma=1|tau=0.1|lambda=0.8,primary,Waterbirds,8,1.0,1199,1.0,0.1,0.8,always_deploy_balanced,True,INLP::rank=4,INLP,0.0,True,True,False,False,False,True
primary|Waterbirds|seed=8|fraction=1|gamma=1|tau=0.1|lambda=0.8,primary,Waterbirds,8,1.0,1199,1.0,0.1,0.8,point_selection_balanced,True,INLP::rank=2,INLP,0.0,True,True,False,False,False,True
primary|Waterbirds|seed=8|fraction=1|gamma=1|tau=0.1|lambda=0.8,primary,Waterbirds,8,1.0,1199,1.0,0.1,0.8,vera_balanced_iut,False,,,0.0,True,NA,False,False,False,True
primary|Waterbirds|seed=8|fraction=1|gamma=1|tau=0.1|lambda=0.8,primary,Waterbirds,8,1.0,1199,1.0,0.1,0.8,vera_balanced_envelope,False,,,0.0,True,NA,False,False,False,True
primary|Waterbirds|seed=8|fraction=1|gamma=1|tau=0.1|lambda=0.8,primary,Waterbirds,8,1.0,1199,1.0,0.1,0.8,external_balanced_oracle,True,INLP::rank=4,INLP,0.0,True,True,False,False,False,True
primary|Waterbirds|seed=8|fraction=1|gamma=1|tau=0.2|lambda=0.6,primary,Waterbirds,8,1.0,1199,1.0,0.2,0.6,always_deploy_balanced,True,INLP::rank=4,INLP,0.0,True,False,True,False,False,True
primary|Waterbirds|seed=8|fraction=1|gamma=1|tau=0.2|lambda=0.6,primary,Waterbirds,8,1.0,1199,1.0,0.2,0.6,point_selection_balanced,False,,,0.0,True,NA,False,False,False,True
primary|Waterbirds|seed=8|fraction=1|gamma=1|tau=0.2|lambda=0.6,primary,Waterbirds,8,1.0,1199,1.0,0.2,0.6,vera_balanced_iut,False,,,0.0,True,NA,False,False,False,True
primary|Waterbirds|seed=8|fraction=1|gamma=1|tau=0.2|lambda=0.6,primary,Waterbirds,8,1.0,1199,1.0,0.2,0.6,vera_balanced_envelope,False,,,0.0,True,NA,False,False,False,True
primary|Waterbirds|seed=8|fraction=1|gamma=1|tau=0.2|lambda=0.6,primary,Waterbirds,8,1.0,1199,1.0,0.2,0.6,external_balanced_oracle,False,,,0.0,True,NA,False,False,False,True
primary|Waterbirds|seed=8|fraction=1|gamma=1|tau=0.2|lambda=0.7,primary,Waterbirds,8,1.0,1199,1.0,0.2,0.7,always_deploy_balanced,True,INLP::rank=4,INLP,0.0,True,True,False,False,False,True
primary|Waterbirds|seed=8|fraction=1|gamma=1|tau=0.2|lambda=0.7,primary,Waterbirds,8,1.0,1199,1.0,0.2,0.7,point_selection_balanced,True,INLP::rank=4,INLP,0.0,True,True,False,False,False,True
primary|Waterbirds|seed=8|fraction=1|gamma=1|tau=0.2|lambda=0.7,primary,Waterbirds,8,1.0,1199,1.0,0.2,0.7,vera_balanced_iut,False,,,0.0,True,NA,False,False,False,True
primary|Waterbirds|seed=8|fraction=1|gamma=1|tau=0.2|lambda=0.7,primary,Waterbirds,8,1.0,1199,1.0,0.2,0.7,vera_balanced_envelope,False,,,0.0,True,NA,False,False,False,True
primary|Waterbirds|seed=8|fraction=1|gamma=1|tau=0.2|lambda=0.7,primary,Waterbirds,8,1.0,1199,1.0,0.2,0.7,external_balanced_oracle,True,INLP::rank=4,INLP,0.0,True,True,False,False,False,True
primary|Waterbirds|seed=8|fraction=1|gamma=1|tau=0.2|lambda=0.8,primary,Waterbirds,8,1.0,1199,1.0,0.2,0.8,always_deploy_balanced,True,INLP::rank=4,INLP,1.010467529296875,True,True,False,False,False,True
primary|Waterbirds|seed=8|fraction=1|gamma=1|tau=0.2|lambda=0.8,primary,Waterbirds,8,1.0,1199,1.0,0.2,0.8,point_selection_balanced,True,INLP::rank=4,INLP,1.010467529296875,True,True,False,False,False,True
primary|Waterbirds|seed=8|fraction=1|gamma=1|tau=0.2|lambda=0.8,primary,Waterbirds,8,1.0,1199,1.0,0.2,0.8,vera_balanced_iut,True,INLP::rank=4,INLP,1.010467529296875,True,True,False,False,False,True
primary|Waterbirds|seed=8|fraction=1|gamma=1|tau=0.2|lambda=0.8,primary,Waterbirds,8,1.0,1199,1.0,0.2,0.8,vera_balanced_envelope,True,INLP::rank=4,INLP,1.010467529296875,True,True,False,False,False,True
primary|Waterbirds|seed=8|fraction=1|gamma=1|tau=0.2|lambda=0.8,primary,Waterbirds,8,1.0,1199,1.0,0.2,0.8,external_balanced_oracle,True,INLP::rank=4,INLP,1.010467529296875,True,True,False,False,False,True
shifted_sensitivity|Waterbirds|seed=8|fraction=1|gamma=1.01|tau=0.05|lambda=0.6,shifted_sensitivity,Waterbirds,8,1.0,1199,1.01,0.05,0.6,always_deploy_balanced,True,INLP::rank=4,INLP,0.0,True,False,True,False,False,True
shifted_sensitivity|Waterbirds|seed=8|fraction=1|gamma=1.01|tau=0.05|lambda=0.6,shifted_sensitivity,Waterbirds,8,1.0,1199,1.01,0.05,0.6,point_selection_balanced,False,,,0.0,True,NA,False,False,False,True
shifted_sensitivity|Waterbirds|seed=8|fraction=1|gamma=1.01|tau=0.05|lambda=0.6,shifted_sensitivity,Waterbirds,8,1.0,1199,1.01,0.05,0.6,vera_balanced_iut,False,,,0.0,True,NA,False,False,False,True
shifted_sensitivity|Waterbirds|seed=8|fraction=1|gamma=1.01|tau=0.05|lambda=0.6,shifted_sensitivity,Waterbirds,8,1.0,1199,1.01,0.05,0.6,vera_balanced_envelope,False,,,0.0,True,NA,False,False,False,True
shifted_sensitivity|Waterbirds|seed=8|fraction=1|gamma=1.01|tau=0.05|lambda=0.6,shifted_sensitivity,Waterbirds,8,1.0,1199,1.01,0.05,0.6,external_balanced_oracle,False,,,0.0,True,NA,False,False,False,True
shifted_sensitivity|Waterbirds|seed=8|fraction=1|gamma=1.01|tau=0.05|lambda=0.7,shifted_sensitivity,Waterbirds,8,1.0,1199,1.01,0.05,0.7,always_deploy_balanced,True,INLP::rank=4,INLP,0.0,True,False,True,False,False,True
shifted_sensitivity|Waterbirds|seed=8|fraction=1|gamma=1.01|tau=0.05|lambda=0.7,shifted_sensitivity,Waterbirds,8,1.0,1199,1.01,0.05,0.7,point_selection_balanced,False,,,0.0,True,NA,False,False,False,True
shifted_sensitivity|Waterbirds|seed=8|fraction=1|gamma=1.01|tau=0.05|lambda=0.7,shifted_sensitivity,Waterbirds,8,1.0,1199,1.01,0.05,0.7,vera_balanced_iut,False,,,0.0,True,NA,False,False,False,True
shifted_sensitivity|Waterbirds|seed=8|fraction=1|gamma=1.01|tau=0.05|lambda=0.7,shifted_sensitivity,Waterbirds,8,1.0,1199,1.01,0.05,0.7,vera_balanced_envelope,False,,,0.0,True,NA,False,False,False,True
shifted_sensitivity|Waterbirds|seed=8|fraction=1|gamma=1.01|tau=0.05|lambda=0.7,shifted_sensitivity,Waterbirds,8,1.0,1199,1.01,0.05,0.7,external_balanced_oracle,False,,,0.0,True,NA,False,False,False,True
shifted_sensitivity|Waterbirds|seed=8|fraction=1|gamma=1.01|tau=0.05|lambda=0.8,shifted_sensitivity,Waterbirds,8,1.0,1199,1.01,0.05,0.8,always_deploy_balanced,True,INLP::rank=4,INLP,0.0,True,False,True,False,False,True
shifted_sensitivity|Waterbirds|seed=8|fraction=1|gamma=1.01|tau=0.05|lambda=0.8,shifted_sensitivity,Waterbirds,8,1.0,1199,1.01,0.05,0.8,point_selection_balanced,True,INLP::rank=2,INLP,0.0,True,True,False,False,False,True
shifted_sensitivity|Waterbirds|seed=8|fraction=1|gamma=1.01|tau=0.05|lambda=0.8,shifted_sensitivity,Waterbirds,8,1.0,1199,1.01,0.05,0.8,vera_balanced_iut,False,,,0.0,True,NA,False,False,False,True
shifted_sensitivity|Waterbirds|seed=8|fraction=1|gamma=1.01|tau=0.05|lambda=0.8,shifted_sensitivity,Waterbirds,8,1.0,1199,1.01,0.05,0.8,vera_balanced_envelope,False,,,0.0,True,NA,False,False,False,True
shifted_sensitivity|Waterbirds|seed=8|fraction=1|gamma=1.01|tau=0.05|lambda=0.8,shifted_sensitivity,Waterbirds,8,1.0,1199,1.01,0.05,0.8,external_balanced_oracle,True,INLP::rank=2,INLP,0.0,True,True,False,False,False,True
shifted_sensitivity|Waterbirds|seed=8|fraction=1|gamma=1.01|tau=0.1|lambda=0.6,shifted_sensitivity,Waterbirds,8,1.0,1199,1.01,0.1,0.6,always_deploy_balanced,True,INLP::rank=4,INLP,0.0,True,False,True,False,False,True
shifted_sensitivity|Waterbirds|seed=8|fraction=1|gamma=1.01|tau=0.1|lambda=0.6,shifted_sensitivity,Waterbirds,8,1.0,1199,1.01,0.1,0.6,point_selection_balanced,False,,,0.0,True,NA,False,False,False,True
shifted_sensitivity|Waterbirds|seed=8|fraction=1|gamma=1.01|tau=0.1|lambda=0.6,shifted_sensitivity,Waterbirds,8,1.0,1199,1.01,0.1,0.6,vera_balanced_iut,False,,,0.0,True,NA,False,False,False,True
shifted_sensitivity|Waterbirds|seed=8|fraction=1|gamma=1.01|tau=0.1|lambda=0.6,shifted_sensitivity,Waterbirds,8,1.0,1199,1.01,0.1,0.6,vera_balanced_envelope,False,,,0.0,True,NA,False,False,False,True
shifted_sensitivity|Waterbirds|seed=8|fraction=1|gamma=1.01|tau=0.1|lambda=0.6,shifted_sensitivity,Waterbirds,8,1.0,1199,1.01,0.1,0.6,external_balanced_oracle,False,,,0.0,True,NA,False,False,False,True
shifted_sensitivity|Waterbirds|seed=8|fraction=1|gamma=1.01|tau=0.1|lambda=0.7,shifted_sensitivity,Waterbirds,8,1.0,1199,1.01,0.1,0.7,always_deploy_balanced,True,INLP::rank=4,INLP,0.0,True,True,False,False,False,True
shifted_sensitivity|Waterbirds|seed=8|fraction=1|gamma=1.01|tau=0.1|lambda=0.7,shifted_sensitivity,Waterbirds,8,1.0,1199,1.01,0.1,0.7,point_selection_balanced,False,,,0.0,True,NA,False,False,False,True
shifted_sensitivity|Waterbirds|seed=8|fraction=1|gamma=1.01|tau=0.1|lambda=0.7,shifted_sensitivity,Waterbirds,8,1.0,1199,1.01,0.1,0.7,vera_balanced_iut,False,,,0.0,True,NA,False,False,False,True
shifted_sensitivity|Waterbirds|seed=8|fraction=1|gamma=1.01|tau=0.1|lambda=0.7,shifted_sensitivity,Waterbirds,8,1.0,1199,1.01,0.1,0.7,vera_balanced_envelope,False,,,0.0,True,NA,False,False,False,True
shifted_sensitivity|Waterbirds|seed=8|fraction=1|gamma=1.01|tau=0.1|lambda=0.7,shifted_sensitivity,Waterbirds,8,1.0,1199,1.01,0.1,0.7,external_balanced_oracle,True,INLP::rank=4,INLP,0.0,True,True,False,False,False,True
shifted_sensitivity|Waterbirds|seed=8|fraction=1|gamma=1.01|tau=0.1|lambda=0.8,shifted_sensitivity,Waterbirds,8,1.0,1199,1.01,0.1,0.8,always_deploy_balanced,True,INLP::rank=4,INLP,0.0,True,True,False,False,False,True
shifted_sensitivity|Waterbirds|seed=8|fraction=1|gamma=1.01|tau=0.1|lambda=0.8,shifted_sensitivity,Waterbirds,8,1.0,1199,1.01,0.1,0.8,point_selection_balanced,True,INLP::rank=2,INLP,0.0,True,True,False,False,False,True
shifted_sensitivity|Waterbirds|seed=8|fraction=1|gamma=1.01|tau=0.1|lambda=0.8,shifted_sensitivity,Waterbirds,8,1.0,1199,1.01,0.1,0.8,vera_balanced_iut,False,,,0.0,True,NA,False,False,False,True
shifted_sensitivity|Waterbirds|seed=8|fraction=1|gamma=1.01|tau=0.1|lambda=0.8,shifted_sensitivity,Waterbirds,8,1.0,1199,1.01,0.1,0.8,vera_balanced_envelope,False,,,0.0,True,NA,False,False,False,True
shifted_sensitivity|Waterbirds|seed=8|fraction=1|gamma=1.01|tau=0.1|lambda=0.8,shifted_sensitivity,Waterbirds,8,1.0,1199,1.01,0.1,0.8,external_balanced_oracle,True,INLP::rank=4,INLP,0.0,True,True,False,False,False,True
shifted_sensitivity|Waterbirds|seed=8|fraction=1|gamma=1.01|tau=0.2|lambda=0.6,shifted_sensitivity,Waterbirds,8,1.0,1199,1.01,0.2,0.6,always_deploy_balanced,True,INLP::rank=4,INLP,0.0,True,False,True,False,False,True
shifted_sensitivity|Waterbirds|seed=8|fraction=1|gamma=1.01|tau=0.2|lambda=0.6,shifted_sensitivity,Waterbirds,8,1.0,1199,1.01,0.2,0.6,point_selection_balanced,False,,,0.0,True,NA,False,False,False,True
shifted_sensitivity|Waterbirds|seed=8|fraction=1|gamma=1.01|tau=0.2|lambda=0.6,shifted_sensitivity,Waterbirds,8,1.0,1199,1.01,0.2,0.6,vera_balanced_iut,False,,,0.0,True,NA,False,False,False,True
shifted_sensitivity|Waterbirds|seed=8|fraction=1|gamma=1.01|tau=0.2|lambda=0.6,shifted_sensitivity,Waterbirds,8,1.0,1199,1.01,0.2,0.6,vera_balanced_envelope,False,,,0.0,True,NA,False,False,False,True
shifted_sensitivity|Waterbirds|seed=8|fraction=1|gamma=1.01|tau=0.2|lambda=0.6,shifted_sensitivity,Waterbirds,8,1.0,1199,1.01,0.2,0.6,external_balanced_oracle,False,,,0.0,True,NA,False,False,False,True
shifted_sensitivity|Waterbirds|seed=8|fraction=1|gamma=1.01|tau=0.2|lambda=0.7,shifted_sensitivity,Waterbirds,8,1.0,1199,1.01,0.2,0.7,always_deploy_balanced,True,INLP::rank=4,INLP,0.0,True,True,False,False,False,True
shifted_sensitivity|Waterbirds|seed=8|fraction=1|gamma=1.01|tau=0.2|lambda=0.7,shifted_sensitivity,Waterbirds,8,1.0,1199,1.01,0.2,0.7,point_selection_balanced,True,INLP::rank=4,INLP,0.0,True,True,False,False,False,True
shifted_sensitivity|Waterbirds|seed=8|fraction=1|gamma=1.01|tau=0.2|lambda=0.7,shifted_sensitivity,Waterbirds,8,1.0,1199,1.01,0.2,0.7,vera_balanced_iut,False,,,0.0,True,NA,False,False,False,True
shifted_sensitivity|Waterbirds|seed=8|fraction=1|gamma=1.01|tau=0.2|lambda=0.7,shifted_sensitivity,Waterbirds,8,1.0,1199,1.01,0.2,0.7,vera_balanced_envelope,False,,,0.0,True,NA,False,False,False,True
shifted_sensitivity|Waterbirds|seed=8|fraction=1|gamma=1.01|tau=0.2|lambda=0.7,shifted_sensitivity,Waterbirds,8,1.0,1199,1.01,0.2,0.7,external_balanced_oracle,True,INLP::rank=4,INLP,0.0,True,True,False,False,False,True
shifted_sensitivity|Waterbirds|seed=8|fraction=1|gamma=1.01|tau=0.2|lambda=0.8,shifted_sensitivity,Waterbirds,8,1.0,1199,1.01,0.2,0.8,always_deploy_balanced,True,INLP::rank=4,INLP,1.010467529296875,True,True,False,False,False,True
shifted_sensitivity|Waterbirds|seed=8|fraction=1|gamma=1.01|tau=0.2|lambda=0.8,shifted_sensitivity,Waterbirds,8,1.0,1199,1.01,0.2,0.8,point_selection_balanced,True,INLP::rank=4,INLP,1.010467529296875,True,True,False,False,False,True
shifted_sensitivity|Waterbirds|seed=8|fraction=1|gamma=1.01|tau=0.2|lambda=0.8,shifted_sensitivity,Waterbirds,8,1.0,1199,1.01,0.2,0.8,vera_balanced_iut,True,INLP::rank=4,INLP,1.010467529296875,True,True,False,False,False,True
shifted_sensitivity|Waterbirds|seed=8|fraction=1|gamma=1.01|tau=0.2|lambda=0.8,shifted_sensitivity,Waterbirds,8,1.0,1199,1.01,0.2,0.8,vera_balanced_envelope,True,INLP::rank=4,INLP,1.010467529296875,True,True,False,False,False,True
shifted_sensitivity|Waterbirds|seed=8|fraction=1|gamma=1.01|tau=0.2|lambda=0.8,shifted_sensitivity,Waterbirds,8,1.0,1199,1.01,0.2,0.8,external_balanced_oracle,True,INLP::rank=4,INLP,1.010467529296875,True,True,False,False,False,True
learning_curve|Waterbirds|seed=9|fraction=0.05|gamma=1|tau=0.05|lambda=0.6,learning_curve,Waterbirds,9,0.05,58,1.0,0.05,0.6,always_deploy_balanced,True,INLP::rank=4,INLP,0.0,True,False,True,False,False,True
learning_curve|Waterbirds|seed=9|fraction=0.05|gamma=1|tau=0.05|lambda=0.6,learning_curve,Waterbirds,9,0.05,58,1.0,0.05,0.6,point_selection_balanced,False,,,0.0,True,NA,False,False,False,True
learning_curve|Waterbirds|seed=9|fraction=0.05|gamma=1|tau=0.05|lambda=0.6,learning_curve,Waterbirds,9,0.05,58,1.0,0.05,0.6,vera_balanced_iut,False,,,0.0,True,NA,False,False,False,True
learning_curve|Waterbirds|seed=9|fraction=0.05|gamma=1|tau=0.05|lambda=0.6,learning_curve,Waterbirds,9,0.05,58,1.0,0.05,0.6,vera_balanced_envelope,False,,,0.0,True,NA,False,False,False,True
learning_curve|Waterbirds|seed=9|fraction=0.05|gamma=1|tau=0.05|lambda=0.6,learning_curve,Waterbirds,9,0.05,58,1.0,0.05,0.6,external_balanced_oracle,False,,,0.0,True,NA,False,False,False,True
learning_curve|Waterbirds|seed=9|fraction=0.05|gamma=1|tau=0.05|lambda=0.7,learning_curve,Waterbirds,9,0.05,58,1.0,0.05,0.7,always_deploy_balanced,True,INLP::rank=4,INLP,0.0,True,False,True,False,False,True
learning_curve|Waterbirds|seed=9|fraction=0.05|gamma=1|tau=0.05|lambda=0.7,learning_curve,Waterbirds,9,0.05,58,1.0,0.05,0.7,point_selection_balanced,True,INLP::rank=4,INLP,0.0,True,False,True,False,False,True
learning_curve|Waterbirds|seed=9|fraction=0.05|gamma=1|tau=0.05|lambda=0.7,learning_curve,Waterbirds,9,0.05,58,1.0,0.05,0.7,vera_balanced_iut,False,,,0.0,True,NA,False,False,False,True
learning_curve|Waterbirds|seed=9|fraction=0.05|gamma=1|tau=0.05|lambda=0.7,learning_curve,Waterbirds,9,0.05,58,1.0,0.05,0.7,vera_balanced_envelope,False,,,0.0,True,NA,False,False,False,True
learning_curve|Waterbirds|seed=9|fraction=0.05|gamma=1|tau=0.05|lambda=0.7,learning_curve,Waterbirds,9,0.05,58,1.0,0.05,0.7,external_balanced_oracle,False,,,0.0,True,NA,False,False,False,True
learning_curve|Waterbirds|seed=9|fraction=0.05|gamma=1|tau=0.05|lambda=0.8,learning_curve,Waterbirds,9,0.05,58,1.0,0.05,0.8,always_deploy_balanced,True,INLP::rank=4,INLP,0.0,True,False,True,False,False,True
learning_curve|Waterbirds|seed=9|fraction=0.05|gamma=1|tau=0.05|lambda=0.8,learning_curve,Waterbirds,9,0.05,58,1.0,0.05,0.8,point_selection_balanced,True,INLP::rank=4,INLP,0.0,True,False,True,False,False,True
learning_curve|Waterbirds|seed=9|fraction=0.05|gamma=1|tau=0.05|lambda=0.8,learning_curve,Waterbirds,9,0.05,58,1.0,0.05,0.8,vera_balanced_iut,False,,,0.0,True,NA,False,False,False,True
learning_curve|Waterbirds|seed=9|fraction=0.05|gamma=1|tau=0.05|lambda=0.8,learning_curve,Waterbirds,9,0.05,58,1.0,0.05,0.8,vera_balanced_envelope,False,,,0.0,True,NA,False,False,False,True
learning_curve|Waterbirds|seed=9|fraction=0.05|gamma=1|tau=0.05|lambda=0.8,learning_curve,Waterbirds,9,0.05,58,1.0,0.05,0.8,external_balanced_oracle,True,INLP::rank=2,INLP,0.0,True,True,False,False,False,True
learning_curve|Waterbirds|seed=9|fraction=0.05|gamma=1|tau=0.1|lambda=0.6,learning_curve,Waterbirds,9,0.05,58,1.0,0.1,0.6,always_deploy_balanced,True,INLP::rank=4,INLP,0.0,True,False,True,False,False,True
learning_curve|Waterbirds|seed=9|fraction=0.05|gamma=1|tau=0.1|lambda=0.6,learning_curve,Waterbirds,9,0.05,58,1.0,0.1,0.6,point_selection_balanced,False,,,0.0,True,NA,False,False,False,True
learning_curve|Waterbirds|seed=9|fraction=0.05|gamma=1|tau=0.1|lambda=0.6,learning_curve,Waterbirds,9,0.05,58,1.0,0.1,0.6,vera_balanced_iut,False,,,0.0,True,NA,False,False,False,True
learning_curve|Waterbirds|seed=9|fraction=0.05|gamma=1|tau=0.1|lambda=0.6,learning_curve,Waterbirds,9,0.05,58,1.0,0.1,0.6,vera_balanced_envelope,False,,,0.0,True,NA,False,False,False,True
learning_curve|Waterbirds|seed=9|fraction=0.05|gamma=1|tau=0.1|lambda=0.6,learning_curve,Waterbirds,9,0.05,58,1.0,0.1,0.6,external_balanced_oracle,False,,,0.0,True,NA,False,False,False,True
learning_curve|Waterbirds|seed=9|fraction=0.05|gamma=1|tau=0.1|lambda=0.7,learning_curve,Waterbirds,9,0.05,58,1.0,0.1,0.7,always_deploy_balanced,True,INLP::rank=4,INLP,0.0,True,True,False,False,False,True
learning_curve|Waterbirds|seed=9|fraction=0.05|gamma=1|tau=0.1|lambda=0.7,learning_curve,Waterbirds,9,0.05,58,1.0,0.1,0.7,point_selection_balanced,True,INLP::rank=4,INLP,0.0,True,True,False,False,False,True
learning_curve|Waterbirds|seed=9|fraction=0.05|gamma=1|tau=0.1|lambda=0.7,learning_curve,Waterbirds,9,0.05,58,1.0,0.1,0.7,vera_balanced_iut,False,,,0.0,True,NA,False,False,False,True
learning_curve|Waterbirds|seed=9|fraction=0.05|gamma=1|tau=0.1|lambda=0.7,learning_curve,Waterbirds,9,0.05,58,1.0,0.1,0.7,vera_balanced_envelope,False,,,0.0,True,NA,False,False,False,True
learning_curve|Waterbirds|seed=9|fraction=0.05|gamma=1|tau=0.1|lambda=0.7,learning_curve,Waterbirds,9,0.05,58,1.0,0.1,0.7,external_balanced_oracle,True,INLP::rank=4,INLP,0.0,True,True,False,False,False,True
learning_curve|Waterbirds|seed=9|fraction=0.05|gamma=1|tau=0.1|lambda=0.8,learning_curve,Waterbirds,9,0.05,58,1.0,0.1,0.8,always_deploy_balanced,True,INLP::rank=4,INLP,0.0,True,True,False,False,False,True
learning_curve|Waterbirds|seed=9|fraction=0.05|gamma=1|tau=0.1|lambda=0.8,learning_curve,Waterbirds,9,0.05,58,1.0,0.1,0.8,point_selection_balanced,True,INLP::rank=4,INLP,0.0,True,True,False,False,False,True
learning_curve|Waterbirds|seed=9|fraction=0.05|gamma=1|tau=0.1|lambda=0.8,learning_curve,Waterbirds,9,0.05,58,1.0,0.1,0.8,vera_balanced_iut,False,,,0.0,True,NA,False,False,False,True
learning_curve|Waterbirds|seed=9|fraction=0.05|gamma=1|tau=0.1|lambda=0.8,learning_curve,Waterbirds,9,0.05,58,1.0,0.1,0.8,vera_balanced_envelope,False,,,0.0,True,NA,False,False,False,True
learning_curve|Waterbirds|seed=9|fraction=0.05|gamma=1|tau=0.1|lambda=0.8,learning_curve,Waterbirds,9,0.05,58,1.0,0.1,0.8,external_balanced_oracle,True,INLP::rank=4,INLP,0.0,True,True,False,False,False,True
learning_curve|Waterbirds|seed=9|fraction=0.05|gamma=1|tau=0.2|lambda=0.6,learning_curve,Waterbirds,9,0.05,58,1.0,0.2,0.6,always_deploy_balanced,True,INLP::rank=4,INLP,0.0,True,False,True,False,False,True
learning_curve|Waterbirds|seed=9|fraction=0.05|gamma=1|tau=0.2|lambda=0.6,learning_curve,Waterbirds,9,0.05,58,1.0,0.2,0.6,point_selection_balanced,False,,,0.0,True,NA,False,False,False,True
learning_curve|Waterbirds|seed=9|fraction=0.05|gamma=1|tau=0.2|lambda=0.6,learning_curve,Waterbirds,9,0.05,58,1.0,0.2,0.6,vera_balanced_iut,False,,,0.0,True,NA,False,False,False,True
learning_curve|Waterbirds|seed=9|fraction=0.05|gamma=1|tau=0.2|lambda=0.6,learning_curve,Waterbirds,9,0.05,58,1.0,0.2,0.6,vera_balanced_envelope,False,,,0.0,True,NA,False,False,False,True
learning_curve|Waterbirds|seed=9|fraction=0.05|gamma=1|tau=0.2|lambda=0.6,learning_curve,Waterbirds,9,0.05,58,1.0,0.2,0.6,external_balanced_oracle,False,,,0.0,True,NA,False,False,False,True
learning_curve|Waterbirds|seed=9|fraction=0.05|gamma=1|tau=0.2|lambda=0.7,learning_curve,Waterbirds,9,0.05,58,1.0,0.2,0.7,always_deploy_balanced,True,INLP::rank=4,INLP,0.0,True,True,False,False,False,True
learning_curve|Waterbirds|seed=9|fraction=0.05|gamma=1|tau=0.2|lambda=0.7,learning_curve,Waterbirds,9,0.05,58,1.0,0.2,0.7,point_selection_balanced,True,INLP::rank=4,INLP,0.0,True,True,False,False,False,True
learning_curve|Waterbirds|seed=9|fraction=0.05|gamma=1|tau=0.2|lambda=0.7,learning_curve,Waterbirds,9,0.05,58,1.0,0.2,0.7,vera_balanced_iut,False,,,0.0,True,NA,False,False,False,True
learning_curve|Waterbirds|seed=9|fraction=0.05|gamma=1|tau=0.2|lambda=0.7,learning_curve,Waterbirds,9,0.05,58,1.0,0.2,0.7,vera_balanced_envelope,False,,,0.0,True,NA,False,False,False,True
learning_curve|Waterbirds|seed=9|fraction=0.05|gamma=1|tau=0.2|lambda=0.7,learning_curve,Waterbirds,9,0.05,58,1.0,0.2,0.7,external_balanced_oracle,True,INLP::rank=4,INLP,0.0,True,True,False,False,False,True
learning_curve|Waterbirds|seed=9|fraction=0.05|gamma=1|tau=0.2|lambda=0.8,learning_curve,Waterbirds,9,0.05,58,1.0,0.2,0.8,always_deploy_balanced,True,INLP::rank=4,INLP,0.0,True,True,False,False,False,True
learning_curve|Waterbirds|seed=9|fraction=0.05|gamma=1|tau=0.2|lambda=0.8,learning_curve,Waterbirds,9,0.05,58,1.0,0.2,0.8,point_selection_balanced,True,INLP::rank=4,INLP,0.0,True,True,False,False,False,True
learning_curve|Waterbirds|seed=9|fraction=0.05|gamma=1|tau=0.2|lambda=0.8,learning_curve,Waterbirds,9,0.05,58,1.0,0.2,0.8,vera_balanced_iut,False,,,0.0,True,NA,False,False,False,True
learning_curve|Waterbirds|seed=9|fraction=0.05|gamma=1|tau=0.2|lambda=0.8,learning_curve,Waterbirds,9,0.05,58,1.0,0.2,0.8,vera_balanced_envelope,False,,,0.0,True,NA,False,False,False,True
learning_curve|Waterbirds|seed=9|fraction=0.05|gamma=1|tau=0.2|lambda=0.8,learning_curve,Waterbirds,9,0.05,58,1.0,0.2,0.8,external_balanced_oracle,True,INLP::rank=4,INLP,0.0,True,True,False,False,False,True
learning_curve|Waterbirds|seed=9|fraction=0.1|gamma=1|tau=0.05|lambda=0.6,learning_curve,Waterbirds,9,0.1,118,1.0,0.05,0.6,always_deploy_balanced,True,INLP::rank=4,INLP,0.0,True,False,True,False,False,True
learning_curve|Waterbirds|seed=9|fraction=0.1|gamma=1|tau=0.05|lambda=0.6,learning_curve,Waterbirds,9,0.1,118,1.0,0.05,0.6,point_selection_balanced,False,,,0.0,True,NA,False,False,False,True
learning_curve|Waterbirds|seed=9|fraction=0.1|gamma=1|tau=0.05|lambda=0.6,learning_curve,Waterbirds,9,0.1,118,1.0,0.05,0.6,vera_balanced_iut,False,,,0.0,True,NA,False,False,False,True
learning_curve|Waterbirds|seed=9|fraction=0.1|gamma=1|tau=0.05|lambda=0.6,learning_curve,Waterbirds,9,0.1,118,1.0,0.05,0.6,vera_balanced_envelope,False,,,0.0,True,NA,False,False,False,True
learning_curve|Waterbirds|seed=9|fraction=0.1|gamma=1|tau=0.05|lambda=0.6,learning_curve,Waterbirds,9,0.1,118,1.0,0.05,0.6,external_balanced_oracle,False,,,0.0,True,NA,False,False,False,True
learning_curve|Waterbirds|seed=9|fraction=0.1|gamma=1|tau=0.05|lambda=0.7,learning_curve,Waterbirds,9,0.1,118,1.0,0.05,0.7,always_deploy_balanced,True,INLP::rank=4,INLP,0.0,True,False,True,False,False,True
learning_curve|Waterbirds|seed=9|fraction=0.1|gamma=1|tau=0.05|lambda=0.7,learning_curve,Waterbirds,9,0.1,118,1.0,0.05,0.7,point_selection_balanced,False,,,0.0,True,NA,False,False,False,True
learning_curve|Waterbirds|seed=9|fraction=0.1|gamma=1|tau=0.05|lambda=0.7,learning_curve,Waterbirds,9,0.1,118,1.0,0.05,0.7,vera_balanced_iut,False,,,0.0,True,NA,False,False,False,True
learning_curve|Waterbirds|seed=9|fraction=0.1|gamma=1|tau=0.05|lambda=0.7,learning_curve,Waterbirds,9,0.1,118,1.0,0.05,0.7,vera_balanced_envelope,False,,,0.0,True,NA,False,False,False,True
learning_curve|Waterbirds|seed=9|fraction=0.1|gamma=1|tau=0.05|lambda=0.7,learning_curve,Waterbirds,9,0.1,118,1.0,0.05,0.7,external_balanced_oracle,False,,,0.0,True,NA,False,False,False,True
learning_curve|Waterbirds|seed=9|fraction=0.1|gamma=1|tau=0.05|lambda=0.8,learning_curve,Waterbirds,9,0.1,118,1.0,0.05,0.8,always_deploy_balanced,True,INLP::rank=4,INLP,0.0,True,False,True,False,False,True
learning_curve|Waterbirds|seed=9|fraction=0.1|gamma=1|tau=0.05|lambda=0.8,learning_curve,Waterbirds,9,0.1,118,1.0,0.05,0.8,point_selection_balanced,False,,,0.0,True,NA,False,False,False,True
learning_curve|Waterbirds|seed=9|fraction=0.1|gamma=1|tau=0.05|lambda=0.8,learning_curve,Waterbirds,9,0.1,118,1.0,0.05,0.8,vera_balanced_iut,False,,,0.0,True,NA,False,False,False,True
learning_curve|Waterbirds|seed=9|fraction=0.1|gamma=1|tau=0.05|lambda=0.8,learning_curve,Waterbirds,9,0.1,118,1.0,0.05,0.8,vera_balanced_envelope,False,,,0.0,True,NA,False,False,False,True
learning_curve|Waterbirds|seed=9|fraction=0.1|gamma=1|tau=0.05|lambda=0.8,learning_curve,Waterbirds,9,0.1,118,1.0,0.05,0.8,external_balanced_oracle,True,INLP::rank=2,INLP,0.0,True,True,False,False,False,True
learning_curve|Waterbirds|seed=9|fraction=0.1|gamma=1|tau=0.1|lambda=0.6,learning_curve,Waterbirds,9,0.1,118,1.0,0.1,0.6,always_deploy_balanced,True,INLP::rank=4,INLP,0.0,True,False,True,False,False,True
learning_curve|Waterbirds|seed=9|fraction=0.1|gamma=1|tau=0.1|lambda=0.6,learning_curve,Waterbirds,9,0.1,118,1.0,0.1,0.6,point_selection_balanced,False,,,0.0,True,NA,False,False,False,True
learning_curve|Waterbirds|seed=9|fraction=0.1|gamma=1|tau=0.1|lambda=0.6,learning_curve,Waterbirds,9,0.1,118,1.0,0.1,0.6,vera_balanced_iut,False,,,0.0,True,NA,False,False,False,True
learning_curve|Waterbirds|seed=9|fraction=0.1|gamma=1|tau=0.1|lambda=0.6,learning_curve,Waterbirds,9,0.1,118,1.0,0.1,0.6,vera_balanced_envelope,False,,,0.0,True,NA,False,False,False,True
learning_curve|Waterbirds|seed=9|fraction=0.1|gamma=1|tau=0.1|lambda=0.6,learning_curve,Waterbirds,9,0.1,118,1.0,0.1,0.6,external_balanced_oracle,False,,,0.0,True,NA,False,False,False,True
learning_curve|Waterbirds|seed=9|fraction=0.1|gamma=1|tau=0.1|lambda=0.7,learning_curve,Waterbirds,9,0.1,118,1.0,0.1,0.7,always_deploy_balanced,True,INLP::rank=4,INLP,0.0,True,True,False,False,False,True
learning_curve|Waterbirds|seed=9|fraction=0.1|gamma=1|tau=0.1|lambda=0.7,learning_curve,Waterbirds,9,0.1,118,1.0,0.1,0.7,point_selection_balanced,False,,,0.0,True,NA,False,False,False,True
learning_curve|Waterbirds|seed=9|fraction=0.1|gamma=1|tau=0.1|lambda=0.7,learning_curve,Waterbirds,9,0.1,118,1.0,0.1,0.7,vera_balanced_iut,False,,,0.0,True,NA,False,False,False,True
learning_curve|Waterbirds|seed=9|fraction=0.1|gamma=1|tau=0.1|lambda=0.7,learning_curve,Waterbirds,9,0.1,118,1.0,0.1,0.7,vera_balanced_envelope,False,,,0.0,True,NA,False,False,False,True
learning_curve|Waterbirds|seed=9|fraction=0.1|gamma=1|tau=0.1|lambda=0.7,learning_curve,Waterbirds,9,0.1,118,1.0,0.1,0.7,external_balanced_oracle,True,INLP::rank=4,INLP,0.0,True,True,False,False,False,True
learning_curve|Waterbirds|seed=9|fraction=0.1|gamma=1|tau=0.1|lambda=0.8,learning_curve,Waterbirds,9,0.1,118,1.0,0.1,0.8,always_deploy_balanced,True,INLP::rank=4,INLP,0.0,True,True,False,False,False,True
learning_curve|Waterbirds|seed=9|fraction=0.1|gamma=1|tau=0.1|lambda=0.8,learning_curve,Waterbirds,9,0.1,118,1.0,0.1,0.8,point_selection_balanced,True,INLP::rank=2,INLP,0.0,True,True,False,False,False,True
learning_curve|Waterbirds|seed=9|fraction=0.1|gamma=1|tau=0.1|lambda=0.8,learning_curve,Waterbirds,9,0.1,118,1.0,0.1,0.8,vera_balanced_iut,False,,,0.0,True,NA,False,False,False,True
learning_curve|Waterbirds|seed=9|fraction=0.1|gamma=1|tau=0.1|lambda=0.8,learning_curve,Waterbirds,9,0.1,118,1.0,0.1,0.8,vera_balanced_envelope,False,,,0.0,True,NA,False,False,False,True
learning_curve|Waterbirds|seed=9|fraction=0.1|gamma=1|tau=0.1|lambda=0.8,learning_curve,Waterbirds,9,0.1,118,1.0,0.1,0.8,external_balanced_oracle,True,INLP::rank=4,INLP,0.0,True,True,False,False,False,True
learning_curve|Waterbirds|seed=9|fraction=0.1|gamma=1|tau=0.2|lambda=0.6,learning_curve,Waterbirds,9,0.1,118,1.0,0.2,0.6,always_deploy_balanced,True,INLP::rank=4,INLP,0.0,True,False,True,False,False,True
learning_curve|Waterbirds|seed=9|fraction=0.1|gamma=1|tau=0.2|lambda=0.6,learning_curve,Waterbirds,9,0.1,118,1.0,0.2,0.6,point_selection_balanced,False,,,0.0,True,NA,False,False,False,True
learning_curve|Waterbirds|seed=9|fraction=0.1|gamma=1|tau=0.2|lambda=0.6,learning_curve,Waterbirds,9,0.1,118,1.0,0.2,0.6,vera_balanced_iut,False,,,0.0,True,NA,False,False,False,True
learning_curve|Waterbirds|seed=9|fraction=0.1|gamma=1|tau=0.2|lambda=0.6,learning_curve,Waterbirds,9,0.1,118,1.0,0.2,0.6,vera_balanced_envelope,False,,,0.0,True,NA,False,False,False,True
learning_curve|Waterbirds|seed=9|fraction=0.1|gamma=1|tau=0.2|lambda=0.6,learning_curve,Waterbirds,9,0.1,118,1.0,0.2,0.6,external_balanced_oracle,False,,,0.0,True,NA,False,False,False,True
learning_curve|Waterbirds|seed=9|fraction=0.1|gamma=1|tau=0.2|lambda=0.7,learning_curve,Waterbirds,9,0.1,118,1.0,0.2,0.7,always_deploy_balanced,True,INLP::rank=4,INLP,0.0,True,True,False,False,False,True
learning_curve|Waterbirds|seed=9|fraction=0.1|gamma=1|tau=0.2|lambda=0.7,learning_curve,Waterbirds,9,0.1,118,1.0,0.2,0.7,point_selection_balanced,True,INLP::rank=4,INLP,0.0,True,True,False,False,False,True
learning_curve|Waterbirds|seed=9|fraction=0.1|gamma=1|tau=0.2|lambda=0.7,learning_curve,Waterbirds,9,0.1,118,1.0,0.2,0.7,vera_balanced_iut,False,,,0.0,True,NA,False,False,False,True
learning_curve|Waterbirds|seed=9|fraction=0.1|gamma=1|tau=0.2|lambda=0.7,learning_curve,Waterbirds,9,0.1,118,1.0,0.2,0.7,vera_balanced_envelope,False,,,0.0,True,NA,False,False,False,True
learning_curve|Waterbirds|seed=9|fraction=0.1|gamma=1|tau=0.2|lambda=0.7,learning_curve,Waterbirds,9,0.1,118,1.0,0.2,0.7,external_balanced_oracle,True,INLP::rank=4,INLP,0.0,True,True,False,False,False,True
learning_curve|Waterbirds|seed=9|fraction=0.1|gamma=1|tau=0.2|lambda=0.8,learning_curve,Waterbirds,9,0.1,118,1.0,0.2,0.8,always_deploy_balanced,True,INLP::rank=4,INLP,0.0,True,True,False,False,False,True
learning_curve|Waterbirds|seed=9|fraction=0.1|gamma=1|tau=0.2|lambda=0.8,learning_curve,Waterbirds,9,0.1,118,1.0,0.2,0.8,point_selection_balanced,True,INLP::rank=4,INLP,0.0,True,True,False,False,False,True
learning_curve|Waterbirds|seed=9|fraction=0.1|gamma=1|tau=0.2|lambda=0.8,learning_curve,Waterbirds,9,0.1,118,1.0,0.2,0.8,vera_balanced_iut,False,,,0.0,True,NA,False,False,False,True
learning_curve|Waterbirds|seed=9|fraction=0.1|gamma=1|tau=0.2|lambda=0.8,learning_curve,Waterbirds,9,0.1,118,1.0,0.2,0.8,vera_balanced_envelope,False,,,0.0,True,NA,False,False,False,True
learning_curve|Waterbirds|seed=9|fraction=0.1|gamma=1|tau=0.2|lambda=0.8,learning_curve,Waterbirds,9,0.1,118,1.0,0.2,0.8,external_balanced_oracle,True,INLP::rank=4,INLP,0.0,True,True,False,False,False,True
learning_curve|Waterbirds|seed=9|fraction=0.25|gamma=1|tau=0.05|lambda=0.6,learning_curve,Waterbirds,9,0.25,298,1.0,0.05,0.6,always_deploy_balanced,True,INLP::rank=4,INLP,0.0,True,False,True,False,False,True
learning_curve|Waterbirds|seed=9|fraction=0.25|gamma=1|tau=0.05|lambda=0.6,learning_curve,Waterbirds,9,0.25,298,1.0,0.05,0.6,point_selection_balanced,False,,,0.0,True,NA,False,False,False,True
learning_curve|Waterbirds|seed=9|fraction=0.25|gamma=1|tau=0.05|lambda=0.6,learning_curve,Waterbirds,9,0.25,298,1.0,0.05,0.6,vera_balanced_iut,False,,,0.0,True,NA,False,False,False,True
learning_curve|Waterbirds|seed=9|fraction=0.25|gamma=1|tau=0.05|lambda=0.6,learning_curve,Waterbirds,9,0.25,298,1.0,0.05,0.6,vera_balanced_envelope,False,,,0.0,True,NA,False,False,False,True
learning_curve|Waterbirds|seed=9|fraction=0.25|gamma=1|tau=0.05|lambda=0.6,learning_curve,Waterbirds,9,0.25,298,1.0,0.05,0.6,external_balanced_oracle,False,,,0.0,True,NA,False,False,False,True
learning_curve|Waterbirds|seed=9|fraction=0.25|gamma=1|tau=0.05|lambda=0.7,learning_curve,Waterbirds,9,0.25,298,1.0,0.05,0.7,always_deploy_balanced,True,INLP::rank=4,INLP,0.0,True,False,True,False,False,True
learning_curve|Waterbirds|seed=9|fraction=0.25|gamma=1|tau=0.05|lambda=0.7,learning_curve,Waterbirds,9,0.25,298,1.0,0.05,0.7,point_selection_balanced,False,,,0.0,True,NA,False,False,False,True
learning_curve|Waterbirds|seed=9|fraction=0.25|gamma=1|tau=0.05|lambda=0.7,learning_curve,Waterbirds,9,0.25,298,1.0,0.05,0.7,vera_balanced_iut,False,,,0.0,True,NA,False,False,False,True
learning_curve|Waterbirds|seed=9|fraction=0.25|gamma=1|tau=0.05|lambda=0.7,learning_curve,Waterbirds,9,0.25,298,1.0,0.05,0.7,vera_balanced_envelope,False,,,0.0,True,NA,False,False,False,True
learning_curve|Waterbirds|seed=9|fraction=0.25|gamma=1|tau=0.05|lambda=0.7,learning_curve,Waterbirds,9,0.25,298,1.0,0.05,0.7,external_balanced_oracle,False,,,0.0,True,NA,False,False,False,True
learning_curve|Waterbirds|seed=9|fraction=0.25|gamma=1|tau=0.05|lambda=0.8,learning_curve,Waterbirds,9,0.25,298,1.0,0.05,0.8,always_deploy_balanced,True,INLP::rank=4,INLP,0.0,True,False,True,False,False,True
learning_curve|Waterbirds|seed=9|fraction=0.25|gamma=1|tau=0.05|lambda=0.8,learning_curve,Waterbirds,9,0.25,298,1.0,0.05,0.8,point_selection_balanced,True,INLP::rank=2,INLP,0.0,True,True,False,False,False,True
learning_curve|Waterbirds|seed=9|fraction=0.25|gamma=1|tau=0.05|lambda=0.8,learning_curve,Waterbirds,9,0.25,298,1.0,0.05,0.8,vera_balanced_iut,False,,,0.0,True,NA,False,False,False,True
learning_curve|Waterbirds|seed=9|fraction=0.25|gamma=1|tau=0.05|lambda=0.8,learning_curve,Waterbirds,9,0.25,298,1.0,0.05,0.8,vera_balanced_envelope,False,,,0.0,True,NA,False,False,False,True
learning_curve|Waterbirds|seed=9|fraction=0.25|gamma=1|tau=0.05|lambda=0.8,learning_curve,Waterbirds,9,0.25,298,1.0,0.05,0.8,external_balanced_oracle,True,INLP::rank=2,INLP,0.0,True,True,False,False,False,True
learning_curve|Waterbirds|seed=9|fraction=0.25|gamma=1|tau=0.1|lambda=0.6,learning_curve,Waterbirds,9,0.25,298,1.0,0.1,0.6,always_deploy_balanced,True,INLP::rank=4,INLP,0.0,True,False,True,False,False,True
learning_curve|Waterbirds|seed=9|fraction=0.25|gamma=1|tau=0.1|lambda=0.6,learning_curve,Waterbirds,9,0.25,298,1.0,0.1,0.6,point_selection_balanced,False,,,0.0,True,NA,False,False,False,True
learning_curve|Waterbirds|seed=9|fraction=0.25|gamma=1|tau=0.1|lambda=0.6,learning_curve,Waterbirds,9,0.25,298,1.0,0.1,0.6,vera_balanced_iut,False,,,0.0,True,NA,False,False,False,True
learning_curve|Waterbirds|seed=9|fraction=0.25|gamma=1|tau=0.1|lambda=0.6,learning_curve,Waterbirds,9,0.25,298,1.0,0.1,0.6,vera_balanced_envelope,False,,,0.0,True,NA,False,False,False,True
learning_curve|Waterbirds|seed=9|fraction=0.25|gamma=1|tau=0.1|lambda=0.6,learning_curve,Waterbirds,9,0.25,298,1.0,0.1,0.6,external_balanced_oracle,False,,,0.0,True,NA,False,False,False,True
learning_curve|Waterbirds|seed=9|fraction=0.25|gamma=1|tau=0.1|lambda=0.7,learning_curve,Waterbirds,9,0.25,298,1.0,0.1,0.7,always_deploy_balanced,True,INLP::rank=4,INLP,0.0,True,True,False,False,False,True
learning_curve|Waterbirds|seed=9|fraction=0.25|gamma=1|tau=0.1|lambda=0.7,learning_curve,Waterbirds,9,0.25,298,1.0,0.1,0.7,point_selection_balanced,True,INLP::rank=4,INLP,0.0,True,True,False,False,False,True
learning_curve|Waterbirds|seed=9|fraction=0.25|gamma=1|tau=0.1|lambda=0.7,learning_curve,Waterbirds,9,0.25,298,1.0,0.1,0.7,vera_balanced_iut,False,,,0.0,True,NA,False,False,False,True
learning_curve|Waterbirds|seed=9|fraction=0.25|gamma=1|tau=0.1|lambda=0.7,learning_curve,Waterbirds,9,0.25,298,1.0,0.1,0.7,vera_balanced_envelope,False,,,0.0,True,NA,False,False,False,True
learning_curve|Waterbirds|seed=9|fraction=0.25|gamma=1|tau=0.1|lambda=0.7,learning_curve,Waterbirds,9,0.25,298,1.0,0.1,0.7,external_balanced_oracle,True,INLP::rank=4,INLP,0.0,True,True,False,False,False,True
learning_curve|Waterbirds|seed=9|fraction=0.25|gamma=1|tau=0.1|lambda=0.8,learning_curve,Waterbirds,9,0.25,298,1.0,0.1,0.8,always_deploy_balanced,True,INLP::rank=4,INLP,0.0,True,True,False,False,False,True
learning_curve|Waterbirds|seed=9|fraction=0.25|gamma=1|tau=0.1|lambda=0.8,learning_curve,Waterbirds,9,0.25,298,1.0,0.1,0.8,point_selection_balanced,True,INLP::rank=4,INLP,0.0,True,True,False,False,False,True
learning_curve|Waterbirds|seed=9|fraction=0.25|gamma=1|tau=0.1|lambda=0.8,learning_curve,Waterbirds,9,0.25,298,1.0,0.1,0.8,vera_balanced_iut,False,,,0.0,True,NA,False,False,False,True
learning_curve|Waterbirds|seed=9|fraction=0.25|gamma=1|tau=0.1|lambda=0.8,learning_curve,Waterbirds,9,0.25,298,1.0,0.1,0.8,vera_balanced_envelope,False,,,0.0,True,NA,False,False,False,True
learning_curve|Waterbirds|seed=9|fraction=0.25|gamma=1|tau=0.1|lambda=0.8,learning_curve,Waterbirds,9,0.25,298,1.0,0.1,0.8,external_balanced_oracle,True,INLP::rank=4,INLP,0.0,True,True,False,False,False,True
learning_curve|Waterbirds|seed=9|fraction=0.25|gamma=1|tau=0.2|lambda=0.6,learning_curve,Waterbirds,9,0.25,298,1.0,0.2,0.6,always_deploy_balanced,True,INLP::rank=4,INLP,0.0,True,False,True,False,False,True
learning_curve|Waterbirds|seed=9|fraction=0.25|gamma=1|tau=0.2|lambda=0.6,learning_curve,Waterbirds,9,0.25,298,1.0,0.2,0.6,point_selection_balanced,False,,,0.0,True,NA,False,False,False,True
learning_curve|Waterbirds|seed=9|fraction=0.25|gamma=1|tau=0.2|lambda=0.6,learning_curve,Waterbirds,9,0.25,298,1.0,0.2,0.6,vera_balanced_iut,False,,,0.0,True,NA,False,False,False,True
learning_curve|Waterbirds|seed=9|fraction=0.25|gamma=1|tau=0.2|lambda=0.6,learning_curve,Waterbirds,9,0.25,298,1.0,0.2,0.6,vera_balanced_envelope,False,,,0.0,True,NA,False,False,False,True
learning_curve|Waterbirds|seed=9|fraction=0.25|gamma=1|tau=0.2|lambda=0.6,learning_curve,Waterbirds,9,0.25,298,1.0,0.2,0.6,external_balanced_oracle,False,,,0.0,True,NA,False,False,False,True
learning_curve|Waterbirds|seed=9|fraction=0.25|gamma=1|tau=0.2|lambda=0.7,learning_curve,Waterbirds,9,0.25,298,1.0,0.2,0.7,always_deploy_balanced,True,INLP::rank=4,INLP,0.0,True,True,False,False,False,True
learning_curve|Waterbirds|seed=9|fraction=0.25|gamma=1|tau=0.2|lambda=0.7,learning_curve,Waterbirds,9,0.25,298,1.0,0.2,0.7,point_selection_balanced,True,INLP::rank=4,INLP,0.0,True,True,False,False,False,True
learning_curve|Waterbirds|seed=9|fraction=0.25|gamma=1|tau=0.2|lambda=0.7,learning_curve,Waterbirds,9,0.25,298,1.0,0.2,0.7,vera_balanced_iut,False,,,0.0,True,NA,False,False,False,True
learning_curve|Waterbirds|seed=9|fraction=0.25|gamma=1|tau=0.2|lambda=0.7,learning_curve,Waterbirds,9,0.25,298,1.0,0.2,0.7,vera_balanced_envelope,False,,,0.0,True,NA,False,False,False,True
learning_curve|Waterbirds|seed=9|fraction=0.25|gamma=1|tau=0.2|lambda=0.7,learning_curve,Waterbirds,9,0.25,298,1.0,0.2,0.7,external_balanced_oracle,True,INLP::rank=4,INLP,0.0,True,True,False,False,False,True
learning_curve|Waterbirds|seed=9|fraction=0.25|gamma=1|tau=0.2|lambda=0.8,learning_curve,Waterbirds,9,0.25,298,1.0,0.2,0.8,always_deploy_balanced,True,INLP::rank=4,INLP,0.0,True,True,False,False,False,True
learning_curve|Waterbirds|seed=9|fraction=0.25|gamma=1|tau=0.2|lambda=0.8,learning_curve,Waterbirds,9,0.25,298,1.0,0.2,0.8,point_selection_balanced,True,INLP::rank=4,INLP,0.0,True,True,False,False,False,True
learning_curve|Waterbirds|seed=9|fraction=0.25|gamma=1|tau=0.2|lambda=0.8,learning_curve,Waterbirds,9,0.25,298,1.0,0.2,0.8,vera_balanced_iut,False,,,0.0,True,NA,False,False,False,True
learning_curve|Waterbirds|seed=9|fraction=0.25|gamma=1|tau=0.2|lambda=0.8,learning_curve,Waterbirds,9,0.25,298,1.0,0.2,0.8,vera_balanced_envelope,False,,,0.0,True,NA,False,False,False,True
learning_curve|Waterbirds|seed=9|fraction=0.25|gamma=1|tau=0.2|lambda=0.8,learning_curve,Waterbirds,9,0.25,298,1.0,0.2,0.8,external_balanced_oracle,True,INLP::rank=4,INLP,0.0,True,True,False,False,False,True
learning_curve|Waterbirds|seed=9|fraction=0.5|gamma=1|tau=0.05|lambda=0.6,learning_curve,Waterbirds,9,0.5,598,1.0,0.05,0.6,always_deploy_balanced,True,INLP::rank=4,INLP,0.0,True,False,True,False,False,True
learning_curve|Waterbirds|seed=9|fraction=0.5|gamma=1|tau=0.05|lambda=0.6,learning_curve,Waterbirds,9,0.5,598,1.0,0.05,0.6,point_selection_balanced,False,,,0.0,True,NA,False,False,False,True
learning_curve|Waterbirds|seed=9|fraction=0.5|gamma=1|tau=0.05|lambda=0.6,learning_curve,Waterbirds,9,0.5,598,1.0,0.05,0.6,vera_balanced_iut,False,,,0.0,True,NA,False,False,False,True
learning_curve|Waterbirds|seed=9|fraction=0.5|gamma=1|tau=0.05|lambda=0.6,learning_curve,Waterbirds,9,0.5,598,1.0,0.05,0.6,vera_balanced_envelope,False,,,0.0,True,NA,False,False,False,True
learning_curve|Waterbirds|seed=9|fraction=0.5|gamma=1|tau=0.05|lambda=0.6,learning_curve,Waterbirds,9,0.5,598,1.0,0.05,0.6,external_balanced_oracle,False,,,0.0,True,NA,False,False,False,True
learning_curve|Waterbirds|seed=9|fraction=0.5|gamma=1|tau=0.05|lambda=0.7,learning_curve,Waterbirds,9,0.5,598,1.0,0.05,0.7,always_deploy_balanced,True,INLP::rank=4,INLP,0.0,True,False,True,False,False,True
learning_curve|Waterbirds|seed=9|fraction=0.5|gamma=1|tau=0.05|lambda=0.7,learning_curve,Waterbirds,9,0.5,598,1.0,0.05,0.7,point_selection_balanced,False,,,0.0,True,NA,False,False,False,True
learning_curve|Waterbirds|seed=9|fraction=0.5|gamma=1|tau=0.05|lambda=0.7,learning_curve,Waterbirds,9,0.5,598,1.0,0.05,0.7,vera_balanced_iut,False,,,0.0,True,NA,False,False,False,True
learning_curve|Waterbirds|seed=9|fraction=0.5|gamma=1|tau=0.05|lambda=0.7,learning_curve,Waterbirds,9,0.5,598,1.0,0.05,0.7,vera_balanced_envelope,False,,,0.0,True,NA,False,False,False,True
learning_curve|Waterbirds|seed=9|fraction=0.5|gamma=1|tau=0.05|lambda=0.7,learning_curve,Waterbirds,9,0.5,598,1.0,0.05,0.7,external_balanced_oracle,False,,,0.0,True,NA,False,False,False,True
learning_curve|Waterbirds|seed=9|fraction=0.5|gamma=1|tau=0.05|lambda=0.8,learning_curve,Waterbirds,9,0.5,598,1.0,0.05,0.8,always_deploy_balanced,True,INLP::rank=4,INLP,0.0,True,False,True,False,False,True
learning_curve|Waterbirds|seed=9|fraction=0.5|gamma=1|tau=0.05|lambda=0.8,learning_curve,Waterbirds,9,0.5,598,1.0,0.05,0.8,point_selection_balanced,False,,,0.0,True,NA,False,False,False,True
learning_curve|Waterbirds|seed=9|fraction=0.5|gamma=1|tau=0.05|lambda=0.8,learning_curve,Waterbirds,9,0.5,598,1.0,0.05,0.8,vera_balanced_iut,False,,,0.0,True,NA,False,False,False,True
learning_curve|Waterbirds|seed=9|fraction=0.5|gamma=1|tau=0.05|lambda=0.8,learning_curve,Waterbirds,9,0.5,598,1.0,0.05,0.8,vera_balanced_envelope,False,,,0.0,True,NA,False,False,False,True
learning_curve|Waterbirds|seed=9|fraction=0.5|gamma=1|tau=0.05|lambda=0.8,learning_curve,Waterbirds,9,0.5,598,1.0,0.05,0.8,external_balanced_oracle,True,INLP::rank=2,INLP,0.0,True,True,False,False,False,True
learning_curve|Waterbirds|seed=9|fraction=0.5|gamma=1|tau=0.1|lambda=0.6,learning_curve,Waterbirds,9,0.5,598,1.0,0.1,0.6,always_deploy_balanced,True,INLP::rank=4,INLP,0.0,True,False,True,False,False,True
learning_curve|Waterbirds|seed=9|fraction=0.5|gamma=1|tau=0.1|lambda=0.6,learning_curve,Waterbirds,9,0.5,598,1.0,0.1,0.6,point_selection_balanced,False,,,0.0,True,NA,False,False,False,True
learning_curve|Waterbirds|seed=9|fraction=0.5|gamma=1|tau=0.1|lambda=0.6,learning_curve,Waterbirds,9,0.5,598,1.0,0.1,0.6,vera_balanced_iut,False,,,0.0,True,NA,False,False,False,True
learning_curve|Waterbirds|seed=9|fraction=0.5|gamma=1|tau=0.1|lambda=0.6,learning_curve,Waterbirds,9,0.5,598,1.0,0.1,0.6,vera_balanced_envelope,False,,,0.0,True,NA,False,False,False,True
learning_curve|Waterbirds|seed=9|fraction=0.5|gamma=1|tau=0.1|lambda=0.6,learning_curve,Waterbirds,9,0.5,598,1.0,0.1,0.6,external_balanced_oracle,False,,,0.0,True,NA,False,False,False,True
learning_curve|Waterbirds|seed=9|fraction=0.5|gamma=1|tau=0.1|lambda=0.7,learning_curve,Waterbirds,9,0.5,598,1.0,0.1,0.7,always_deploy_balanced,True,INLP::rank=4,INLP,0.0,True,True,False,False,False,True
learning_curve|Waterbirds|seed=9|fraction=0.5|gamma=1|tau=0.1|lambda=0.7,learning_curve,Waterbirds,9,0.5,598,1.0,0.1,0.7,point_selection_balanced,True,INLP::rank=4,INLP,0.0,True,True,False,False,False,True
learning_curve|Waterbirds|seed=9|fraction=0.5|gamma=1|tau=0.1|lambda=0.7,learning_curve,Waterbirds,9,0.5,598,1.0,0.1,0.7,vera_balanced_iut,False,,,0.0,True,NA,False,False,False,True
learning_curve|Waterbirds|seed=9|fraction=0.5|gamma=1|tau=0.1|lambda=0.7,learning_curve,Waterbirds,9,0.5,598,1.0,0.1,0.7,vera_balanced_envelope,False,,,0.0,True,NA,False,False,False,True
learning_curve|Waterbirds|seed=9|fraction=0.5|gamma=1|tau=0.1|lambda=0.7,learning_curve,Waterbirds,9,0.5,598,1.0,0.1,0.7,external_balanced_oracle,True,INLP::rank=4,INLP,0.0,True,True,False,False,False,True
learning_curve|Waterbirds|seed=9|fraction=0.5|gamma=1|tau=0.1|lambda=0.8,learning_curve,Waterbirds,9,0.5,598,1.0,0.1,0.8,always_deploy_balanced,True,INLP::rank=4,INLP,0.0,True,True,False,False,False,True
learning_curve|Waterbirds|seed=9|fraction=0.5|gamma=1|tau=0.1|lambda=0.8,learning_curve,Waterbirds,9,0.5,598,1.0,0.1,0.8,point_selection_balanced,True,INLP::rank=4,INLP,0.0,True,True,False,False,False,True
learning_curve|Waterbirds|seed=9|fraction=0.5|gamma=1|tau=0.1|lambda=0.8,learning_curve,Waterbirds,9,0.5,598,1.0,0.1,0.8,vera_balanced_iut,False,,,0.0,True,NA,False,False,False,True
learning_curve|Waterbirds|seed=9|fraction=0.5|gamma=1|tau=0.1|lambda=0.8,learning_curve,Waterbirds,9,0.5,598,1.0,0.1,0.8,vera_balanced_envelope,False,,,0.0,True,NA,False,False,False,True
learning_curve|Waterbirds|seed=9|fraction=0.5|gamma=1|tau=0.1|lambda=0.8,learning_curve,Waterbirds,9,0.5,598,1.0,0.1,0.8,external_balanced_oracle,True,INLP::rank=4,INLP,0.0,True,True,False,False,False,True
learning_curve|Waterbirds|seed=9|fraction=0.5|gamma=1|tau=0.2|lambda=0.6,learning_curve,Waterbirds,9,0.5,598,1.0,0.2,0.6,always_deploy_balanced,True,INLP::rank=4,INLP,0.0,True,False,True,False,False,True
learning_curve|Waterbirds|seed=9|fraction=0.5|gamma=1|tau=0.2|lambda=0.6,learning_curve,Waterbirds,9,0.5,598,1.0,0.2,0.6,point_selection_balanced,False,,,0.0,True,NA,False,False,False,True
learning_curve|Waterbirds|seed=9|fraction=0.5|gamma=1|tau=0.2|lambda=0.6,learning_curve,Waterbirds,9,0.5,598,1.0,0.2,0.6,vera_balanced_iut,False,,,0.0,True,NA,False,False,False,True
learning_curve|Waterbirds|seed=9|fraction=0.5|gamma=1|tau=0.2|lambda=0.6,learning_curve,Waterbirds,9,0.5,598,1.0,0.2,0.6,vera_balanced_envelope,False,,,0.0,True,NA,False,False,False,True
learning_curve|Waterbirds|seed=9|fraction=0.5|gamma=1|tau=0.2|lambda=0.6,learning_curve,Waterbirds,9,0.5,598,1.0,0.2,0.6,external_balanced_oracle,False,,,0.0,True,NA,False,False,False,True
learning_curve|Waterbirds|seed=9|fraction=0.5|gamma=1|tau=0.2|lambda=0.7,learning_curve,Waterbirds,9,0.5,598,1.0,0.2,0.7,always_deploy_balanced,True,INLP::rank=4,INLP,0.0,True,True,False,False,False,True
learning_curve|Waterbirds|seed=9|fraction=0.5|gamma=1|tau=0.2|lambda=0.7,learning_curve,Waterbirds,9,0.5,598,1.0,0.2,0.7,point_selection_balanced,True,INLP::rank=4,INLP,0.0,True,True,False,False,False,True
learning_curve|Waterbirds|seed=9|fraction=0.5|gamma=1|tau=0.2|lambda=0.7,learning_curve,Waterbirds,9,0.5,598,1.0,0.2,0.7,vera_balanced_iut,False,,,0.0,True,NA,False,False,False,True
learning_curve|Waterbirds|seed=9|fraction=0.5|gamma=1|tau=0.2|lambda=0.7,learning_curve,Waterbirds,9,0.5,598,1.0,0.2,0.7,vera_balanced_envelope,False,,,0.0,True,NA,False,False,False,True
learning_curve|Waterbirds|seed=9|fraction=0.5|gamma=1|tau=0.2|lambda=0.7,learning_curve,Waterbirds,9,0.5,598,1.0,0.2,0.7,external_balanced_oracle,True,INLP::rank=4,INLP,0.0,True,True,False,False,False,True
learning_curve|Waterbirds|seed=9|fraction=0.5|gamma=1|tau=0.2|lambda=0.8,learning_curve,Waterbirds,9,0.5,598,1.0,0.2,0.8,always_deploy_balanced,True,INLP::rank=4,INLP,0.0,True,True,False,False,False,True
learning_curve|Waterbirds|seed=9|fraction=0.5|gamma=1|tau=0.2|lambda=0.8,learning_curve,Waterbirds,9,0.5,598,1.0,0.2,0.8,point_selection_balanced,True,INLP::rank=4,INLP,0.0,True,True,False,False,False,True
learning_curve|Waterbirds|seed=9|fraction=0.5|gamma=1|tau=0.2|lambda=0.8,learning_curve,Waterbirds,9,0.5,598,1.0,0.2,0.8,vera_balanced_iut,True,INLP::rank=4,INLP,0.0,True,True,False,False,False,True
learning_curve|Waterbirds|seed=9|fraction=0.5|gamma=1|tau=0.2|lambda=0.8,learning_curve,Waterbirds,9,0.5,598,1.0,0.2,0.8,vera_balanced_envelope,False,,,0.0,True,NA,False,False,False,True
learning_curve|Waterbirds|seed=9|fraction=0.5|gamma=1|tau=0.2|lambda=0.8,learning_curve,Waterbirds,9,0.5,598,1.0,0.2,0.8,external_balanced_oracle,True,INLP::rank=4,INLP,0.0,True,True,False,False,False,True
primary|Waterbirds|seed=9|fraction=1|gamma=1|tau=0.05|lambda=0.6,primary,Waterbirds,9,1.0,1199,1.0,0.05,0.6,always_deploy_balanced,True,INLP::rank=4,INLP,0.0,True,False,True,False,False,True
primary|Waterbirds|seed=9|fraction=1|gamma=1|tau=0.05|lambda=0.6,primary,Waterbirds,9,1.0,1199,1.0,0.05,0.6,point_selection_balanced,False,,,0.0,True,NA,False,False,False,True
primary|Waterbirds|seed=9|fraction=1|gamma=1|tau=0.05|lambda=0.6,primary,Waterbirds,9,1.0,1199,1.0,0.05,0.6,vera_balanced_iut,False,,,0.0,True,NA,False,False,False,True
primary|Waterbirds|seed=9|fraction=1|gamma=1|tau=0.05|lambda=0.6,primary,Waterbirds,9,1.0,1199,1.0,0.05,0.6,vera_balanced_envelope,False,,,0.0,True,NA,False,False,False,True
primary|Waterbirds|seed=9|fraction=1|gamma=1|tau=0.05|lambda=0.6,primary,Waterbirds,9,1.0,1199,1.0,0.05,0.6,external_balanced_oracle,False,,,0.0,True,NA,False,False,False,True
primary|Waterbirds|seed=9|fraction=1|gamma=1|tau=0.05|lambda=0.7,primary,Waterbirds,9,1.0,1199,1.0,0.05,0.7,always_deploy_balanced,True,INLP::rank=4,INLP,0.0,True,False,True,False,False,True
primary|Waterbirds|seed=9|fraction=1|gamma=1|tau=0.05|lambda=0.7,primary,Waterbirds,9,1.0,1199,1.0,0.05,0.7,point_selection_balanced,False,,,0.0,True,NA,False,False,False,True
primary|Waterbirds|seed=9|fraction=1|gamma=1|tau=0.05|lambda=0.7,primary,Waterbirds,9,1.0,1199,1.0,0.05,0.7,vera_balanced_iut,False,,,0.0,True,NA,False,False,False,True
primary|Waterbirds|seed=9|fraction=1|gamma=1|tau=0.05|lambda=0.7,primary,Waterbirds,9,1.0,1199,1.0,0.05,0.7,vera_balanced_envelope,False,,,0.0,True,NA,False,False,False,True
primary|Waterbirds|seed=9|fraction=1|gamma=1|tau=0.05|lambda=0.7,primary,Waterbirds,9,1.0,1199,1.0,0.05,0.7,external_balanced_oracle,False,,,0.0,True,NA,False,False,False,True
primary|Waterbirds|seed=9|fraction=1|gamma=1|tau=0.05|lambda=0.8,primary,Waterbirds,9,1.0,1199,1.0,0.05,0.8,always_deploy_balanced,True,INLP::rank=4,INLP,0.0,True,False,True,False,False,True
primary|Waterbirds|seed=9|fraction=1|gamma=1|tau=0.05|lambda=0.8,primary,Waterbirds,9,1.0,1199,1.0,0.05,0.8,point_selection_balanced,True,INLP::rank=2,INLP,0.0,True,True,False,False,False,True
primary|Waterbirds|seed=9|fraction=1|gamma=1|tau=0.05|lambda=0.8,primary,Waterbirds,9,1.0,1199,1.0,0.05,0.8,vera_balanced_iut,False,,,0.0,True,NA,False,False,False,True
primary|Waterbirds|seed=9|fraction=1|gamma=1|tau=0.05|lambda=0.8,primary,Waterbirds,9,1.0,1199,1.0,0.05,0.8,vera_balanced_envelope,False,,,0.0,True,NA,False,False,False,True
primary|Waterbirds|seed=9|fraction=1|gamma=1|tau=0.05|lambda=0.8,primary,Waterbirds,9,1.0,1199,1.0,0.05,0.8,external_balanced_oracle,True,INLP::rank=2,INLP,0.0,True,True,False,False,False,True
primary|Waterbirds|seed=9|fraction=1|gamma=1|tau=0.1|lambda=0.6,primary,Waterbirds,9,1.0,1199,1.0,0.1,0.6,always_deploy_balanced,True,INLP::rank=4,INLP,0.0,True,False,True,False,False,True
primary|Waterbirds|seed=9|fraction=1|gamma=1|tau=0.1|lambda=0.6,primary,Waterbirds,9,1.0,1199,1.0,0.1,0.6,point_selection_balanced,False,,,0.0,True,NA,False,False,False,True
primary|Waterbirds|seed=9|fraction=1|gamma=1|tau=0.1|lambda=0.6,primary,Waterbirds,9,1.0,1199,1.0,0.1,0.6,vera_balanced_iut,False,,,0.0,True,NA,False,False,False,True
primary|Waterbirds|seed=9|fraction=1|gamma=1|tau=0.1|lambda=0.6,primary,Waterbirds,9,1.0,1199,1.0,0.1,0.6,vera_balanced_envelope,False,,,0.0,True,NA,False,False,False,True
primary|Waterbirds|seed=9|fraction=1|gamma=1|tau=0.1|lambda=0.6,primary,Waterbirds,9,1.0,1199,1.0,0.1,0.6,external_balanced_oracle,False,,,0.0,True,NA,False,False,False,True
primary|Waterbirds|seed=9|fraction=1|gamma=1|tau=0.1|lambda=0.7,primary,Waterbirds,9,1.0,1199,1.0,0.1,0.7,always_deploy_balanced,True,INLP::rank=4,INLP,0.0,True,True,False,False,False,True
primary|Waterbirds|seed=9|fraction=1|gamma=1|tau=0.1|lambda=0.7,primary,Waterbirds,9,1.0,1199,1.0,0.1,0.7,point_selection_balanced,True,INLP::rank=4,INLP,0.0,True,True,False,False,False,True
primary|Waterbirds|seed=9|fraction=1|gamma=1|tau=0.1|lambda=0.7,primary,Waterbirds,9,1.0,1199,1.0,0.1,0.7,vera_balanced_iut,False,,,0.0,True,NA,False,False,False,True
primary|Waterbirds|seed=9|fraction=1|gamma=1|tau=0.1|lambda=0.7,primary,Waterbirds,9,1.0,1199,1.0,0.1,0.7,vera_balanced_envelope,False,,,0.0,True,NA,False,False,False,True
primary|Waterbirds|seed=9|fraction=1|gamma=1|tau=0.1|lambda=0.7,primary,Waterbirds,9,1.0,1199,1.0,0.1,0.7,external_balanced_oracle,True,INLP::rank=4,INLP,0.0,True,True,False,False,False,True
primary|Waterbirds|seed=9|fraction=1|gamma=1|tau=0.1|lambda=0.8,primary,Waterbirds,9,1.0,1199,1.0,0.1,0.8,always_deploy_balanced,True,INLP::rank=4,INLP,0.0,True,True,False,False,False,True
primary|Waterbirds|seed=9|fraction=1|gamma=1|tau=0.1|lambda=0.8,primary,Waterbirds,9,1.0,1199,1.0,0.1,0.8,point_selection_balanced,True,INLP::rank=4,INLP,0.0,True,True,False,False,False,True
primary|Waterbirds|seed=9|fraction=1|gamma=1|tau=0.1|lambda=0.8,primary,Waterbirds,9,1.0,1199,1.0,0.1,0.8,vera_balanced_iut,False,,,0.0,True,NA,False,False,False,True
primary|Waterbirds|seed=9|fraction=1|gamma=1|tau=0.1|lambda=0.8,primary,Waterbirds,9,1.0,1199,1.0,0.1,0.8,vera_balanced_envelope,False,,,0.0,True,NA,False,False,False,True
primary|Waterbirds|seed=9|fraction=1|gamma=1|tau=0.1|lambda=0.8,primary,Waterbirds,9,1.0,1199,1.0,0.1,0.8,external_balanced_oracle,True,INLP::rank=4,INLP,0.0,True,True,False,False,False,True
primary|Waterbirds|seed=9|fraction=1|gamma=1|tau=0.2|lambda=0.6,primary,Waterbirds,9,1.0,1199,1.0,0.2,0.6,always_deploy_balanced,True,INLP::rank=4,INLP,0.0,True,False,True,False,False,True
primary|Waterbirds|seed=9|fraction=1|gamma=1|tau=0.2|lambda=0.6,primary,Waterbirds,9,1.0,1199,1.0,0.2,0.6,point_selection_balanced,False,,,0.0,True,NA,False,False,False,True
primary|Waterbirds|seed=9|fraction=1|gamma=1|tau=0.2|lambda=0.6,primary,Waterbirds,9,1.0,1199,1.0,0.2,0.6,vera_balanced_iut,False,,,0.0,True,NA,False,False,False,True
primary|Waterbirds|seed=9|fraction=1|gamma=1|tau=0.2|lambda=0.6,primary,Waterbirds,9,1.0,1199,1.0,0.2,0.6,vera_balanced_envelope,False,,,0.0,True,NA,False,False,False,True
primary|Waterbirds|seed=9|fraction=1|gamma=1|tau=0.2|lambda=0.6,primary,Waterbirds,9,1.0,1199,1.0,0.2,0.6,external_balanced_oracle,False,,,0.0,True,NA,False,False,False,True
primary|Waterbirds|seed=9|fraction=1|gamma=1|tau=0.2|lambda=0.7,primary,Waterbirds,9,1.0,1199,1.0,0.2,0.7,always_deploy_balanced,True,INLP::rank=4,INLP,0.0,True,True,False,False,False,True
primary|Waterbirds|seed=9|fraction=1|gamma=1|tau=0.2|lambda=0.7,primary,Waterbirds,9,1.0,1199,1.0,0.2,0.7,point_selection_balanced,True,INLP::rank=4,INLP,0.0,True,True,False,False,False,True
primary|Waterbirds|seed=9|fraction=1|gamma=1|tau=0.2|lambda=0.7,primary,Waterbirds,9,1.0,1199,1.0,0.2,0.7,vera_balanced_iut,True,INLP::rank=4,INLP,0.0,True,True,False,False,False,True
primary|Waterbirds|seed=9|fraction=1|gamma=1|tau=0.2|lambda=0.7,primary,Waterbirds,9,1.0,1199,1.0,0.2,0.7,vera_balanced_envelope,False,,,0.0,True,NA,False,False,False,True
primary|Waterbirds|seed=9|fraction=1|gamma=1|tau=0.2|lambda=0.7,primary,Waterbirds,9,1.0,1199,1.0,0.2,0.7,external_balanced_oracle,True,INLP::rank=4,INLP,0.0,True,True,False,False,False,True
primary|Waterbirds|seed=9|fraction=1|gamma=1|tau=0.2|lambda=0.8,primary,Waterbirds,9,1.0,1199,1.0,0.2,0.8,always_deploy_balanced,True,INLP::rank=4,INLP,1.0201339721679688,True,True,False,False,False,True
primary|Waterbirds|seed=9|fraction=1|gamma=1|tau=0.2|lambda=0.8,primary,Waterbirds,9,1.0,1199,1.0,0.2,0.8,point_selection_balanced,True,INLP::rank=4,INLP,1.0201339721679688,True,True,False,False,False,True
primary|Waterbirds|seed=9|fraction=1|gamma=1|tau=0.2|lambda=0.8,primary,Waterbirds,9,1.0,1199,1.0,0.2,0.8,vera_balanced_iut,True,INLP::rank=4,INLP,1.0201339721679688,True,True,False,False,False,True
primary|Waterbirds|seed=9|fraction=1|gamma=1|tau=0.2|lambda=0.8,primary,Waterbirds,9,1.0,1199,1.0,0.2,0.8,vera_balanced_envelope,True,INLP::rank=4,INLP,1.0201339721679688,True,True,False,False,False,True
primary|Waterbirds|seed=9|fraction=1|gamma=1|tau=0.2|lambda=0.8,primary,Waterbirds,9,1.0,1199,1.0,0.2,0.8,external_balanced_oracle,True,INLP::rank=4,INLP,1.0201339721679688,True,True,False,False,False,True
shifted_sensitivity|Waterbirds|seed=9|fraction=1|gamma=1.01|tau=0.05|lambda=0.6,shifted_sensitivity,Waterbirds,9,1.0,1199,1.01,0.05,0.6,always_deploy_balanced,True,INLP::rank=4,INLP,0.0,True,False,True,False,False,True
shifted_sensitivity|Waterbirds|seed=9|fraction=1|gamma=1.01|tau=0.05|lambda=0.6,shifted_sensitivity,Waterbirds,9,1.0,1199,1.01,0.05,0.6,point_selection_balanced,False,,,0.0,True,NA,False,False,False,True
shifted_sensitivity|Waterbirds|seed=9|fraction=1|gamma=1.01|tau=0.05|lambda=0.6,shifted_sensitivity,Waterbirds,9,1.0,1199,1.01,0.05,0.6,vera_balanced_iut,False,,,0.0,True,NA,False,False,False,True
shifted_sensitivity|Waterbirds|seed=9|fraction=1|gamma=1.01|tau=0.05|lambda=0.6,shifted_sensitivity,Waterbirds,9,1.0,1199,1.01,0.05,0.6,vera_balanced_envelope,False,,,0.0,True,NA,False,False,False,True
shifted_sensitivity|Waterbirds|seed=9|fraction=1|gamma=1.01|tau=0.05|lambda=0.6,shifted_sensitivity,Waterbirds,9,1.0,1199,1.01,0.05,0.6,external_balanced_oracle,False,,,0.0,True,NA,False,False,False,True
shifted_sensitivity|Waterbirds|seed=9|fraction=1|gamma=1.01|tau=0.05|lambda=0.7,shifted_sensitivity,Waterbirds,9,1.0,1199,1.01,0.05,0.7,always_deploy_balanced,True,INLP::rank=4,INLP,0.0,True,False,True,False,False,True
shifted_sensitivity|Waterbirds|seed=9|fraction=1|gamma=1.01|tau=0.05|lambda=0.7,shifted_sensitivity,Waterbirds,9,1.0,1199,1.01,0.05,0.7,point_selection_balanced,False,,,0.0,True,NA,False,False,False,True
shifted_sensitivity|Waterbirds|seed=9|fraction=1|gamma=1.01|tau=0.05|lambda=0.7,shifted_sensitivity,Waterbirds,9,1.0,1199,1.01,0.05,0.7,vera_balanced_iut,False,,,0.0,True,NA,False,False,False,True
shifted_sensitivity|Waterbirds|seed=9|fraction=1|gamma=1.01|tau=0.05|lambda=0.7,shifted_sensitivity,Waterbirds,9,1.0,1199,1.01,0.05,0.7,vera_balanced_envelope,False,,,0.0,True,NA,False,False,False,True
shifted_sensitivity|Waterbirds|seed=9|fraction=1|gamma=1.01|tau=0.05|lambda=0.7,shifted_sensitivity,Waterbirds,9,1.0,1199,1.01,0.05,0.7,external_balanced_oracle,False,,,0.0,True,NA,False,False,False,True
shifted_sensitivity|Waterbirds|seed=9|fraction=1|gamma=1.01|tau=0.05|lambda=0.8,shifted_sensitivity,Waterbirds,9,1.0,1199,1.01,0.05,0.8,always_deploy_balanced,True,INLP::rank=4,INLP,0.0,True,False,True,False,False,True
shifted_sensitivity|Waterbirds|seed=9|fraction=1|gamma=1.01|tau=0.05|lambda=0.8,shifted_sensitivity,Waterbirds,9,1.0,1199,1.01,0.05,0.8,point_selection_balanced,True,INLP::rank=2,INLP,0.0,True,True,False,False,False,True
shifted_sensitivity|Waterbirds|seed=9|fraction=1|gamma=1.01|tau=0.05|lambda=0.8,shifted_sensitivity,Waterbirds,9,1.0,1199,1.01,0.05,0.8,vera_balanced_iut,False,,,0.0,True,NA,False,False,False,True
shifted_sensitivity|Waterbirds|seed=9|fraction=1|gamma=1.01|tau=0.05|lambda=0.8,shifted_sensitivity,Waterbirds,9,1.0,1199,1.01,0.05,0.8,vera_balanced_envelope,False,,,0.0,True,NA,False,False,False,True
shifted_sensitivity|Waterbirds|seed=9|fraction=1|gamma=1.01|tau=0.05|lambda=0.8,shifted_sensitivity,Waterbirds,9,1.0,1199,1.01,0.05,0.8,external_balanced_oracle,True,INLP::rank=2,INLP,0.0,True,True,False,False,False,True
shifted_sensitivity|Waterbirds|seed=9|fraction=1|gamma=1.01|tau=0.1|lambda=0.6,shifted_sensitivity,Waterbirds,9,1.0,1199,1.01,0.1,0.6,always_deploy_balanced,True,INLP::rank=4,INLP,0.0,True,False,True,False,False,True
shifted_sensitivity|Waterbirds|seed=9|fraction=1|gamma=1.01|tau=0.1|lambda=0.6,shifted_sensitivity,Waterbirds,9,1.0,1199,1.01,0.1,0.6,point_selection_balanced,False,,,0.0,True,NA,False,False,False,True
shifted_sensitivity|Waterbirds|seed=9|fraction=1|gamma=1.01|tau=0.1|lambda=0.6,shifted_sensitivity,Waterbirds,9,1.0,1199,1.01,0.1,0.6,vera_balanced_iut,False,,,0.0,True,NA,False,False,False,True
shifted_sensitivity|Waterbirds|seed=9|fraction=1|gamma=1.01|tau=0.1|lambda=0.6,shifted_sensitivity,Waterbirds,9,1.0,1199,1.01,0.1,0.6,vera_balanced_envelope,False,,,0.0,True,NA,False,False,False,True
shifted_sensitivity|Waterbirds|seed=9|fraction=1|gamma=1.01|tau=0.1|lambda=0.6,shifted_sensitivity,Waterbirds,9,1.0,1199,1.01,0.1,0.6,external_balanced_oracle,False,,,0.0,True,NA,False,False,False,True
shifted_sensitivity|Waterbirds|seed=9|fraction=1|gamma=1.01|tau=0.1|lambda=0.7,shifted_sensitivity,Waterbirds,9,1.0,1199,1.01,0.1,0.7,always_deploy_balanced,True,INLP::rank=4,INLP,0.0,True,True,False,False,False,True
shifted_sensitivity|Waterbirds|seed=9|fraction=1|gamma=1.01|tau=0.1|lambda=0.7,shifted_sensitivity,Waterbirds,9,1.0,1199,1.01,0.1,0.7,point_selection_balanced,True,INLP::rank=4,INLP,0.0,True,True,False,False,False,True
shifted_sensitivity|Waterbirds|seed=9|fraction=1|gamma=1.01|tau=0.1|lambda=0.7,shifted_sensitivity,Waterbirds,9,1.0,1199,1.01,0.1,0.7,vera_balanced_iut,False,,,0.0,True,NA,False,False,False,True
shifted_sensitivity|Waterbirds|seed=9|fraction=1|gamma=1.01|tau=0.1|lambda=0.7,shifted_sensitivity,Waterbirds,9,1.0,1199,1.01,0.1,0.7,vera_balanced_envelope,False,,,0.0,True,NA,False,False,False,True
shifted_sensitivity|Waterbirds|seed=9|fraction=1|gamma=1.01|tau=0.1|lambda=0.7,shifted_sensitivity,Waterbirds,9,1.0,1199,1.01,0.1,0.7,external_balanced_oracle,True,INLP::rank=4,INLP,0.0,True,True,False,False,False,True
shifted_sensitivity|Waterbirds|seed=9|fraction=1|gamma=1.01|tau=0.1|lambda=0.8,shifted_sensitivity,Waterbirds,9,1.0,1199,1.01,0.1,0.8,always_deploy_balanced,True,INLP::rank=4,INLP,0.0,True,True,False,False,False,True
shifted_sensitivity|Waterbirds|seed=9|fraction=1|gamma=1.01|tau=0.1|lambda=0.8,shifted_sensitivity,Waterbirds,9,1.0,1199,1.01,0.1,0.8,point_selection_balanced,True,INLP::rank=4,INLP,0.0,True,True,False,False,False,True
shifted_sensitivity|Waterbirds|seed=9|fraction=1|gamma=1.01|tau=0.1|lambda=0.8,shifted_sensitivity,Waterbirds,9,1.0,1199,1.01,0.1,0.8,vera_balanced_iut,False,,,0.0,True,NA,False,False,False,True
shifted_sensitivity|Waterbirds|seed=9|fraction=1|gamma=1.01|tau=0.1|lambda=0.8,shifted_sensitivity,Waterbirds,9,1.0,1199,1.01,0.1,0.8,vera_balanced_envelope,False,,,0.0,True,NA,False,False,False,True
shifted_sensitivity|Waterbirds|seed=9|fraction=1|gamma=1.01|tau=0.1|lambda=0.8,shifted_sensitivity,Waterbirds,9,1.0,1199,1.01,0.1,0.8,external_balanced_oracle,True,INLP::rank=4,INLP,0.0,True,True,False,False,False,True
shifted_sensitivity|Waterbirds|seed=9|fraction=1|gamma=1.01|tau=0.2|lambda=0.6,shifted_sensitivity,Waterbirds,9,1.0,1199,1.01,0.2,0.6,always_deploy_balanced,True,INLP::rank=4,INLP,0.0,True,False,True,False,False,True
shifted_sensitivity|Waterbirds|seed=9|fraction=1|gamma=1.01|tau=0.2|lambda=0.6,shifted_sensitivity,Waterbirds,9,1.0,1199,1.01,0.2,0.6,point_selection_balanced,False,,,0.0,True,NA,False,False,False,True
shifted_sensitivity|Waterbirds|seed=9|fraction=1|gamma=1.01|tau=0.2|lambda=0.6,shifted_sensitivity,Waterbirds,9,1.0,1199,1.01,0.2,0.6,vera_balanced_iut,False,,,0.0,True,NA,False,False,False,True
shifted_sensitivity|Waterbirds|seed=9|fraction=1|gamma=1.01|tau=0.2|lambda=0.6,shifted_sensitivity,Waterbirds,9,1.0,1199,1.01,0.2,0.6,vera_balanced_envelope,False,,,0.0,True,NA,False,False,False,True
shifted_sensitivity|Waterbirds|seed=9|fraction=1|gamma=1.01|tau=0.2|lambda=0.6,shifted_sensitivity,Waterbirds,9,1.0,1199,1.01,0.2,0.6,external_balanced_oracle,False,,,0.0,True,NA,False,False,False,True
shifted_sensitivity|Waterbirds|seed=9|fraction=1|gamma=1.01|tau=0.2|lambda=0.7,shifted_sensitivity,Waterbirds,9,1.0,1199,1.01,0.2,0.7,always_deploy_balanced,True,INLP::rank=4,INLP,0.0,True,True,False,False,False,True
shifted_sensitivity|Waterbirds|seed=9|fraction=1|gamma=1.01|tau=0.2|lambda=0.7,shifted_sensitivity,Waterbirds,9,1.0,1199,1.01,0.2,0.7,point_selection_balanced,True,INLP::rank=4,INLP,0.0,True,True,False,False,False,True
shifted_sensitivity|Waterbirds|seed=9|fraction=1|gamma=1.01|tau=0.2|lambda=0.7,shifted_sensitivity,Waterbirds,9,1.0,1199,1.01,0.2,0.7,vera_balanced_iut,False,,,0.0,True,NA,False,False,False,True
shifted_sensitivity|Waterbirds|seed=9|fraction=1|gamma=1.01|tau=0.2|lambda=0.7,shifted_sensitivity,Waterbirds,9,1.0,1199,1.01,0.2,0.7,vera_balanced_envelope,False,,,0.0,True,NA,False,False,False,True
shifted_sensitivity|Waterbirds|seed=9|fraction=1|gamma=1.01|tau=0.2|lambda=0.7,shifted_sensitivity,Waterbirds,9,1.0,1199,1.01,0.2,0.7,external_balanced_oracle,True,INLP::rank=4,INLP,0.0,True,True,False,False,False,True
shifted_sensitivity|Waterbirds|seed=9|fraction=1|gamma=1.01|tau=0.2|lambda=0.8,shifted_sensitivity,Waterbirds,9,1.0,1199,1.01,0.2,0.8,always_deploy_balanced,True,INLP::rank=4,INLP,1.0201339721679688,True,True,False,False,False,True
shifted_sensitivity|Waterbirds|seed=9|fraction=1|gamma=1.01|tau=0.2|lambda=0.8,shifted_sensitivity,Waterbirds,9,1.0,1199,1.01,0.2,0.8,point_selection_balanced,True,INLP::rank=4,INLP,1.0201339721679688,True,True,False,False,False,True
shifted_sensitivity|Waterbirds|seed=9|fraction=1|gamma=1.01|tau=0.2|lambda=0.8,shifted_sensitivity,Waterbirds,9,1.0,1199,1.01,0.2,0.8,vera_balanced_iut,True,INLP::rank=4,INLP,1.0201339721679688,True,True,False,False,False,True
shifted_sensitivity|Waterbirds|seed=9|fraction=1|gamma=1.01|tau=0.2|lambda=0.8,shifted_sensitivity,Waterbirds,9,1.0,1199,1.01,0.2,0.8,vera_balanced_envelope,True,INLP::rank=4,INLP,1.0201339721679688,True,True,False,False,False,True
shifted_sensitivity|Waterbirds|seed=9|fraction=1|gamma=1.01|tau=0.2|lambda=0.8,shifted_sensitivity,Waterbirds,9,1.0,1199,1.01,0.2,0.8,external_balanced_oracle,True,INLP::rank=4,INLP,1.0201339721679688,True,True,False,False,False,True
learning_curve|Waterbirds|seed=10|fraction=0.05|gamma=1|tau=0.05|lambda=0.6,learning_curve,Waterbirds,10,0.05,58,1.0,0.05,0.6,always_deploy_balanced,True,INLP::rank=4,INLP,0.0,True,False,True,False,False,True
learning_curve|Waterbirds|seed=10|fraction=0.05|gamma=1|tau=0.05|lambda=0.6,learning_curve,Waterbirds,10,0.05,58,1.0,0.05,0.6,point_selection_balanced,False,,,0.0,True,NA,False,False,False,True
learning_curve|Waterbirds|seed=10|fraction=0.05|gamma=1|tau=0.05|lambda=0.6,learning_curve,Waterbirds,10,0.05,58,1.0,0.05,0.6,vera_balanced_iut,False,,,0.0,True,NA,False,False,False,True
learning_curve|Waterbirds|seed=10|fraction=0.05|gamma=1|tau=0.05|lambda=0.6,learning_curve,Waterbirds,10,0.05,58,1.0,0.05,0.6,vera_balanced_envelope,False,,,0.0,True,NA,False,False,False,True
learning_curve|Waterbirds|seed=10|fraction=0.05|gamma=1|tau=0.05|lambda=0.6,learning_curve,Waterbirds,10,0.05,58,1.0,0.05,0.6,external_balanced_oracle,False,,,0.0,True,NA,False,False,False,True
learning_curve|Waterbirds|seed=10|fraction=0.05|gamma=1|tau=0.05|lambda=0.7,learning_curve,Waterbirds,10,0.05,58,1.0,0.05,0.7,always_deploy_balanced,True,INLP::rank=4,INLP,0.0,True,False,True,False,False,True
learning_curve|Waterbirds|seed=10|fraction=0.05|gamma=1|tau=0.05|lambda=0.7,learning_curve,Waterbirds,10,0.05,58,1.0,0.05,0.7,point_selection_balanced,False,,,0.0,True,NA,False,False,False,True
learning_curve|Waterbirds|seed=10|fraction=0.05|gamma=1|tau=0.05|lambda=0.7,learning_curve,Waterbirds,10,0.05,58,1.0,0.05,0.7,vera_balanced_iut,False,,,0.0,True,NA,False,False,False,True
learning_curve|Waterbirds|seed=10|fraction=0.05|gamma=1|tau=0.05|lambda=0.7,learning_curve,Waterbirds,10,0.05,58,1.0,0.05,0.7,vera_balanced_envelope,False,,,0.0,True,NA,False,False,False,True
learning_curve|Waterbirds|seed=10|fraction=0.05|gamma=1|tau=0.05|lambda=0.7,learning_curve,Waterbirds,10,0.05,58,1.0,0.05,0.7,external_balanced_oracle,False,,,0.0,True,NA,False,False,False,True
learning_curve|Waterbirds|seed=10|fraction=0.05|gamma=1|tau=0.05|lambda=0.8,learning_curve,Waterbirds,10,0.05,58,1.0,0.05,0.8,always_deploy_balanced,True,INLP::rank=4,INLP,0.0,True,False,True,False,False,True
learning_curve|Waterbirds|seed=10|fraction=0.05|gamma=1|tau=0.05|lambda=0.8,learning_curve,Waterbirds,10,0.05,58,1.0,0.05,0.8,point_selection_balanced,True,INLP::rank=4,INLP,0.0,True,False,True,False,False,True
learning_curve|Waterbirds|seed=10|fraction=0.05|gamma=1|tau=0.05|lambda=0.8,learning_curve,Waterbirds,10,0.05,58,1.0,0.05,0.8,vera_balanced_iut,False,,,0.0,True,NA,False,False,False,True
learning_curve|Waterbirds|seed=10|fraction=0.05|gamma=1|tau=0.05|lambda=0.8,learning_curve,Waterbirds,10,0.05,58,1.0,0.05,0.8,vera_balanced_envelope,False,,,0.0,True,NA,False,False,False,True
learning_curve|Waterbirds|seed=10|fraction=0.05|gamma=1|tau=0.05|lambda=0.8,learning_curve,Waterbirds,10,0.05,58,1.0,0.05,0.8,external_balanced_oracle,True,INLP::rank=2,INLP,0.0,True,True,False,False,False,True
learning_curve|Waterbirds|seed=10|fraction=0.05|gamma=1|tau=0.1|lambda=0.6,learning_curve,Waterbirds,10,0.05,58,1.0,0.1,0.6,always_deploy_balanced,True,INLP::rank=4,INLP,0.0,True,False,True,False,False,True
learning_curve|Waterbirds|seed=10|fraction=0.05|gamma=1|tau=0.1|lambda=0.6,learning_curve,Waterbirds,10,0.05,58,1.0,0.1,0.6,point_selection_balanced,False,,,0.0,True,NA,False,False,False,True
learning_curve|Waterbirds|seed=10|fraction=0.05|gamma=1|tau=0.1|lambda=0.6,learning_curve,Waterbirds,10,0.05,58,1.0,0.1,0.6,vera_balanced_iut,False,,,0.0,True,NA,False,False,False,True
learning_curve|Waterbirds|seed=10|fraction=0.05|gamma=1|tau=0.1|lambda=0.6,learning_curve,Waterbirds,10,0.05,58,1.0,0.1,0.6,vera_balanced_envelope,False,,,0.0,True,NA,False,False,False,True
learning_curve|Waterbirds|seed=10|fraction=0.05|gamma=1|tau=0.1|lambda=0.6,learning_curve,Waterbirds,10,0.05,58,1.0,0.1,0.6,external_balanced_oracle,False,,,0.0,True,NA,False,False,False,True
learning_curve|Waterbirds|seed=10|fraction=0.05|gamma=1|tau=0.1|lambda=0.7,learning_curve,Waterbirds,10,0.05,58,1.0,0.1,0.7,always_deploy_balanced,True,INLP::rank=4,INLP,0.0,True,False,True,False,False,True
learning_curve|Waterbirds|seed=10|fraction=0.05|gamma=1|tau=0.1|lambda=0.7,learning_curve,Waterbirds,10,0.05,58,1.0,0.1,0.7,point_selection_balanced,False,,,0.0,True,NA,False,False,False,True
learning_curve|Waterbirds|seed=10|fraction=0.05|gamma=1|tau=0.1|lambda=0.7,learning_curve,Waterbirds,10,0.05,58,1.0,0.1,0.7,vera_balanced_iut,False,,,0.0,True,NA,False,False,False,True
learning_curve|Waterbirds|seed=10|fraction=0.05|gamma=1|tau=0.1|lambda=0.7,learning_curve,Waterbirds,10,0.05,58,1.0,0.1,0.7,vera_balanced_envelope,False,,,0.0,True,NA,False,False,False,True
learning_curve|Waterbirds|seed=10|fraction=0.05|gamma=1|tau=0.1|lambda=0.7,learning_curve,Waterbirds,10,0.05,58,1.0,0.1,0.7,external_balanced_oracle,False,,,0.0,True,NA,False,False,False,True
learning_curve|Waterbirds|seed=10|fraction=0.05|gamma=1|tau=0.1|lambda=0.8,learning_curve,Waterbirds,10,0.05,58,1.0,0.1,0.8,always_deploy_balanced,True,INLP::rank=4,INLP,0.0,True,False,True,False,False,True
learning_curve|Waterbirds|seed=10|fraction=0.05|gamma=1|tau=0.1|lambda=0.8,learning_curve,Waterbirds,10,0.05,58,1.0,0.1,0.8,point_selection_balanced,True,INLP::rank=4,INLP,0.0,True,False,True,False,False,True
learning_curve|Waterbirds|seed=10|fraction=0.05|gamma=1|tau=0.1|lambda=0.8,learning_curve,Waterbirds,10,0.05,58,1.0,0.1,0.8,vera_balanced_iut,False,,,0.0,True,NA,False,False,False,True
learning_curve|Waterbirds|seed=10|fraction=0.05|gamma=1|tau=0.1|lambda=0.8,learning_curve,Waterbirds,10,0.05,58,1.0,0.1,0.8,vera_balanced_envelope,False,,,0.0,True,NA,False,False,False,True
learning_curve|Waterbirds|seed=10|fraction=0.05|gamma=1|tau=0.1|lambda=0.8,learning_curve,Waterbirds,10,0.05,58,1.0,0.1,0.8,external_balanced_oracle,True,INLP::rank=2,INLP,0.0,True,True,False,False,False,True
learning_curve|Waterbirds|seed=10|fraction=0.05|gamma=1|tau=0.2|lambda=0.6,learning_curve,Waterbirds,10,0.05,58,1.0,0.2,0.6,always_deploy_balanced,True,INLP::rank=4,INLP,0.0,True,False,True,False,False,True
learning_curve|Waterbirds|seed=10|fraction=0.05|gamma=1|tau=0.2|lambda=0.6,learning_curve,Waterbirds,10,0.05,58,1.0,0.2,0.6,point_selection_balanced,False,,,0.0,True,NA,False,False,False,True
learning_curve|Waterbirds|seed=10|fraction=0.05|gamma=1|tau=0.2|lambda=0.6,learning_curve,Waterbirds,10,0.05,58,1.0,0.2,0.6,vera_balanced_iut,False,,,0.0,True,NA,False,False,False,True
learning_curve|Waterbirds|seed=10|fraction=0.05|gamma=1|tau=0.2|lambda=0.6,learning_curve,Waterbirds,10,0.05,58,1.0,0.2,0.6,vera_balanced_envelope,False,,,0.0,True,NA,False,False,False,True
learning_curve|Waterbirds|seed=10|fraction=0.05|gamma=1|tau=0.2|lambda=0.6,learning_curve,Waterbirds,10,0.05,58,1.0,0.2,0.6,external_balanced_oracle,False,,,0.0,True,NA,False,False,False,True
learning_curve|Waterbirds|seed=10|fraction=0.05|gamma=1|tau=0.2|lambda=0.7,learning_curve,Waterbirds,10,0.05,58,1.0,0.2,0.7,always_deploy_balanced,True,INLP::rank=4,INLP,0.0,True,True,False,False,False,True
learning_curve|Waterbirds|seed=10|fraction=0.05|gamma=1|tau=0.2|lambda=0.7,learning_curve,Waterbirds,10,0.05,58,1.0,0.2,0.7,point_selection_balanced,False,,,0.0,True,NA,False,False,False,True
learning_curve|Waterbirds|seed=10|fraction=0.05|gamma=1|tau=0.2|lambda=0.7,learning_curve,Waterbirds,10,0.05,58,1.0,0.2,0.7,vera_balanced_iut,False,,,0.0,True,NA,False,False,False,True
learning_curve|Waterbirds|seed=10|fraction=0.05|gamma=1|tau=0.2|lambda=0.7,learning_curve,Waterbirds,10,0.05,58,1.0,0.2,0.7,vera_balanced_envelope,False,,,0.0,True,NA,False,False,False,True
learning_curve|Waterbirds|seed=10|fraction=0.05|gamma=1|tau=0.2|lambda=0.7,learning_curve,Waterbirds,10,0.05,58,1.0,0.2,0.7,external_balanced_oracle,True,INLP::rank=4,INLP,0.0,True,True,False,False,False,True
learning_curve|Waterbirds|seed=10|fraction=0.05|gamma=1|tau=0.2|lambda=0.8,learning_curve,Waterbirds,10,0.05,58,1.0,0.2,0.8,always_deploy_balanced,True,INLP::rank=4,INLP,0.0,True,True,False,False,False,True
learning_curve|Waterbirds|seed=10|fraction=0.05|gamma=1|tau=0.2|lambda=0.8,learning_curve,Waterbirds,10,0.05,58,1.0,0.2,0.8,point_selection_balanced,True,INLP::rank=4,INLP,0.0,True,True,False,False,False,True
learning_curve|Waterbirds|seed=10|fraction=0.05|gamma=1|tau=0.2|lambda=0.8,learning_curve,Waterbirds,10,0.05,58,1.0,0.2,0.8,vera_balanced_iut,False,,,0.0,True,NA,False,False,False,True
learning_curve|Waterbirds|seed=10|fraction=0.05|gamma=1|tau=0.2|lambda=0.8,learning_curve,Waterbirds,10,0.05,58,1.0,0.2,0.8,vera_balanced_envelope,False,,,0.0,True,NA,False,False,False,True
learning_curve|Waterbirds|seed=10|fraction=0.05|gamma=1|tau=0.2|lambda=0.8,learning_curve,Waterbirds,10,0.05,58,1.0,0.2,0.8,external_balanced_oracle,True,INLP::rank=4,INLP,0.0,True,True,False,False,False,True
learning_curve|Waterbirds|seed=10|fraction=0.1|gamma=1|tau=0.05|lambda=0.6,learning_curve,Waterbirds,10,0.1,118,1.0,0.05,0.6,always_deploy_balanced,True,INLP::rank=2,INLP,0.0,True,False,True,False,False,True
learning_curve|Waterbirds|seed=10|fraction=0.1|gamma=1|tau=0.05|lambda=0.6,learning_curve,Waterbirds,10,0.1,118,1.0,0.05,0.6,point_selection_balanced,False,,,0.0,True,NA,False,False,False,True
learning_curve|Waterbirds|seed=10|fraction=0.1|gamma=1|tau=0.05|lambda=0.6,learning_curve,Waterbirds,10,0.1,118,1.0,0.05,0.6,vera_balanced_iut,False,,,0.0,True,NA,False,False,False,True
learning_curve|Waterbirds|seed=10|fraction=0.1|gamma=1|tau=0.05|lambda=0.6,learning_curve,Waterbirds,10,0.1,118,1.0,0.05,0.6,vera_balanced_envelope,False,,,0.0,True,NA,False,False,False,True
learning_curve|Waterbirds|seed=10|fraction=0.1|gamma=1|tau=0.05|lambda=0.6,learning_curve,Waterbirds,10,0.1,118,1.0,0.05,0.6,external_balanced_oracle,False,,,0.0,True,NA,False,False,False,True
learning_curve|Waterbirds|seed=10|fraction=0.1|gamma=1|tau=0.05|lambda=0.7,learning_curve,Waterbirds,10,0.1,118,1.0,0.05,0.7,always_deploy_balanced,True,INLP::rank=2,INLP,0.0,True,False,True,False,False,True
learning_curve|Waterbirds|seed=10|fraction=0.1|gamma=1|tau=0.05|lambda=0.7,learning_curve,Waterbirds,10,0.1,118,1.0,0.05,0.7,point_selection_balanced,False,,,0.0,True,NA,False,False,False,True
learning_curve|Waterbirds|seed=10|fraction=0.1|gamma=1|tau=0.05|lambda=0.7,learning_curve,Waterbirds,10,0.1,118,1.0,0.05,0.7,vera_balanced_iut,False,,,0.0,True,NA,False,False,False,True
learning_curve|Waterbirds|seed=10|fraction=0.1|gamma=1|tau=0.05|lambda=0.7,learning_curve,Waterbirds,10,0.1,118,1.0,0.05,0.7,vera_balanced_envelope,False,,,0.0,True,NA,False,False,False,True
learning_curve|Waterbirds|seed=10|fraction=0.1|gamma=1|tau=0.05|lambda=0.7,learning_curve,Waterbirds,10,0.1,118,1.0,0.05,0.7,external_balanced_oracle,False,,,0.0,True,NA,False,False,False,True
learning_curve|Waterbirds|seed=10|fraction=0.1|gamma=1|tau=0.05|lambda=0.8,learning_curve,Waterbirds,10,0.1,118,1.0,0.05,0.8,always_deploy_balanced,True,INLP::rank=2,INLP,0.0,True,True,False,False,False,True
learning_curve|Waterbirds|seed=10|fraction=0.1|gamma=1|tau=0.05|lambda=0.8,learning_curve,Waterbirds,10,0.1,118,1.0,0.05,0.8,point_selection_balanced,True,INLP::rank=2,INLP,0.0,True,True,False,False,False,True
learning_curve|Waterbirds|seed=10|fraction=0.1|gamma=1|tau=0.05|lambda=0.8,learning_curve,Waterbirds,10,0.1,118,1.0,0.05,0.8,vera_balanced_iut,False,,,0.0,True,NA,False,False,False,True
learning_curve|Waterbirds|seed=10|fraction=0.1|gamma=1|tau=0.05|lambda=0.8,learning_curve,Waterbirds,10,0.1,118,1.0,0.05,0.8,vera_balanced_envelope,False,,,0.0,True,NA,False,False,False,True
learning_curve|Waterbirds|seed=10|fraction=0.1|gamma=1|tau=0.05|lambda=0.8,learning_curve,Waterbirds,10,0.1,118,1.0,0.05,0.8,external_balanced_oracle,True,INLP::rank=2,INLP,0.0,True,True,False,False,False,True
learning_curve|Waterbirds|seed=10|fraction=0.1|gamma=1|tau=0.1|lambda=0.6,learning_curve,Waterbirds,10,0.1,118,1.0,0.1,0.6,always_deploy_balanced,True,INLP::rank=2,INLP,0.0,True,False,True,False,False,True
learning_curve|Waterbirds|seed=10|fraction=0.1|gamma=1|tau=0.1|lambda=0.6,learning_curve,Waterbirds,10,0.1,118,1.0,0.1,0.6,point_selection_balanced,False,,,0.0,True,NA,False,False,False,True
learning_curve|Waterbirds|seed=10|fraction=0.1|gamma=1|tau=0.1|lambda=0.6,learning_curve,Waterbirds,10,0.1,118,1.0,0.1,0.6,vera_balanced_iut,False,,,0.0,True,NA,False,False,False,True
learning_curve|Waterbirds|seed=10|fraction=0.1|gamma=1|tau=0.1|lambda=0.6,learning_curve,Waterbirds,10,0.1,118,1.0,0.1,0.6,vera_balanced_envelope,False,,,0.0,True,NA,False,False,False,True
learning_curve|Waterbirds|seed=10|fraction=0.1|gamma=1|tau=0.1|lambda=0.6,learning_curve,Waterbirds,10,0.1,118,1.0,0.1,0.6,external_balanced_oracle,False,,,0.0,True,NA,False,False,False,True
learning_curve|Waterbirds|seed=10|fraction=0.1|gamma=1|tau=0.1|lambda=0.7,learning_curve,Waterbirds,10,0.1,118,1.0,0.1,0.7,always_deploy_balanced,True,INLP::rank=2,INLP,0.0,True,False,True,False,False,True
learning_curve|Waterbirds|seed=10|fraction=0.1|gamma=1|tau=0.1|lambda=0.7,learning_curve,Waterbirds,10,0.1,118,1.0,0.1,0.7,point_selection_balanced,False,,,0.0,True,NA,False,False,False,True
learning_curve|Waterbirds|seed=10|fraction=0.1|gamma=1|tau=0.1|lambda=0.7,learning_curve,Waterbirds,10,0.1,118,1.0,0.1,0.7,vera_balanced_iut,False,,,0.0,True,NA,False,False,False,True
learning_curve|Waterbirds|seed=10|fraction=0.1|gamma=1|tau=0.1|lambda=0.7,learning_curve,Waterbirds,10,0.1,118,1.0,0.1,0.7,vera_balanced_envelope,False,,,0.0,True,NA,False,False,False,True
learning_curve|Waterbirds|seed=10|fraction=0.1|gamma=1|tau=0.1|lambda=0.7,learning_curve,Waterbirds,10,0.1,118,1.0,0.1,0.7,external_balanced_oracle,False,,,0.0,True,NA,False,False,False,True
learning_curve|Waterbirds|seed=10|fraction=0.1|gamma=1|tau=0.1|lambda=0.8,learning_curve,Waterbirds,10,0.1,118,1.0,0.1,0.8,always_deploy_balanced,True,INLP::rank=2,INLP,0.0,True,True,False,False,False,True
learning_curve|Waterbirds|seed=10|fraction=0.1|gamma=1|tau=0.1|lambda=0.8,learning_curve,Waterbirds,10,0.1,118,1.0,0.1,0.8,point_selection_balanced,True,INLP::rank=2,INLP,0.0,True,True,False,False,False,True
learning_curve|Waterbirds|seed=10|fraction=0.1|gamma=1|tau=0.1|lambda=0.8,learning_curve,Waterbirds,10,0.1,118,1.0,0.1,0.8,vera_balanced_iut,False,,,0.0,True,NA,False,False,False,True
learning_curve|Waterbirds|seed=10|fraction=0.1|gamma=1|tau=0.1|lambda=0.8,learning_curve,Waterbirds,10,0.1,118,1.0,0.1,0.8,vera_balanced_envelope,False,,,0.0,True,NA,False,False,False,True
learning_curve|Waterbirds|seed=10|fraction=0.1|gamma=1|tau=0.1|lambda=0.8,learning_curve,Waterbirds,10,0.1,118,1.0,0.1,0.8,external_balanced_oracle,True,INLP::rank=2,INLP,0.0,True,True,False,False,False,True
learning_curve|Waterbirds|seed=10|fraction=0.1|gamma=1|tau=0.2|lambda=0.6,learning_curve,Waterbirds,10,0.1,118,1.0,0.2,0.6,always_deploy_balanced,True,INLP::rank=2,INLP,0.0,True,False,True,False,False,True
learning_curve|Waterbirds|seed=10|fraction=0.1|gamma=1|tau=0.2|lambda=0.6,learning_curve,Waterbirds,10,0.1,118,1.0,0.2,0.6,point_selection_balanced,False,,,0.0,True,NA,False,False,False,True
learning_curve|Waterbirds|seed=10|fraction=0.1|gamma=1|tau=0.2|lambda=0.6,learning_curve,Waterbirds,10,0.1,118,1.0,0.2,0.6,vera_balanced_iut,False,,,0.0,True,NA,False,False,False,True
learning_curve|Waterbirds|seed=10|fraction=0.1|gamma=1|tau=0.2|lambda=0.6,learning_curve,Waterbirds,10,0.1,118,1.0,0.2,0.6,vera_balanced_envelope,False,,,0.0,True,NA,False,False,False,True
learning_curve|Waterbirds|seed=10|fraction=0.1|gamma=1|tau=0.2|lambda=0.6,learning_curve,Waterbirds,10,0.1,118,1.0,0.2,0.6,external_balanced_oracle,False,,,0.0,True,NA,False,False,False,True
learning_curve|Waterbirds|seed=10|fraction=0.1|gamma=1|tau=0.2|lambda=0.7,learning_curve,Waterbirds,10,0.1,118,1.0,0.2,0.7,always_deploy_balanced,True,INLP::rank=2,INLP,0.0,True,False,True,False,False,True
learning_curve|Waterbirds|seed=10|fraction=0.1|gamma=1|tau=0.2|lambda=0.7,learning_curve,Waterbirds,10,0.1,118,1.0,0.2,0.7,point_selection_balanced,False,,,0.0,True,NA,False,False,False,True
learning_curve|Waterbirds|seed=10|fraction=0.1|gamma=1|tau=0.2|lambda=0.7,learning_curve,Waterbirds,10,0.1,118,1.0,0.2,0.7,vera_balanced_iut,False,,,0.0,True,NA,False,False,False,True
learning_curve|Waterbirds|seed=10|fraction=0.1|gamma=1|tau=0.2|lambda=0.7,learning_curve,Waterbirds,10,0.1,118,1.0,0.2,0.7,vera_balanced_envelope,False,,,0.0,True,NA,False,False,False,True
learning_curve|Waterbirds|seed=10|fraction=0.1|gamma=1|tau=0.2|lambda=0.7,learning_curve,Waterbirds,10,0.1,118,1.0,0.2,0.7,external_balanced_oracle,True,INLP::rank=4,INLP,0.0,True,True,False,False,False,True
learning_curve|Waterbirds|seed=10|fraction=0.1|gamma=1|tau=0.2|lambda=0.8,learning_curve,Waterbirds,10,0.1,118,1.0,0.2,0.8,always_deploy_balanced,True,INLP::rank=2,INLP,0.0,True,True,False,False,False,True
learning_curve|Waterbirds|seed=10|fraction=0.1|gamma=1|tau=0.2|lambda=0.8,learning_curve,Waterbirds,10,0.1,118,1.0,0.2,0.8,point_selection_balanced,True,INLP::rank=2,INLP,0.0,True,True,False,False,False,True
learning_curve|Waterbirds|seed=10|fraction=0.1|gamma=1|tau=0.2|lambda=0.8,learning_curve,Waterbirds,10,0.1,118,1.0,0.2,0.8,vera_balanced_iut,False,,,0.0,True,NA,False,False,False,True
learning_curve|Waterbirds|seed=10|fraction=0.1|gamma=1|tau=0.2|lambda=0.8,learning_curve,Waterbirds,10,0.1,118,1.0,0.2,0.8,vera_balanced_envelope,False,,,0.0,True,NA,False,False,False,True
learning_curve|Waterbirds|seed=10|fraction=0.1|gamma=1|tau=0.2|lambda=0.8,learning_curve,Waterbirds,10,0.1,118,1.0,0.2,0.8,external_balanced_oracle,True,INLP::rank=2,INLP,0.0,True,True,False,False,False,True
learning_curve|Waterbirds|seed=10|fraction=0.25|gamma=1|tau=0.05|lambda=0.6,learning_curve,Waterbirds,10,0.25,298,1.0,0.05,0.6,always_deploy_balanced,True,INLP::rank=4,INLP,0.0,True,False,True,False,False,True
learning_curve|Waterbirds|seed=10|fraction=0.25|gamma=1|tau=0.05|lambda=0.6,learning_curve,Waterbirds,10,0.25,298,1.0,0.05,0.6,point_selection_balanced,False,,,0.0,True,NA,False,False,False,True
learning_curve|Waterbirds|seed=10|fraction=0.25|gamma=1|tau=0.05|lambda=0.6,learning_curve,Waterbirds,10,0.25,298,1.0,0.05,0.6,vera_balanced_iut,False,,,0.0,True,NA,False,False,False,True
learning_curve|Waterbirds|seed=10|fraction=0.25|gamma=1|tau=0.05|lambda=0.6,learning_curve,Waterbirds,10,0.25,298,1.0,0.05,0.6,vera_balanced_envelope,False,,,0.0,True,NA,False,False,False,True
learning_curve|Waterbirds|seed=10|fraction=0.25|gamma=1|tau=0.05|lambda=0.6,learning_curve,Waterbirds,10,0.25,298,1.0,0.05,0.6,external_balanced_oracle,False,,,0.0,True,NA,False,False,False,True
learning_curve|Waterbirds|seed=10|fraction=0.25|gamma=1|tau=0.05|lambda=0.7,learning_curve,Waterbirds,10,0.25,298,1.0,0.05,0.7,always_deploy_balanced,True,INLP::rank=4,INLP,0.0,True,False,True,False,False,True
learning_curve|Waterbirds|seed=10|fraction=0.25|gamma=1|tau=0.05|lambda=0.7,learning_curve,Waterbirds,10,0.25,298,1.0,0.05,0.7,point_selection_balanced,False,,,0.0,True,NA,False,False,False,True
learning_curve|Waterbirds|seed=10|fraction=0.25|gamma=1|tau=0.05|lambda=0.7,learning_curve,Waterbirds,10,0.25,298,1.0,0.05,0.7,vera_balanced_iut,False,,,0.0,True,NA,False,False,False,True
learning_curve|Waterbirds|seed=10|fraction=0.25|gamma=1|tau=0.05|lambda=0.7,learning_curve,Waterbirds,10,0.25,298,1.0,0.05,0.7,vera_balanced_envelope,False,,,0.0,True,NA,False,False,False,True
learning_curve|Waterbirds|seed=10|fraction=0.25|gamma=1|tau=0.05|lambda=0.7,learning_curve,Waterbirds,10,0.25,298,1.0,0.05,0.7,external_balanced_oracle,False,,,0.0,True,NA,False,False,False,True
learning_curve|Waterbirds|seed=10|fraction=0.25|gamma=1|tau=0.05|lambda=0.8,learning_curve,Waterbirds,10,0.25,298,1.0,0.05,0.8,always_deploy_balanced,True,INLP::rank=4,INLP,0.0,True,False,True,False,False,True
learning_curve|Waterbirds|seed=10|fraction=0.25|gamma=1|tau=0.05|lambda=0.8,learning_curve,Waterbirds,10,0.25,298,1.0,0.05,0.8,point_selection_balanced,True,INLP::rank=2,INLP,0.0,True,True,False,False,False,True
learning_curve|Waterbirds|seed=10|fraction=0.25|gamma=1|tau=0.05|lambda=0.8,learning_curve,Waterbirds,10,0.25,298,1.0,0.05,0.8,vera_balanced_iut,False,,,0.0,True,NA,False,False,False,True
learning_curve|Waterbirds|seed=10|fraction=0.25|gamma=1|tau=0.05|lambda=0.8,learning_curve,Waterbirds,10,0.25,298,1.0,0.05,0.8,vera_balanced_envelope,False,,,0.0,True,NA,False,False,False,True
learning_curve|Waterbirds|seed=10|fraction=0.25|gamma=1|tau=0.05|lambda=0.8,learning_curve,Waterbirds,10,0.25,298,1.0,0.05,0.8,external_balanced_oracle,True,INLP::rank=2,INLP,0.0,True,True,False,False,False,True
learning_curve|Waterbirds|seed=10|fraction=0.25|gamma=1|tau=0.1|lambda=0.6,learning_curve,Waterbirds,10,0.25,298,1.0,0.1,0.6,always_deploy_balanced,True,INLP::rank=4,INLP,0.0,True,False,True,False,False,True
learning_curve|Waterbirds|seed=10|fraction=0.25|gamma=1|tau=0.1|lambda=0.6,learning_curve,Waterbirds,10,0.25,298,1.0,0.1,0.6,point_selection_balanced,False,,,0.0,True,NA,False,False,False,True
learning_curve|Waterbirds|seed=10|fraction=0.25|gamma=1|tau=0.1|lambda=0.6,learning_curve,Waterbirds,10,0.25,298,1.0,0.1,0.6,vera_balanced_iut,False,,,0.0,True,NA,False,False,False,True
learning_curve|Waterbirds|seed=10|fraction=0.25|gamma=1|tau=0.1|lambda=0.6,learning_curve,Waterbirds,10,0.25,298,1.0,0.1,0.6,vera_balanced_envelope,False,,,0.0,True,NA,False,False,False,True
learning_curve|Waterbirds|seed=10|fraction=0.25|gamma=1|tau=0.1|lambda=0.6,learning_curve,Waterbirds,10,0.25,298,1.0,0.1,0.6,external_balanced_oracle,False,,,0.0,True,NA,False,False,False,True
learning_curve|Waterbirds|seed=10|fraction=0.25|gamma=1|tau=0.1|lambda=0.7,learning_curve,Waterbirds,10,0.25,298,1.0,0.1,0.7,always_deploy_balanced,True,INLP::rank=4,INLP,0.0,True,False,True,False,False,True
learning_curve|Waterbirds|seed=10|fraction=0.25|gamma=1|tau=0.1|lambda=0.7,learning_curve,Waterbirds,10,0.25,298,1.0,0.1,0.7,point_selection_balanced,True,INLP::rank=4,INLP,0.0,True,False,True,False,False,True
learning_curve|Waterbirds|seed=10|fraction=0.25|gamma=1|tau=0.1|lambda=0.7,learning_curve,Waterbirds,10,0.25,298,1.0,0.1,0.7,vera_balanced_iut,False,,,0.0,True,NA,False,False,False,True
learning_curve|Waterbirds|seed=10|fraction=0.25|gamma=1|tau=0.1|lambda=0.7,learning_curve,Waterbirds,10,0.25,298,1.0,0.1,0.7,vera_balanced_envelope,False,,,0.0,True,NA,False,False,False,True
learning_curve|Waterbirds|seed=10|fraction=0.25|gamma=1|tau=0.1|lambda=0.7,learning_curve,Waterbirds,10,0.25,298,1.0,0.1,0.7,external_balanced_oracle,False,,,0.0,True,NA,False,False,False,True
learning_curve|Waterbirds|seed=10|fraction=0.25|gamma=1|tau=0.1|lambda=0.8,learning_curve,Waterbirds,10,0.25,298,1.0,0.1,0.8,always_deploy_balanced,True,INLP::rank=4,INLP,0.0,True,False,True,False,False,True
learning_curve|Waterbirds|seed=10|fraction=0.25|gamma=1|tau=0.1|lambda=0.8,learning_curve,Waterbirds,10,0.25,298,1.0,0.1,0.8,point_selection_balanced,True,INLP::rank=4,INLP,0.0,True,False,True,False,False,True
learning_curve|Waterbirds|seed=10|fraction=0.25|gamma=1|tau=0.1|lambda=0.8,learning_curve,Waterbirds,10,0.25,298,1.0,0.1,0.8,vera_balanced_iut,False,,,0.0,True,NA,False,False,False,True
learning_curve|Waterbirds|seed=10|fraction=0.25|gamma=1|tau=0.1|lambda=0.8,learning_curve,Waterbirds,10,0.25,298,1.0,0.1,0.8,vera_balanced_envelope,False,,,0.0,True,NA,False,False,False,True
learning_curve|Waterbirds|seed=10|fraction=0.25|gamma=1|tau=0.1|lambda=0.8,learning_curve,Waterbirds,10,0.25,298,1.0,0.1,0.8,external_balanced_oracle,True,INLP::rank=2,INLP,0.0,True,True,False,False,False,True
learning_curve|Waterbirds|seed=10|fraction=0.25|gamma=1|tau=0.2|lambda=0.6,learning_curve,Waterbirds,10,0.25,298,1.0,0.2,0.6,always_deploy_balanced,True,INLP::rank=4,INLP,0.0,True,False,True,False,False,True
learning_curve|Waterbirds|seed=10|fraction=0.25|gamma=1|tau=0.2|lambda=0.6,learning_curve,Waterbirds,10,0.25,298,1.0,0.2,0.6,point_selection_balanced,False,,,0.0,True,NA,False,False,False,True
learning_curve|Waterbirds|seed=10|fraction=0.25|gamma=1|tau=0.2|lambda=0.6,learning_curve,Waterbirds,10,0.25,298,1.0,0.2,0.6,vera_balanced_iut,False,,,0.0,True,NA,False,False,False,True
learning_curve|Waterbirds|seed=10|fraction=0.25|gamma=1|tau=0.2|lambda=0.6,learning_curve,Waterbirds,10,0.25,298,1.0,0.2,0.6,vera_balanced_envelope,False,,,0.0,True,NA,False,False,False,True
learning_curve|Waterbirds|seed=10|fraction=0.25|gamma=1|tau=0.2|lambda=0.6,learning_curve,Waterbirds,10,0.25,298,1.0,0.2,0.6,external_balanced_oracle,False,,,0.0,True,NA,False,False,False,True
learning_curve|Waterbirds|seed=10|fraction=0.25|gamma=1|tau=0.2|lambda=0.7,learning_curve,Waterbirds,10,0.25,298,1.0,0.2,0.7,always_deploy_balanced,True,INLP::rank=4,INLP,0.0,True,True,False,False,False,True
learning_curve|Waterbirds|seed=10|fraction=0.25|gamma=1|tau=0.2|lambda=0.7,learning_curve,Waterbirds,10,0.25,298,1.0,0.2,0.7,point_selection_balanced,True,INLP::rank=4,INLP,0.0,True,True,False,False,False,True
learning_curve|Waterbirds|seed=10|fraction=0.25|gamma=1|tau=0.2|lambda=0.7,learning_curve,Waterbirds,10,0.25,298,1.0,0.2,0.7,vera_balanced_iut,False,,,0.0,True,NA,False,False,False,True
learning_curve|Waterbirds|seed=10|fraction=0.25|gamma=1|tau=0.2|lambda=0.7,learning_curve,Waterbirds,10,0.25,298,1.0,0.2,0.7,vera_balanced_envelope,False,,,0.0,True,NA,False,False,False,True
learning_curve|Waterbirds|seed=10|fraction=0.25|gamma=1|tau=0.2|lambda=0.7,learning_curve,Waterbirds,10,0.25,298,1.0,0.2,0.7,external_balanced_oracle,True,INLP::rank=4,INLP,0.0,True,True,False,False,False,True
learning_curve|Waterbirds|seed=10|fraction=0.25|gamma=1|tau=0.2|lambda=0.8,learning_curve,Waterbirds,10,0.25,298,1.0,0.2,0.8,always_deploy_balanced,True,INLP::rank=4,INLP,0.0,True,True,False,False,False,True
learning_curve|Waterbirds|seed=10|fraction=0.25|gamma=1|tau=0.2|lambda=0.8,learning_curve,Waterbirds,10,0.25,298,1.0,0.2,0.8,point_selection_balanced,True,INLP::rank=4,INLP,0.0,True,True,False,False,False,True
learning_curve|Waterbirds|seed=10|fraction=0.25|gamma=1|tau=0.2|lambda=0.8,learning_curve,Waterbirds,10,0.25,298,1.0,0.2,0.8,vera_balanced_iut,False,,,0.0,True,NA,False,False,False,True
learning_curve|Waterbirds|seed=10|fraction=0.25|gamma=1|tau=0.2|lambda=0.8,learning_curve,Waterbirds,10,0.25,298,1.0,0.2,0.8,vera_balanced_envelope,False,,,0.0,True,NA,False,False,False,True
learning_curve|Waterbirds|seed=10|fraction=0.25|gamma=1|tau=0.2|lambda=0.8,learning_curve,Waterbirds,10,0.25,298,1.0,0.2,0.8,external_balanced_oracle,True,INLP::rank=4,INLP,0.0,True,True,False,False,False,True
learning_curve|Waterbirds|seed=10|fraction=0.5|gamma=1|tau=0.05|lambda=0.6,learning_curve,Waterbirds,10,0.5,598,1.0,0.05,0.6,always_deploy_balanced,True,INLP::rank=4,INLP,0.0,True,False,True,False,False,True
learning_curve|Waterbirds|seed=10|fraction=0.5|gamma=1|tau=0.05|lambda=0.6,learning_curve,Waterbirds,10,0.5,598,1.0,0.05,0.6,point_selection_balanced,False,,,0.0,True,NA,False,False,False,True
learning_curve|Waterbirds|seed=10|fraction=0.5|gamma=1|tau=0.05|lambda=0.6,learning_curve,Waterbirds,10,0.5,598,1.0,0.05,0.6,vera_balanced_iut,False,,,0.0,True,NA,False,False,False,True
learning_curve|Waterbirds|seed=10|fraction=0.5|gamma=1|tau=0.05|lambda=0.6,learning_curve,Waterbirds,10,0.5,598,1.0,0.05,0.6,vera_balanced_envelope,False,,,0.0,True,NA,False,False,False,True
learning_curve|Waterbirds|seed=10|fraction=0.5|gamma=1|tau=0.05|lambda=0.6,learning_curve,Waterbirds,10,0.5,598,1.0,0.05,0.6,external_balanced_oracle,False,,,0.0,True,NA,False,False,False,True
learning_curve|Waterbirds|seed=10|fraction=0.5|gamma=1|tau=0.05|lambda=0.7,learning_curve,Waterbirds,10,0.5,598,1.0,0.05,0.7,always_deploy_balanced,True,INLP::rank=4,INLP,0.0,True,False,True,False,False,True
learning_curve|Waterbirds|seed=10|fraction=0.5|gamma=1|tau=0.05|lambda=0.7,learning_curve,Waterbirds,10,0.5,598,1.0,0.05,0.7,point_selection_balanced,False,,,0.0,True,NA,False,False,False,True
learning_curve|Waterbirds|seed=10|fraction=0.5|gamma=1|tau=0.05|lambda=0.7,learning_curve,Waterbirds,10,0.5,598,1.0,0.05,0.7,vera_balanced_iut,False,,,0.0,True,NA,False,False,False,True
learning_curve|Waterbirds|seed=10|fraction=0.5|gamma=1|tau=0.05|lambda=0.7,learning_curve,Waterbirds,10,0.5,598,1.0,0.05,0.7,vera_balanced_envelope,False,,,0.0,True,NA,False,False,False,True
learning_curve|Waterbirds|seed=10|fraction=0.5|gamma=1|tau=0.05|lambda=0.7,learning_curve,Waterbirds,10,0.5,598,1.0,0.05,0.7,external_balanced_oracle,False,,,0.0,True,NA,False,False,False,True
learning_curve|Waterbirds|seed=10|fraction=0.5|gamma=1|tau=0.05|lambda=0.8,learning_curve,Waterbirds,10,0.5,598,1.0,0.05,0.8,always_deploy_balanced,True,INLP::rank=4,INLP,0.0,True,False,True,False,False,True
learning_curve|Waterbirds|seed=10|fraction=0.5|gamma=1|tau=0.05|lambda=0.8,learning_curve,Waterbirds,10,0.5,598,1.0,0.05,0.8,point_selection_balanced,True,INLP::rank=2,INLP,0.0,True,True,False,False,False,True
learning_curve|Waterbirds|seed=10|fraction=0.5|gamma=1|tau=0.05|lambda=0.8,learning_curve,Waterbirds,10,0.5,598,1.0,0.05,0.8,vera_balanced_iut,False,,,0.0,True,NA,False,False,False,True
learning_curve|Waterbirds|seed=10|fraction=0.5|gamma=1|tau=0.05|lambda=0.8,learning_curve,Waterbirds,10,0.5,598,1.0,0.05,0.8,vera_balanced_envelope,False,,,0.0,True,NA,False,False,False,True
learning_curve|Waterbirds|seed=10|fraction=0.5|gamma=1|tau=0.05|lambda=0.8,learning_curve,Waterbirds,10,0.5,598,1.0,0.05,0.8,external_balanced_oracle,True,INLP::rank=2,INLP,0.0,True,True,False,False,False,True
learning_curve|Waterbirds|seed=10|fraction=0.5|gamma=1|tau=0.1|lambda=0.6,learning_curve,Waterbirds,10,0.5,598,1.0,0.1,0.6,always_deploy_balanced,True,INLP::rank=4,INLP,0.0,True,False,True,False,False,True
learning_curve|Waterbirds|seed=10|fraction=0.5|gamma=1|tau=0.1|lambda=0.6,learning_curve,Waterbirds,10,0.5,598,1.0,0.1,0.6,point_selection_balanced,False,,,0.0,True,NA,False,False,False,True
learning_curve|Waterbirds|seed=10|fraction=0.5|gamma=1|tau=0.1|lambda=0.6,learning_curve,Waterbirds,10,0.5,598,1.0,0.1,0.6,vera_balanced_iut,False,,,0.0,True,NA,False,False,False,True
learning_curve|Waterbirds|seed=10|fraction=0.5|gamma=1|tau=0.1|lambda=0.6,learning_curve,Waterbirds,10,0.5,598,1.0,0.1,0.6,vera_balanced_envelope,False,,,0.0,True,NA,False,False,False,True
learning_curve|Waterbirds|seed=10|fraction=0.5|gamma=1|tau=0.1|lambda=0.6,learning_curve,Waterbirds,10,0.5,598,1.0,0.1,0.6,external_balanced_oracle,False,,,0.0,True,NA,False,False,False,True
learning_curve|Waterbirds|seed=10|fraction=0.5|gamma=1|tau=0.1|lambda=0.7,learning_curve,Waterbirds,10,0.5,598,1.0,0.1,0.7,always_deploy_balanced,True,INLP::rank=4,INLP,0.0,True,False,True,False,False,True
learning_curve|Waterbirds|seed=10|fraction=0.5|gamma=1|tau=0.1|lambda=0.7,learning_curve,Waterbirds,10,0.5,598,1.0,0.1,0.7,point_selection_balanced,True,INLP::rank=4,INLP,0.0,True,False,True,False,False,True
learning_curve|Waterbirds|seed=10|fraction=0.5|gamma=1|tau=0.1|lambda=0.7,learning_curve,Waterbirds,10,0.5,598,1.0,0.1,0.7,vera_balanced_iut,False,,,0.0,True,NA,False,False,False,True
learning_curve|Waterbirds|seed=10|fraction=0.5|gamma=1|tau=0.1|lambda=0.7,learning_curve,Waterbirds,10,0.5,598,1.0,0.1,0.7,vera_balanced_envelope,False,,,0.0,True,NA,False,False,False,True
learning_curve|Waterbirds|seed=10|fraction=0.5|gamma=1|tau=0.1|lambda=0.7,learning_curve,Waterbirds,10,0.5,598,1.0,0.1,0.7,external_balanced_oracle,False,,,0.0,True,NA,False,False,False,True
learning_curve|Waterbirds|seed=10|fraction=0.5|gamma=1|tau=0.1|lambda=0.8,learning_curve,Waterbirds,10,0.5,598,1.0,0.1,0.8,always_deploy_balanced,True,INLP::rank=4,INLP,0.0,True,False,True,False,False,True
learning_curve|Waterbirds|seed=10|fraction=0.5|gamma=1|tau=0.1|lambda=0.8,learning_curve,Waterbirds,10,0.5,598,1.0,0.1,0.8,point_selection_balanced,True,INLP::rank=4,INLP,0.0,True,False,True,False,False,True
learning_curve|Waterbirds|seed=10|fraction=0.5|gamma=1|tau=0.1|lambda=0.8,learning_curve,Waterbirds,10,0.5,598,1.0,0.1,0.8,vera_balanced_iut,False,,,0.0,True,NA,False,False,False,True
learning_curve|Waterbirds|seed=10|fraction=0.5|gamma=1|tau=0.1|lambda=0.8,learning_curve,Waterbirds,10,0.5,598,1.0,0.1,0.8,vera_balanced_envelope,False,,,0.0,True,NA,False,False,False,True
learning_curve|Waterbirds|seed=10|fraction=0.5|gamma=1|tau=0.1|lambda=0.8,learning_curve,Waterbirds,10,0.5,598,1.0,0.1,0.8,external_balanced_oracle,True,INLP::rank=2,INLP,0.0,True,True,False,False,False,True
learning_curve|Waterbirds|seed=10|fraction=0.5|gamma=1|tau=0.2|lambda=0.6,learning_curve,Waterbirds,10,0.5,598,1.0,0.2,0.6,always_deploy_balanced,True,INLP::rank=4,INLP,0.0,True,False,True,False,False,True
learning_curve|Waterbirds|seed=10|fraction=0.5|gamma=1|tau=0.2|lambda=0.6,learning_curve,Waterbirds,10,0.5,598,1.0,0.2,0.6,point_selection_balanced,False,,,0.0,True,NA,False,False,False,True
learning_curve|Waterbirds|seed=10|fraction=0.5|gamma=1|tau=0.2|lambda=0.6,learning_curve,Waterbirds,10,0.5,598,1.0,0.2,0.6,vera_balanced_iut,False,,,0.0,True,NA,False,False,False,True
learning_curve|Waterbirds|seed=10|fraction=0.5|gamma=1|tau=0.2|lambda=0.6,learning_curve,Waterbirds,10,0.5,598,1.0,0.2,0.6,vera_balanced_envelope,False,,,0.0,True,NA,False,False,False,True
learning_curve|Waterbirds|seed=10|fraction=0.5|gamma=1|tau=0.2|lambda=0.6,learning_curve,Waterbirds,10,0.5,598,1.0,0.2,0.6,external_balanced_oracle,False,,,0.0,True,NA,False,False,False,True
learning_curve|Waterbirds|seed=10|fraction=0.5|gamma=1|tau=0.2|lambda=0.7,learning_curve,Waterbirds,10,0.5,598,1.0,0.2,0.7,always_deploy_balanced,True,INLP::rank=4,INLP,0.0,True,True,False,False,False,True
learning_curve|Waterbirds|seed=10|fraction=0.5|gamma=1|tau=0.2|lambda=0.7,learning_curve,Waterbirds,10,0.5,598,1.0,0.2,0.7,point_selection_balanced,True,INLP::rank=4,INLP,0.0,True,True,False,False,False,True
learning_curve|Waterbirds|seed=10|fraction=0.5|gamma=1|tau=0.2|lambda=0.7,learning_curve,Waterbirds,10,0.5,598,1.0,0.2,0.7,vera_balanced_iut,False,,,0.0,True,NA,False,False,False,True
learning_curve|Waterbirds|seed=10|fraction=0.5|gamma=1|tau=0.2|lambda=0.7,learning_curve,Waterbirds,10,0.5,598,1.0,0.2,0.7,vera_balanced_envelope,False,,,0.0,True,NA,False,False,False,True
learning_curve|Waterbirds|seed=10|fraction=0.5|gamma=1|tau=0.2|lambda=0.7,learning_curve,Waterbirds,10,0.5,598,1.0,0.2,0.7,external_balanced_oracle,True,INLP::rank=4,INLP,0.0,True,True,False,False,False,True
learning_curve|Waterbirds|seed=10|fraction=0.5|gamma=1|tau=0.2|lambda=0.8,learning_curve,Waterbirds,10,0.5,598,1.0,0.2,0.8,always_deploy_balanced,True,INLP::rank=4,INLP,0.0,True,True,False,False,False,True
learning_curve|Waterbirds|seed=10|fraction=0.5|gamma=1|tau=0.2|lambda=0.8,learning_curve,Waterbirds,10,0.5,598,1.0,0.2,0.8,point_selection_balanced,True,INLP::rank=4,INLP,0.0,True,True,False,False,False,True
learning_curve|Waterbirds|seed=10|fraction=0.5|gamma=1|tau=0.2|lambda=0.8,learning_curve,Waterbirds,10,0.5,598,1.0,0.2,0.8,vera_balanced_iut,True,INLP::rank=4,INLP,0.0,True,True,False,False,False,True
learning_curve|Waterbirds|seed=10|fraction=0.5|gamma=1|tau=0.2|lambda=0.8,learning_curve,Waterbirds,10,0.5,598,1.0,0.2,0.8,vera_balanced_envelope,False,,,0.0,True,NA,False,False,False,True
learning_curve|Waterbirds|seed=10|fraction=0.5|gamma=1|tau=0.2|lambda=0.8,learning_curve,Waterbirds,10,0.5,598,1.0,0.2,0.8,external_balanced_oracle,True,INLP::rank=4,INLP,0.0,True,True,False,False,False,True
primary|Waterbirds|seed=10|fraction=1|gamma=1|tau=0.05|lambda=0.6,primary,Waterbirds,10,1.0,1199,1.0,0.05,0.6,always_deploy_balanced,True,INLP::rank=4,INLP,0.0,True,False,True,False,False,True
primary|Waterbirds|seed=10|fraction=1|gamma=1|tau=0.05|lambda=0.6,primary,Waterbirds,10,1.0,1199,1.0,0.05,0.6,point_selection_balanced,False,,,0.0,True,NA,False,False,False,True
primary|Waterbirds|seed=10|fraction=1|gamma=1|tau=0.05|lambda=0.6,primary,Waterbirds,10,1.0,1199,1.0,0.05,0.6,vera_balanced_iut,False,,,0.0,True,NA,False,False,False,True
primary|Waterbirds|seed=10|fraction=1|gamma=1|tau=0.05|lambda=0.6,primary,Waterbirds,10,1.0,1199,1.0,0.05,0.6,vera_balanced_envelope,False,,,0.0,True,NA,False,False,False,True
primary|Waterbirds|seed=10|fraction=1|gamma=1|tau=0.05|lambda=0.6,primary,Waterbirds,10,1.0,1199,1.0,0.05,0.6,external_balanced_oracle,False,,,0.0,True,NA,False,False,False,True
primary|Waterbirds|seed=10|fraction=1|gamma=1|tau=0.05|lambda=0.7,primary,Waterbirds,10,1.0,1199,1.0,0.05,0.7,always_deploy_balanced,True,INLP::rank=4,INLP,0.0,True,False,True,False,False,True
primary|Waterbirds|seed=10|fraction=1|gamma=1|tau=0.05|lambda=0.7,primary,Waterbirds,10,1.0,1199,1.0,0.05,0.7,point_selection_balanced,False,,,0.0,True,NA,False,False,False,True
primary|Waterbirds|seed=10|fraction=1|gamma=1|tau=0.05|lambda=0.7,primary,Waterbirds,10,1.0,1199,1.0,0.05,0.7,vera_balanced_iut,False,,,0.0,True,NA,False,False,False,True
primary|Waterbirds|seed=10|fraction=1|gamma=1|tau=0.05|lambda=0.7,primary,Waterbirds,10,1.0,1199,1.0,0.05,0.7,vera_balanced_envelope,False,,,0.0,True,NA,False,False,False,True
primary|Waterbirds|seed=10|fraction=1|gamma=1|tau=0.05|lambda=0.7,primary,Waterbirds,10,1.0,1199,1.0,0.05,0.7,external_balanced_oracle,False,,,0.0,True,NA,False,False,False,True
primary|Waterbirds|seed=10|fraction=1|gamma=1|tau=0.05|lambda=0.8,primary,Waterbirds,10,1.0,1199,1.0,0.05,0.8,always_deploy_balanced,True,INLP::rank=4,INLP,0.0,True,False,True,False,False,True
primary|Waterbirds|seed=10|fraction=1|gamma=1|tau=0.05|lambda=0.8,primary,Waterbirds,10,1.0,1199,1.0,0.05,0.8,point_selection_balanced,True,INLP::rank=2,INLP,0.0,True,True,False,False,False,True
primary|Waterbirds|seed=10|fraction=1|gamma=1|tau=0.05|lambda=0.8,primary,Waterbirds,10,1.0,1199,1.0,0.05,0.8,vera_balanced_iut,False,,,0.0,True,NA,False,False,False,True
primary|Waterbirds|seed=10|fraction=1|gamma=1|tau=0.05|lambda=0.8,primary,Waterbirds,10,1.0,1199,1.0,0.05,0.8,vera_balanced_envelope,False,,,0.0,True,NA,False,False,False,True
primary|Waterbirds|seed=10|fraction=1|gamma=1|tau=0.05|lambda=0.8,primary,Waterbirds,10,1.0,1199,1.0,0.05,0.8,external_balanced_oracle,True,INLP::rank=2,INLP,0.0,True,True,False,False,False,True
primary|Waterbirds|seed=10|fraction=1|gamma=1|tau=0.1|lambda=0.6,primary,Waterbirds,10,1.0,1199,1.0,0.1,0.6,always_deploy_balanced,True,INLP::rank=4,INLP,0.0,True,False,True,False,False,True
primary|Waterbirds|seed=10|fraction=1|gamma=1|tau=0.1|lambda=0.6,primary,Waterbirds,10,1.0,1199,1.0,0.1,0.6,point_selection_balanced,False,,,0.0,True,NA,False,False,False,True
primary|Waterbirds|seed=10|fraction=1|gamma=1|tau=0.1|lambda=0.6,primary,Waterbirds,10,1.0,1199,1.0,0.1,0.6,vera_balanced_iut,False,,,0.0,True,NA,False,False,False,True
primary|Waterbirds|seed=10|fraction=1|gamma=1|tau=0.1|lambda=0.6,primary,Waterbirds,10,1.0,1199,1.0,0.1,0.6,vera_balanced_envelope,False,,,0.0,True,NA,False,False,False,True
primary|Waterbirds|seed=10|fraction=1|gamma=1|tau=0.1|lambda=0.6,primary,Waterbirds,10,1.0,1199,1.0,0.1,0.6,external_balanced_oracle,False,,,0.0,True,NA,False,False,False,True
primary|Waterbirds|seed=10|fraction=1|gamma=1|tau=0.1|lambda=0.7,primary,Waterbirds,10,1.0,1199,1.0,0.1,0.7,always_deploy_balanced,True,INLP::rank=4,INLP,0.0,True,False,True,False,False,True
primary|Waterbirds|seed=10|fraction=1|gamma=1|tau=0.1|lambda=0.7,primary,Waterbirds,10,1.0,1199,1.0,0.1,0.7,point_selection_balanced,True,INLP::rank=4,INLP,0.0,True,False,True,False,False,True
primary|Waterbirds|seed=10|fraction=1|gamma=1|tau=0.1|lambda=0.7,primary,Waterbirds,10,1.0,1199,1.0,0.1,0.7,vera_balanced_iut,False,,,0.0,True,NA,False,False,False,True
primary|Waterbirds|seed=10|fraction=1|gamma=1|tau=0.1|lambda=0.7,primary,Waterbirds,10,1.0,1199,1.0,0.1,0.7,vera_balanced_envelope,False,,,0.0,True,NA,False,False,False,True
primary|Waterbirds|seed=10|fraction=1|gamma=1|tau=0.1|lambda=0.7,primary,Waterbirds,10,1.0,1199,1.0,0.1,0.7,external_balanced_oracle,False,,,0.0,True,NA,False,False,False,True
primary|Waterbirds|seed=10|fraction=1|gamma=1|tau=0.1|lambda=0.8,primary,Waterbirds,10,1.0,1199,1.0,0.1,0.8,always_deploy_balanced,True,INLP::rank=4,INLP,0.0,True,False,True,False,False,True
primary|Waterbirds|seed=10|fraction=1|gamma=1|tau=0.1|lambda=0.8,primary,Waterbirds,10,1.0,1199,1.0,0.1,0.8,point_selection_balanced,True,INLP::rank=4,INLP,0.0,True,False,True,False,False,True
primary|Waterbirds|seed=10|fraction=1|gamma=1|tau=0.1|lambda=0.8,primary,Waterbirds,10,1.0,1199,1.0,0.1,0.8,vera_balanced_iut,False,,,0.0,True,NA,False,False,False,True
primary|Waterbirds|seed=10|fraction=1|gamma=1|tau=0.1|lambda=0.8,primary,Waterbirds,10,1.0,1199,1.0,0.1,0.8,vera_balanced_envelope,False,,,0.0,True,NA,False,False,False,True
primary|Waterbirds|seed=10|fraction=1|gamma=1|tau=0.1|lambda=0.8,primary,Waterbirds,10,1.0,1199,1.0,0.1,0.8,external_balanced_oracle,True,INLP::rank=2,INLP,0.0,True,True,False,False,False,True
primary|Waterbirds|seed=10|fraction=1|gamma=1|tau=0.2|lambda=0.6,primary,Waterbirds,10,1.0,1199,1.0,0.2,0.6,always_deploy_balanced,True,INLP::rank=4,INLP,0.0,True,False,True,False,False,True
primary|Waterbirds|seed=10|fraction=1|gamma=1|tau=0.2|lambda=0.6,primary,Waterbirds,10,1.0,1199,1.0,0.2,0.6,point_selection_balanced,False,,,0.0,True,NA,False,False,False,True
primary|Waterbirds|seed=10|fraction=1|gamma=1|tau=0.2|lambda=0.6,primary,Waterbirds,10,1.0,1199,1.0,0.2,0.6,vera_balanced_iut,False,,,0.0,True,NA,False,False,False,True
primary|Waterbirds|seed=10|fraction=1|gamma=1|tau=0.2|lambda=0.6,primary,Waterbirds,10,1.0,1199,1.0,0.2,0.6,vera_balanced_envelope,False,,,0.0,True,NA,False,False,False,True
primary|Waterbirds|seed=10|fraction=1|gamma=1|tau=0.2|lambda=0.6,primary,Waterbirds,10,1.0,1199,1.0,0.2,0.6,external_balanced_oracle,False,,,0.0,True,NA,False,False,False,True
primary|Waterbirds|seed=10|fraction=1|gamma=1|tau=0.2|lambda=0.7,primary,Waterbirds,10,1.0,1199,1.0,0.2,0.7,always_deploy_balanced,True,INLP::rank=4,INLP,0.0,True,True,False,False,False,True
primary|Waterbirds|seed=10|fraction=1|gamma=1|tau=0.2|lambda=0.7,primary,Waterbirds,10,1.0,1199,1.0,0.2,0.7,point_selection_balanced,True,INLP::rank=4,INLP,0.0,True,True,False,False,False,True
primary|Waterbirds|seed=10|fraction=1|gamma=1|tau=0.2|lambda=0.7,primary,Waterbirds,10,1.0,1199,1.0,0.2,0.7,vera_balanced_iut,False,,,0.0,True,NA,False,False,False,True
primary|Waterbirds|seed=10|fraction=1|gamma=1|tau=0.2|lambda=0.7,primary,Waterbirds,10,1.0,1199,1.0,0.2,0.7,vera_balanced_envelope,False,,,0.0,True,NA,False,False,False,True
primary|Waterbirds|seed=10|fraction=1|gamma=1|tau=0.2|lambda=0.7,primary,Waterbirds,10,1.0,1199,1.0,0.2,0.7,external_balanced_oracle,True,INLP::rank=4,INLP,0.0,True,True,False,False,False,True
primary|Waterbirds|seed=10|fraction=1|gamma=1|tau=0.2|lambda=0.8,primary,Waterbirds,10,1.0,1199,1.0,0.2,0.8,always_deploy_balanced,True,INLP::rank=4,INLP,1.0142593383789062,True,True,False,False,False,True
primary|Waterbirds|seed=10|fraction=1|gamma=1|tau=0.2|lambda=0.8,primary,Waterbirds,10,1.0,1199,1.0,0.2,0.8,point_selection_balanced,True,INLP::rank=4,INLP,1.0142593383789062,True,True,False,False,False,True
primary|Waterbirds|seed=10|fraction=1|gamma=1|tau=0.2|lambda=0.8,primary,Waterbirds,10,1.0,1199,1.0,0.2,0.8,vera_balanced_iut,True,INLP::rank=4,INLP,1.0142593383789062,True,True,False,False,False,True
primary|Waterbirds|seed=10|fraction=1|gamma=1|tau=0.2|lambda=0.8,primary,Waterbirds,10,1.0,1199,1.0,0.2,0.8,vera_balanced_envelope,True,INLP::rank=4,INLP,1.0142593383789062,True,True,False,False,False,True
primary|Waterbirds|seed=10|fraction=1|gamma=1|tau=0.2|lambda=0.8,primary,Waterbirds,10,1.0,1199,1.0,0.2,0.8,external_balanced_oracle,True,INLP::rank=4,INLP,1.0142593383789062,True,True,False,False,False,True
shifted_sensitivity|Waterbirds|seed=10|fraction=1|gamma=1.01|tau=0.05|lambda=0.6,shifted_sensitivity,Waterbirds,10,1.0,1199,1.01,0.05,0.6,always_deploy_balanced,True,INLP::rank=4,INLP,0.0,True,False,True,False,False,True
shifted_sensitivity|Waterbirds|seed=10|fraction=1|gamma=1.01|tau=0.05|lambda=0.6,shifted_sensitivity,Waterbirds,10,1.0,1199,1.01,0.05,0.6,point_selection_balanced,False,,,0.0,True,NA,False,False,False,True
shifted_sensitivity|Waterbirds|seed=10|fraction=1|gamma=1.01|tau=0.05|lambda=0.6,shifted_sensitivity,Waterbirds,10,1.0,1199,1.01,0.05,0.6,vera_balanced_iut,False,,,0.0,True,NA,False,False,False,True
shifted_sensitivity|Waterbirds|seed=10|fraction=1|gamma=1.01|tau=0.05|lambda=0.6,shifted_sensitivity,Waterbirds,10,1.0,1199,1.01,0.05,0.6,vera_balanced_envelope,False,,,0.0,True,NA,False,False,False,True
shifted_sensitivity|Waterbirds|seed=10|fraction=1|gamma=1.01|tau=0.05|lambda=0.6,shifted_sensitivity,Waterbirds,10,1.0,1199,1.01,0.05,0.6,external_balanced_oracle,False,,,0.0,True,NA,False,False,False,True
shifted_sensitivity|Waterbirds|seed=10|fraction=1|gamma=1.01|tau=0.05|lambda=0.7,shifted_sensitivity,Waterbirds,10,1.0,1199,1.01,0.05,0.7,always_deploy_balanced,True,INLP::rank=4,INLP,0.0,True,False,True,False,False,True
shifted_sensitivity|Waterbirds|seed=10|fraction=1|gamma=1.01|tau=0.05|lambda=0.7,shifted_sensitivity,Waterbirds,10,1.0,1199,1.01,0.05,0.7,point_selection_balanced,False,,,0.0,True,NA,False,False,False,True
shifted_sensitivity|Waterbirds|seed=10|fraction=1|gamma=1.01|tau=0.05|lambda=0.7,shifted_sensitivity,Waterbirds,10,1.0,1199,1.01,0.05,0.7,vera_balanced_iut,False,,,0.0,True,NA,False,False,False,True
shifted_sensitivity|Waterbirds|seed=10|fraction=1|gamma=1.01|tau=0.05|lambda=0.7,shifted_sensitivity,Waterbirds,10,1.0,1199,1.01,0.05,0.7,vera_balanced_envelope,False,,,0.0,True,NA,False,False,False,True
shifted_sensitivity|Waterbirds|seed=10|fraction=1|gamma=1.01|tau=0.05|lambda=0.7,shifted_sensitivity,Waterbirds,10,1.0,1199,1.01,0.05,0.7,external_balanced_oracle,False,,,0.0,True,NA,False,False,False,True
shifted_sensitivity|Waterbirds|seed=10|fraction=1|gamma=1.01|tau=0.05|lambda=0.8,shifted_sensitivity,Waterbirds,10,1.0,1199,1.01,0.05,0.8,always_deploy_balanced,True,INLP::rank=4,INLP,0.0,True,False,True,False,False,True
shifted_sensitivity|Waterbirds|seed=10|fraction=1|gamma=1.01|tau=0.05|lambda=0.8,shifted_sensitivity,Waterbirds,10,1.0,1199,1.01,0.05,0.8,point_selection_balanced,True,INLP::rank=2,INLP,0.0,True,True,False,False,False,True
shifted_sensitivity|Waterbirds|seed=10|fraction=1|gamma=1.01|tau=0.05|lambda=0.8,shifted_sensitivity,Waterbirds,10,1.0,1199,1.01,0.05,0.8,vera_balanced_iut,False,,,0.0,True,NA,False,False,False,True
shifted_sensitivity|Waterbirds|seed=10|fraction=1|gamma=1.01|tau=0.05|lambda=0.8,shifted_sensitivity,Waterbirds,10,1.0,1199,1.01,0.05,0.8,vera_balanced_envelope,False,,,0.0,True,NA,False,False,False,True
shifted_sensitivity|Waterbirds|seed=10|fraction=1|gamma=1.01|tau=0.05|lambda=0.8,shifted_sensitivity,Waterbirds,10,1.0,1199,1.01,0.05,0.8,external_balanced_oracle,True,INLP::rank=2,INLP,0.0,True,True,False,False,False,True
shifted_sensitivity|Waterbirds|seed=10|fraction=1|gamma=1.01|tau=0.1|lambda=0.6,shifted_sensitivity,Waterbirds,10,1.0,1199,1.01,0.1,0.6,always_deploy_balanced,True,INLP::rank=4,INLP,0.0,True,False,True,False,False,True
shifted_sensitivity|Waterbirds|seed=10|fraction=1|gamma=1.01|tau=0.1|lambda=0.6,shifted_sensitivity,Waterbirds,10,1.0,1199,1.01,0.1,0.6,point_selection_balanced,False,,,0.0,True,NA,False,False,False,True
shifted_sensitivity|Waterbirds|seed=10|fraction=1|gamma=1.01|tau=0.1|lambda=0.6,shifted_sensitivity,Waterbirds,10,1.0,1199,1.01,0.1,0.6,vera_balanced_iut,False,,,0.0,True,NA,False,False,False,True
shifted_sensitivity|Waterbirds|seed=10|fraction=1|gamma=1.01|tau=0.1|lambda=0.6,shifted_sensitivity,Waterbirds,10,1.0,1199,1.01,0.1,0.6,vera_balanced_envelope,False,,,0.0,True,NA,False,False,False,True
shifted_sensitivity|Waterbirds|seed=10|fraction=1|gamma=1.01|tau=0.1|lambda=0.6,shifted_sensitivity,Waterbirds,10,1.0,1199,1.01,0.1,0.6,external_balanced_oracle,False,,,0.0,True,NA,False,False,False,True
shifted_sensitivity|Waterbirds|seed=10|fraction=1|gamma=1.01|tau=0.1|lambda=0.7,shifted_sensitivity,Waterbirds,10,1.0,1199,1.01,0.1,0.7,always_deploy_balanced,True,INLP::rank=4,INLP,0.0,True,False,True,False,False,True
shifted_sensitivity|Waterbirds|seed=10|fraction=1|gamma=1.01|tau=0.1|lambda=0.7,shifted_sensitivity,Waterbirds,10,1.0,1199,1.01,0.1,0.7,point_selection_balanced,True,INLP::rank=4,INLP,0.0,True,False,True,False,False,True
shifted_sensitivity|Waterbirds|seed=10|fraction=1|gamma=1.01|tau=0.1|lambda=0.7,shifted_sensitivity,Waterbirds,10,1.0,1199,1.01,0.1,0.7,vera_balanced_iut,False,,,0.0,True,NA,False,False,False,True
shifted_sensitivity|Waterbirds|seed=10|fraction=1|gamma=1.01|tau=0.1|lambda=0.7,shifted_sensitivity,Waterbirds,10,1.0,1199,1.01,0.1,0.7,vera_balanced_envelope,False,,,0.0,True,NA,False,False,False,True
shifted_sensitivity|Waterbirds|seed=10|fraction=1|gamma=1.01|tau=0.1|lambda=0.7,shifted_sensitivity,Waterbirds,10,1.0,1199,1.01,0.1,0.7,external_balanced_oracle,False,,,0.0,True,NA,False,False,False,True
shifted_sensitivity|Waterbirds|seed=10|fraction=1|gamma=1.01|tau=0.1|lambda=0.8,shifted_sensitivity,Waterbirds,10,1.0,1199,1.01,0.1,0.8,always_deploy_balanced,True,INLP::rank=4,INLP,0.0,True,False,True,False,False,True
shifted_sensitivity|Waterbirds|seed=10|fraction=1|gamma=1.01|tau=0.1|lambda=0.8,shifted_sensitivity,Waterbirds,10,1.0,1199,1.01,0.1,0.8,point_selection_balanced,True,INLP::rank=4,INLP,0.0,True,False,True,False,False,True
shifted_sensitivity|Waterbirds|seed=10|fraction=1|gamma=1.01|tau=0.1|lambda=0.8,shifted_sensitivity,Waterbirds,10,1.0,1199,1.01,0.1,0.8,vera_balanced_iut,False,,,0.0,True,NA,False,False,False,True
shifted_sensitivity|Waterbirds|seed=10|fraction=1|gamma=1.01|tau=0.1|lambda=0.8,shifted_sensitivity,Waterbirds,10,1.0,1199,1.01,0.1,0.8,vera_balanced_envelope,False,,,0.0,True,NA,False,False,False,True
shifted_sensitivity|Waterbirds|seed=10|fraction=1|gamma=1.01|tau=0.1|lambda=0.8,shifted_sensitivity,Waterbirds,10,1.0,1199,1.01,0.1,0.8,external_balanced_oracle,True,INLP::rank=2,INLP,0.0,True,True,False,False,False,True
shifted_sensitivity|Waterbirds|seed=10|fraction=1|gamma=1.01|tau=0.2|lambda=0.6,shifted_sensitivity,Waterbirds,10,1.0,1199,1.01,0.2,0.6,always_deploy_balanced,True,INLP::rank=4,INLP,0.0,True,False,True,False,False,True
shifted_sensitivity|Waterbirds|seed=10|fraction=1|gamma=1.01|tau=0.2|lambda=0.6,shifted_sensitivity,Waterbirds,10,1.0,1199,1.01,0.2,0.6,point_selection_balanced,False,,,0.0,True,NA,False,False,False,True
shifted_sensitivity|Waterbirds|seed=10|fraction=1|gamma=1.01|tau=0.2|lambda=0.6,shifted_sensitivity,Waterbirds,10,1.0,1199,1.01,0.2,0.6,vera_balanced_iut,False,,,0.0,True,NA,False,False,False,True
shifted_sensitivity|Waterbirds|seed=10|fraction=1|gamma=1.01|tau=0.2|lambda=0.6,shifted_sensitivity,Waterbirds,10,1.0,1199,1.01,0.2,0.6,vera_balanced_envelope,False,,,0.0,True,NA,False,False,False,True
shifted_sensitivity|Waterbirds|seed=10|fraction=1|gamma=1.01|tau=0.2|lambda=0.6,shifted_sensitivity,Waterbirds,10,1.0,1199,1.01,0.2,0.6,external_balanced_oracle,False,,,0.0,True,NA,False,False,False,True
shifted_sensitivity|Waterbirds|seed=10|fraction=1|gamma=1.01|tau=0.2|lambda=0.7,shifted_sensitivity,Waterbirds,10,1.0,1199,1.01,0.2,0.7,always_deploy_balanced,True,INLP::rank=4,INLP,0.0,True,True,False,False,False,True
shifted_sensitivity|Waterbirds|seed=10|fraction=1|gamma=1.01|tau=0.2|lambda=0.7,shifted_sensitivity,Waterbirds,10,1.0,1199,1.01,0.2,0.7,point_selection_balanced,True,INLP::rank=4,INLP,0.0,True,True,False,False,False,True
shifted_sensitivity|Waterbirds|seed=10|fraction=1|gamma=1.01|tau=0.2|lambda=0.7,shifted_sensitivity,Waterbirds,10,1.0,1199,1.01,0.2,0.7,vera_balanced_iut,False,,,0.0,True,NA,False,False,False,True
shifted_sensitivity|Waterbirds|seed=10|fraction=1|gamma=1.01|tau=0.2|lambda=0.7,shifted_sensitivity,Waterbirds,10,1.0,1199,1.01,0.2,0.7,vera_balanced_envelope,False,,,0.0,True,NA,False,False,False,True
shifted_sensitivity|Waterbirds|seed=10|fraction=1|gamma=1.01|tau=0.2|lambda=0.7,shifted_sensitivity,Waterbirds,10,1.0,1199,1.01,0.2,0.7,external_balanced_oracle,True,INLP::rank=4,INLP,0.0,True,True,False,False,False,True
shifted_sensitivity|Waterbirds|seed=10|fraction=1|gamma=1.01|tau=0.2|lambda=0.8,shifted_sensitivity,Waterbirds,10,1.0,1199,1.01,0.2,0.8,always_deploy_balanced,True,INLP::rank=4,INLP,1.0142593383789062,True,True,False,False,False,True
shifted_sensitivity|Waterbirds|seed=10|fraction=1|gamma=1.01|tau=0.2|lambda=0.8,shifted_sensitivity,Waterbirds,10,1.0,1199,1.01,0.2,0.8,point_selection_balanced,True,INLP::rank=4,INLP,1.0142593383789062,True,True,False,False,False,True
shifted_sensitivity|Waterbirds|seed=10|fraction=1|gamma=1.01|tau=0.2|lambda=0.8,shifted_sensitivity,Waterbirds,10,1.0,1199,1.01,0.2,0.8,vera_balanced_iut,True,INLP::rank=4,INLP,1.0142593383789062,True,True,False,False,False,True
shifted_sensitivity|Waterbirds|seed=10|fraction=1|gamma=1.01|tau=0.2|lambda=0.8,shifted_sensitivity,Waterbirds,10,1.0,1199,1.01,0.2,0.8,vera_balanced_envelope,True,INLP::rank=4,INLP,1.0142593383789062,True,True,False,False,False,True
shifted_sensitivity|Waterbirds|seed=10|fraction=1|gamma=1.01|tau=0.2|lambda=0.8,shifted_sensitivity,Waterbirds,10,1.0,1199,1.01,0.2,0.8,external_balanced_oracle,True,INLP::rank=4,INLP,1.0142593383789062,True,True,False,False,False,True
learning_curve|Waterbirds|seed=11|fraction=0.05|gamma=1|tau=0.05|lambda=0.6,learning_curve,Waterbirds,11,0.05,58,1.0,0.05,0.6,always_deploy_balanced,True,INLP::rank=4,INLP,0.0,True,False,True,False,False,True
learning_curve|Waterbirds|seed=11|fraction=0.05|gamma=1|tau=0.05|lambda=0.6,learning_curve,Waterbirds,11,0.05,58,1.0,0.05,0.6,point_selection_balanced,False,,,0.0,True,NA,False,False,False,True
learning_curve|Waterbirds|seed=11|fraction=0.05|gamma=1|tau=0.05|lambda=0.6,learning_curve,Waterbirds,11,0.05,58,1.0,0.05,0.6,vera_balanced_iut,False,,,0.0,True,NA,False,False,False,True
learning_curve|Waterbirds|seed=11|fraction=0.05|gamma=1|tau=0.05|lambda=0.6,learning_curve,Waterbirds,11,0.05,58,1.0,0.05,0.6,vera_balanced_envelope,False,,,0.0,True,NA,False,False,False,True
learning_curve|Waterbirds|seed=11|fraction=0.05|gamma=1|tau=0.05|lambda=0.6,learning_curve,Waterbirds,11,0.05,58,1.0,0.05,0.6,external_balanced_oracle,False,,,0.0,True,NA,False,False,False,True
learning_curve|Waterbirds|seed=11|fraction=0.05|gamma=1|tau=0.05|lambda=0.7,learning_curve,Waterbirds,11,0.05,58,1.0,0.05,0.7,always_deploy_balanced,True,INLP::rank=4,INLP,0.0,True,False,True,False,False,True
learning_curve|Waterbirds|seed=11|fraction=0.05|gamma=1|tau=0.05|lambda=0.7,learning_curve,Waterbirds,11,0.05,58,1.0,0.05,0.7,point_selection_balanced,True,INLP::rank=4,INLP,0.0,True,False,True,False,False,True
learning_curve|Waterbirds|seed=11|fraction=0.05|gamma=1|tau=0.05|lambda=0.7,learning_curve,Waterbirds,11,0.05,58,1.0,0.05,0.7,vera_balanced_iut,False,,,0.0,True,NA,False,False,False,True
learning_curve|Waterbirds|seed=11|fraction=0.05|gamma=1|tau=0.05|lambda=0.7,learning_curve,Waterbirds,11,0.05,58,1.0,0.05,0.7,vera_balanced_envelope,False,,,0.0,True,NA,False,False,False,True
learning_curve|Waterbirds|seed=11|fraction=0.05|gamma=1|tau=0.05|lambda=0.7,learning_curve,Waterbirds,11,0.05,58,1.0,0.05,0.7,external_balanced_oracle,False,,,0.0,True,NA,False,False,False,True
learning_curve|Waterbirds|seed=11|fraction=0.05|gamma=1|tau=0.05|lambda=0.8,learning_curve,Waterbirds,11,0.05,58,1.0,0.05,0.8,always_deploy_balanced,True,INLP::rank=4,INLP,0.0,True,False,True,False,False,True
learning_curve|Waterbirds|seed=11|fraction=0.05|gamma=1|tau=0.05|lambda=0.8,learning_curve,Waterbirds,11,0.05,58,1.0,0.05,0.8,point_selection_balanced,True,INLP::rank=4,INLP,0.0,True,False,True,False,False,True
learning_curve|Waterbirds|seed=11|fraction=0.05|gamma=1|tau=0.05|lambda=0.8,learning_curve,Waterbirds,11,0.05,58,1.0,0.05,0.8,vera_balanced_iut,False,,,0.0,True,NA,False,False,False,True
learning_curve|Waterbirds|seed=11|fraction=0.05|gamma=1|tau=0.05|lambda=0.8,learning_curve,Waterbirds,11,0.05,58,1.0,0.05,0.8,vera_balanced_envelope,False,,,0.0,True,NA,False,False,False,True
learning_curve|Waterbirds|seed=11|fraction=0.05|gamma=1|tau=0.05|lambda=0.8,learning_curve,Waterbirds,11,0.05,58,1.0,0.05,0.8,external_balanced_oracle,True,INLP::rank=2,INLP,0.0,True,True,False,False,False,True
learning_curve|Waterbirds|seed=11|fraction=0.05|gamma=1|tau=0.1|lambda=0.6,learning_curve,Waterbirds,11,0.05,58,1.0,0.1,0.6,always_deploy_balanced,True,INLP::rank=4,INLP,0.0,True,False,True,False,False,True
learning_curve|Waterbirds|seed=11|fraction=0.05|gamma=1|tau=0.1|lambda=0.6,learning_curve,Waterbirds,11,0.05,58,1.0,0.1,0.6,point_selection_balanced,False,,,0.0,True,NA,False,False,False,True
learning_curve|Waterbirds|seed=11|fraction=0.05|gamma=1|tau=0.1|lambda=0.6,learning_curve,Waterbirds,11,0.05,58,1.0,0.1,0.6,vera_balanced_iut,False,,,0.0,True,NA,False,False,False,True
learning_curve|Waterbirds|seed=11|fraction=0.05|gamma=1|tau=0.1|lambda=0.6,learning_curve,Waterbirds,11,0.05,58,1.0,0.1,0.6,vera_balanced_envelope,False,,,0.0,True,NA,False,False,False,True
learning_curve|Waterbirds|seed=11|fraction=0.05|gamma=1|tau=0.1|lambda=0.6,learning_curve,Waterbirds,11,0.05,58,1.0,0.1,0.6,external_balanced_oracle,False,,,0.0,True,NA,False,False,False,True
learning_curve|Waterbirds|seed=11|fraction=0.05|gamma=1|tau=0.1|lambda=0.7,learning_curve,Waterbirds,11,0.05,58,1.0,0.1,0.7,always_deploy_balanced,True,INLP::rank=4,INLP,0.0,True,False,True,False,False,True
learning_curve|Waterbirds|seed=11|fraction=0.05|gamma=1|tau=0.1|lambda=0.7,learning_curve,Waterbirds,11,0.05,58,1.0,0.1,0.7,point_selection_balanced,True,INLP::rank=4,INLP,0.0,True,False,True,False,False,True
learning_curve|Waterbirds|seed=11|fraction=0.05|gamma=1|tau=0.1|lambda=0.7,learning_curve,Waterbirds,11,0.05,58,1.0,0.1,0.7,vera_balanced_iut,False,,,0.0,True,NA,False,False,False,True
learning_curve|Waterbirds|seed=11|fraction=0.05|gamma=1|tau=0.1|lambda=0.7,learning_curve,Waterbirds,11,0.05,58,1.0,0.1,0.7,vera_balanced_envelope,False,,,0.0,True,NA,False,False,False,True
learning_curve|Waterbirds|seed=11|fraction=0.05|gamma=1|tau=0.1|lambda=0.7,learning_curve,Waterbirds,11,0.05,58,1.0,0.1,0.7,external_balanced_oracle,False,,,0.0,True,NA,False,False,False,True
learning_curve|Waterbirds|seed=11|fraction=0.05|gamma=1|tau=0.1|lambda=0.8,learning_curve,Waterbirds,11,0.05,58,1.0,0.1,0.8,always_deploy_balanced,True,INLP::rank=4,INLP,0.0,True,False,True,False,False,True
learning_curve|Waterbirds|seed=11|fraction=0.05|gamma=1|tau=0.1|lambda=0.8,learning_curve,Waterbirds,11,0.05,58,1.0,0.1,0.8,point_selection_balanced,True,INLP::rank=4,INLP,0.0,True,False,True,False,False,True
learning_curve|Waterbirds|seed=11|fraction=0.05|gamma=1|tau=0.1|lambda=0.8,learning_curve,Waterbirds,11,0.05,58,1.0,0.1,0.8,vera_balanced_iut,False,,,0.0,True,NA,False,False,False,True
learning_curve|Waterbirds|seed=11|fraction=0.05|gamma=1|tau=0.1|lambda=0.8,learning_curve,Waterbirds,11,0.05,58,1.0,0.1,0.8,vera_balanced_envelope,False,,,0.0,True,NA,False,False,False,True
learning_curve|Waterbirds|seed=11|fraction=0.05|gamma=1|tau=0.1|lambda=0.8,learning_curve,Waterbirds,11,0.05,58,1.0,0.1,0.8,external_balanced_oracle,True,INLP::rank=2,INLP,0.0,True,True,False,False,False,True
learning_curve|Waterbirds|seed=11|fraction=0.05|gamma=1|tau=0.2|lambda=0.6,learning_curve,Waterbirds,11,0.05,58,1.0,0.2,0.6,always_deploy_balanced,True,INLP::rank=4,INLP,0.0,True,False,True,False,False,True
learning_curve|Waterbirds|seed=11|fraction=0.05|gamma=1|tau=0.2|lambda=0.6,learning_curve,Waterbirds,11,0.05,58,1.0,0.2,0.6,point_selection_balanced,False,,,0.0,True,NA,False,False,False,True
learning_curve|Waterbirds|seed=11|fraction=0.05|gamma=1|tau=0.2|lambda=0.6,learning_curve,Waterbirds,11,0.05,58,1.0,0.2,0.6,vera_balanced_iut,False,,,0.0,True,NA,False,False,False,True
learning_curve|Waterbirds|seed=11|fraction=0.05|gamma=1|tau=0.2|lambda=0.6,learning_curve,Waterbirds,11,0.05,58,1.0,0.2,0.6,vera_balanced_envelope,False,,,0.0,True,NA,False,False,False,True
learning_curve|Waterbirds|seed=11|fraction=0.05|gamma=1|tau=0.2|lambda=0.6,learning_curve,Waterbirds,11,0.05,58,1.0,0.2,0.6,external_balanced_oracle,False,,,0.0,True,NA,False,False,False,True
learning_curve|Waterbirds|seed=11|fraction=0.05|gamma=1|tau=0.2|lambda=0.7,learning_curve,Waterbirds,11,0.05,58,1.0,0.2,0.7,always_deploy_balanced,True,INLP::rank=4,INLP,0.0,True,True,False,False,False,True
learning_curve|Waterbirds|seed=11|fraction=0.05|gamma=1|tau=0.2|lambda=0.7,learning_curve,Waterbirds,11,0.05,58,1.0,0.2,0.7,point_selection_balanced,True,INLP::rank=4,INLP,0.0,True,True,False,False,False,True
learning_curve|Waterbirds|seed=11|fraction=0.05|gamma=1|tau=0.2|lambda=0.7,learning_curve,Waterbirds,11,0.05,58,1.0,0.2,0.7,vera_balanced_iut,False,,,0.0,True,NA,False,False,False,True
learning_curve|Waterbirds|seed=11|fraction=0.05|gamma=1|tau=0.2|lambda=0.7,learning_curve,Waterbirds,11,0.05,58,1.0,0.2,0.7,vera_balanced_envelope,False,,,0.0,True,NA,False,False,False,True
learning_curve|Waterbirds|seed=11|fraction=0.05|gamma=1|tau=0.2|lambda=0.7,learning_curve,Waterbirds,11,0.05,58,1.0,0.2,0.7,external_balanced_oracle,True,INLP::rank=4,INLP,0.0,True,True,False,False,False,True
learning_curve|Waterbirds|seed=11|fraction=0.05|gamma=1|tau=0.2|lambda=0.8,learning_curve,Waterbirds,11,0.05,58,1.0,0.2,0.8,always_deploy_balanced,True,INLP::rank=4,INLP,0.0,True,True,False,False,False,True
learning_curve|Waterbirds|seed=11|fraction=0.05|gamma=1|tau=0.2|lambda=0.8,learning_curve,Waterbirds,11,0.05,58,1.0,0.2,0.8,point_selection_balanced,True,INLP::rank=4,INLP,0.0,True,True,False,False,False,True
learning_curve|Waterbirds|seed=11|fraction=0.05|gamma=1|tau=0.2|lambda=0.8,learning_curve,Waterbirds,11,0.05,58,1.0,0.2,0.8,vera_balanced_iut,False,,,0.0,True,NA,False,False,False,True
learning_curve|Waterbirds|seed=11|fraction=0.05|gamma=1|tau=0.2|lambda=0.8,learning_curve,Waterbirds,11,0.05,58,1.0,0.2,0.8,vera_balanced_envelope,False,,,0.0,True,NA,False,False,False,True
learning_curve|Waterbirds|seed=11|fraction=0.05|gamma=1|tau=0.2|lambda=0.8,learning_curve,Waterbirds,11,0.05,58,1.0,0.2,0.8,external_balanced_oracle,True,INLP::rank=4,INLP,0.0,True,True,False,False,False,True
learning_curve|Waterbirds|seed=11|fraction=0.1|gamma=1|tau=0.05|lambda=0.6,learning_curve,Waterbirds,11,0.1,118,1.0,0.05,0.6,always_deploy_balanced,True,INLP::rank=4,INLP,0.0,True,False,True,False,False,True
learning_curve|Waterbirds|seed=11|fraction=0.1|gamma=1|tau=0.05|lambda=0.6,learning_curve,Waterbirds,11,0.1,118,1.0,0.05,0.6,point_selection_balanced,False,,,0.0,True,NA,False,False,False,True
learning_curve|Waterbirds|seed=11|fraction=0.1|gamma=1|tau=0.05|lambda=0.6,learning_curve,Waterbirds,11,0.1,118,1.0,0.05,0.6,vera_balanced_iut,False,,,0.0,True,NA,False,False,False,True
learning_curve|Waterbirds|seed=11|fraction=0.1|gamma=1|tau=0.05|lambda=0.6,learning_curve,Waterbirds,11,0.1,118,1.0,0.05,0.6,vera_balanced_envelope,False,,,0.0,True,NA,False,False,False,True
learning_curve|Waterbirds|seed=11|fraction=0.1|gamma=1|tau=0.05|lambda=0.6,learning_curve,Waterbirds,11,0.1,118,1.0,0.05,0.6,external_balanced_oracle,False,,,0.0,True,NA,False,False,False,True
learning_curve|Waterbirds|seed=11|fraction=0.1|gamma=1|tau=0.05|lambda=0.7,learning_curve,Waterbirds,11,0.1,118,1.0,0.05,0.7,always_deploy_balanced,True,INLP::rank=4,INLP,0.0,True,False,True,False,False,True
learning_curve|Waterbirds|seed=11|fraction=0.1|gamma=1|tau=0.05|lambda=0.7,learning_curve,Waterbirds,11,0.1,118,1.0,0.05,0.7,point_selection_balanced,False,,,0.0,True,NA,False,False,False,True
learning_curve|Waterbirds|seed=11|fraction=0.1|gamma=1|tau=0.05|lambda=0.7,learning_curve,Waterbirds,11,0.1,118,1.0,0.05,0.7,vera_balanced_iut,False,,,0.0,True,NA,False,False,False,True
learning_curve|Waterbirds|seed=11|fraction=0.1|gamma=1|tau=0.05|lambda=0.7,learning_curve,Waterbirds,11,0.1,118,1.0,0.05,0.7,vera_balanced_envelope,False,,,0.0,True,NA,False,False,False,True
learning_curve|Waterbirds|seed=11|fraction=0.1|gamma=1|tau=0.05|lambda=0.7,learning_curve,Waterbirds,11,0.1,118,1.0,0.05,0.7,external_balanced_oracle,False,,,0.0,True,NA,False,False,False,True
learning_curve|Waterbirds|seed=11|fraction=0.1|gamma=1|tau=0.05|lambda=0.8,learning_curve,Waterbirds,11,0.1,118,1.0,0.05,0.8,always_deploy_balanced,True,INLP::rank=4,INLP,0.0,True,False,True,False,False,True
learning_curve|Waterbirds|seed=11|fraction=0.1|gamma=1|tau=0.05|lambda=0.8,learning_curve,Waterbirds,11,0.1,118,1.0,0.05,0.8,point_selection_balanced,True,INLP::rank=2,INLP,0.0,True,True,False,False,False,True
learning_curve|Waterbirds|seed=11|fraction=0.1|gamma=1|tau=0.05|lambda=0.8,learning_curve,Waterbirds,11,0.1,118,1.0,0.05,0.8,vera_balanced_iut,False,,,0.0,True,NA,False,False,False,True
learning_curve|Waterbirds|seed=11|fraction=0.1|gamma=1|tau=0.05|lambda=0.8,learning_curve,Waterbirds,11,0.1,118,1.0,0.05,0.8,vera_balanced_envelope,False,,,0.0,True,NA,False,False,False,True
learning_curve|Waterbirds|seed=11|fraction=0.1|gamma=1|tau=0.05|lambda=0.8,learning_curve,Waterbirds,11,0.1,118,1.0,0.05,0.8,external_balanced_oracle,True,INLP::rank=2,INLP,0.0,True,True,False,False,False,True
learning_curve|Waterbirds|seed=11|fraction=0.1|gamma=1|tau=0.1|lambda=0.6,learning_curve,Waterbirds,11,0.1,118,1.0,0.1,0.6,always_deploy_balanced,True,INLP::rank=4,INLP,0.0,True,False,True,False,False,True
learning_curve|Waterbirds|seed=11|fraction=0.1|gamma=1|tau=0.1|lambda=0.6,learning_curve,Waterbirds,11,0.1,118,1.0,0.1,0.6,point_selection_balanced,False,,,0.0,True,NA,False,False,False,True
learning_curve|Waterbirds|seed=11|fraction=0.1|gamma=1|tau=0.1|lambda=0.6,learning_curve,Waterbirds,11,0.1,118,1.0,0.1,0.6,vera_balanced_iut,False,,,0.0,True,NA,False,False,False,True
learning_curve|Waterbirds|seed=11|fraction=0.1|gamma=1|tau=0.1|lambda=0.6,learning_curve,Waterbirds,11,0.1,118,1.0,0.1,0.6,vera_balanced_envelope,False,,,0.0,True,NA,False,False,False,True
learning_curve|Waterbirds|seed=11|fraction=0.1|gamma=1|tau=0.1|lambda=0.6,learning_curve,Waterbirds,11,0.1,118,1.0,0.1,0.6,external_balanced_oracle,False,,,0.0,True,NA,False,False,False,True
learning_curve|Waterbirds|seed=11|fraction=0.1|gamma=1|tau=0.1|lambda=0.7,learning_curve,Waterbirds,11,0.1,118,1.0,0.1,0.7,always_deploy_balanced,True,INLP::rank=4,INLP,0.0,True,False,True,False,False,True
learning_curve|Waterbirds|seed=11|fraction=0.1|gamma=1|tau=0.1|lambda=0.7,learning_curve,Waterbirds,11,0.1,118,1.0,0.1,0.7,point_selection_balanced,False,,,0.0,True,NA,False,False,False,True
learning_curve|Waterbirds|seed=11|fraction=0.1|gamma=1|tau=0.1|lambda=0.7,learning_curve,Waterbirds,11,0.1,118,1.0,0.1,0.7,vera_balanced_iut,False,,,0.0,True,NA,False,False,False,True
learning_curve|Waterbirds|seed=11|fraction=0.1|gamma=1|tau=0.1|lambda=0.7,learning_curve,Waterbirds,11,0.1,118,1.0,0.1,0.7,vera_balanced_envelope,False,,,0.0,True,NA,False,False,False,True
learning_curve|Waterbirds|seed=11|fraction=0.1|gamma=1|tau=0.1|lambda=0.7,learning_curve,Waterbirds,11,0.1,118,1.0,0.1,0.7,external_balanced_oracle,False,,,0.0,True,NA,False,False,False,True
learning_curve|Waterbirds|seed=11|fraction=0.1|gamma=1|tau=0.1|lambda=0.8,learning_curve,Waterbirds,11,0.1,118,1.0,0.1,0.8,always_deploy_balanced,True,INLP::rank=4,INLP,0.0,True,False,True,False,False,True
learning_curve|Waterbirds|seed=11|fraction=0.1|gamma=1|tau=0.1|lambda=0.8,learning_curve,Waterbirds,11,0.1,118,1.0,0.1,0.8,point_selection_balanced,True,INLP::rank=4,INLP,0.0,True,False,True,False,False,True
learning_curve|Waterbirds|seed=11|fraction=0.1|gamma=1|tau=0.1|lambda=0.8,learning_curve,Waterbirds,11,0.1,118,1.0,0.1,0.8,vera_balanced_iut,False,,,0.0,True,NA,False,False,False,True
learning_curve|Waterbirds|seed=11|fraction=0.1|gamma=1|tau=0.1|lambda=0.8,learning_curve,Waterbirds,11,0.1,118,1.0,0.1,0.8,vera_balanced_envelope,False,,,0.0,True,NA,False,False,False,True
learning_curve|Waterbirds|seed=11|fraction=0.1|gamma=1|tau=0.1|lambda=0.8,learning_curve,Waterbirds,11,0.1,118,1.0,0.1,0.8,external_balanced_oracle,True,INLP::rank=2,INLP,0.0,True,True,False,False,False,True
learning_curve|Waterbirds|seed=11|fraction=0.1|gamma=1|tau=0.2|lambda=0.6,learning_curve,Waterbirds,11,0.1,118,1.0,0.2,0.6,always_deploy_balanced,True,INLP::rank=4,INLP,0.0,True,False,True,False,False,True
learning_curve|Waterbirds|seed=11|fraction=0.1|gamma=1|tau=0.2|lambda=0.6,learning_curve,Waterbirds,11,0.1,118,1.0,0.2,0.6,point_selection_balanced,False,,,0.0,True,NA,False,False,False,True
learning_curve|Waterbirds|seed=11|fraction=0.1|gamma=1|tau=0.2|lambda=0.6,learning_curve,Waterbirds,11,0.1,118,1.0,0.2,0.6,vera_balanced_iut,False,,,0.0,True,NA,False,False,False,True
learning_curve|Waterbirds|seed=11|fraction=0.1|gamma=1|tau=0.2|lambda=0.6,learning_curve,Waterbirds,11,0.1,118,1.0,0.2,0.6,vera_balanced_envelope,False,,,0.0,True,NA,False,False,False,True
learning_curve|Waterbirds|seed=11|fraction=0.1|gamma=1|tau=0.2|lambda=0.6,learning_curve,Waterbirds,11,0.1,118,1.0,0.2,0.6,external_balanced_oracle,False,,,0.0,True,NA,False,False,False,True
learning_curve|Waterbirds|seed=11|fraction=0.1|gamma=1|tau=0.2|lambda=0.7,learning_curve,Waterbirds,11,0.1,118,1.0,0.2,0.7,always_deploy_balanced,True,INLP::rank=4,INLP,0.0,True,True,False,False,False,True
learning_curve|Waterbirds|seed=11|fraction=0.1|gamma=1|tau=0.2|lambda=0.7,learning_curve,Waterbirds,11,0.1,118,1.0,0.2,0.7,point_selection_balanced,False,,,0.0,True,NA,False,False,False,True
learning_curve|Waterbirds|seed=11|fraction=0.1|gamma=1|tau=0.2|lambda=0.7,learning_curve,Waterbirds,11,0.1,118,1.0,0.2,0.7,vera_balanced_iut,False,,,0.0,True,NA,False,False,False,True
learning_curve|Waterbirds|seed=11|fraction=0.1|gamma=1|tau=0.2|lambda=0.7,learning_curve,Waterbirds,11,0.1,118,1.0,0.2,0.7,vera_balanced_envelope,False,,,0.0,True,NA,False,False,False,True
learning_curve|Waterbirds|seed=11|fraction=0.1|gamma=1|tau=0.2|lambda=0.7,learning_curve,Waterbirds,11,0.1,118,1.0,0.2,0.7,external_balanced_oracle,True,INLP::rank=4,INLP,0.0,True,True,False,False,False,True
learning_curve|Waterbirds|seed=11|fraction=0.1|gamma=1|tau=0.2|lambda=0.8,learning_curve,Waterbirds,11,0.1,118,1.0,0.2,0.8,always_deploy_balanced,True,INLP::rank=4,INLP,0.0,True,True,False,False,False,True
learning_curve|Waterbirds|seed=11|fraction=0.1|gamma=1|tau=0.2|lambda=0.8,learning_curve,Waterbirds,11,0.1,118,1.0,0.2,0.8,point_selection_balanced,True,INLP::rank=4,INLP,0.0,True,True,False,False,False,True
learning_curve|Waterbirds|seed=11|fraction=0.1|gamma=1|tau=0.2|lambda=0.8,learning_curve,Waterbirds,11,0.1,118,1.0,0.2,0.8,vera_balanced_iut,False,,,0.0,True,NA,False,False,False,True
learning_curve|Waterbirds|seed=11|fraction=0.1|gamma=1|tau=0.2|lambda=0.8,learning_curve,Waterbirds,11,0.1,118,1.0,0.2,0.8,vera_balanced_envelope,False,,,0.0,True,NA,False,False,False,True
learning_curve|Waterbirds|seed=11|fraction=0.1|gamma=1|tau=0.2|lambda=0.8,learning_curve,Waterbirds,11,0.1,118,1.0,0.2,0.8,external_balanced_oracle,True,INLP::rank=4,INLP,0.0,True,True,False,False,False,True
learning_curve|Waterbirds|seed=11|fraction=0.25|gamma=1|tau=0.05|lambda=0.6,learning_curve,Waterbirds,11,0.25,298,1.0,0.05,0.6,always_deploy_balanced,True,INLP::rank=4,INLP,0.0,True,False,True,False,False,True
learning_curve|Waterbirds|seed=11|fraction=0.25|gamma=1|tau=0.05|lambda=0.6,learning_curve,Waterbirds,11,0.25,298,1.0,0.05,0.6,point_selection_balanced,False,,,0.0,True,NA,False,False,False,True
learning_curve|Waterbirds|seed=11|fraction=0.25|gamma=1|tau=0.05|lambda=0.6,learning_curve,Waterbirds,11,0.25,298,1.0,0.05,0.6,vera_balanced_iut,False,,,0.0,True,NA,False,False,False,True
learning_curve|Waterbirds|seed=11|fraction=0.25|gamma=1|tau=0.05|lambda=0.6,learning_curve,Waterbirds,11,0.25,298,1.0,0.05,0.6,vera_balanced_envelope,False,,,0.0,True,NA,False,False,False,True
learning_curve|Waterbirds|seed=11|fraction=0.25|gamma=1|tau=0.05|lambda=0.6,learning_curve,Waterbirds,11,0.25,298,1.0,0.05,0.6,external_balanced_oracle,False,,,0.0,True,NA,False,False,False,True
learning_curve|Waterbirds|seed=11|fraction=0.25|gamma=1|tau=0.05|lambda=0.7,learning_curve,Waterbirds,11,0.25,298,1.0,0.05,0.7,always_deploy_balanced,True,INLP::rank=4,INLP,0.0,True,False,True,False,False,True
learning_curve|Waterbirds|seed=11|fraction=0.25|gamma=1|tau=0.05|lambda=0.7,learning_curve,Waterbirds,11,0.25,298,1.0,0.05,0.7,point_selection_balanced,False,,,0.0,True,NA,False,False,False,True
learning_curve|Waterbirds|seed=11|fraction=0.25|gamma=1|tau=0.05|lambda=0.7,learning_curve,Waterbirds,11,0.25,298,1.0,0.05,0.7,vera_balanced_iut,False,,,0.0,True,NA,False,False,False,True
learning_curve|Waterbirds|seed=11|fraction=0.25|gamma=1|tau=0.05|lambda=0.7,learning_curve,Waterbirds,11,0.25,298,1.0,0.05,0.7,vera_balanced_envelope,False,,,0.0,True,NA,False,False,False,True
learning_curve|Waterbirds|seed=11|fraction=0.25|gamma=1|tau=0.05|lambda=0.7,learning_curve,Waterbirds,11,0.25,298,1.0,0.05,0.7,external_balanced_oracle,False,,,0.0,True,NA,False,False,False,True
learning_curve|Waterbirds|seed=11|fraction=0.25|gamma=1|tau=0.05|lambda=0.8,learning_curve,Waterbirds,11,0.25,298,1.0,0.05,0.8,always_deploy_balanced,True,INLP::rank=4,INLP,0.0,True,False,True,False,False,True
learning_curve|Waterbirds|seed=11|fraction=0.25|gamma=1|tau=0.05|lambda=0.8,learning_curve,Waterbirds,11,0.25,298,1.0,0.05,0.8,point_selection_balanced,True,INLP::rank=2,INLP,0.0,True,True,False,False,False,True
learning_curve|Waterbirds|seed=11|fraction=0.25|gamma=1|tau=0.05|lambda=0.8,learning_curve,Waterbirds,11,0.25,298,1.0,0.05,0.8,vera_balanced_iut,False,,,0.0,True,NA,False,False,False,True
learning_curve|Waterbirds|seed=11|fraction=0.25|gamma=1|tau=0.05|lambda=0.8,learning_curve,Waterbirds,11,0.25,298,1.0,0.05,0.8,vera_balanced_envelope,False,,,0.0,True,NA,False,False,False,True
learning_curve|Waterbirds|seed=11|fraction=0.25|gamma=1|tau=0.05|lambda=0.8,learning_curve,Waterbirds,11,0.25,298,1.0,0.05,0.8,external_balanced_oracle,True,INLP::rank=2,INLP,0.0,True,True,False,False,False,True
learning_curve|Waterbirds|seed=11|fraction=0.25|gamma=1|tau=0.1|lambda=0.6,learning_curve,Waterbirds,11,0.25,298,1.0,0.1,0.6,always_deploy_balanced,True,INLP::rank=4,INLP,0.0,True,False,True,False,False,True
learning_curve|Waterbirds|seed=11|fraction=0.25|gamma=1|tau=0.1|lambda=0.6,learning_curve,Waterbirds,11,0.25,298,1.0,0.1,0.6,point_selection_balanced,False,,,0.0,True,NA,False,False,False,True
learning_curve|Waterbirds|seed=11|fraction=0.25|gamma=1|tau=0.1|lambda=0.6,learning_curve,Waterbirds,11,0.25,298,1.0,0.1,0.6,vera_balanced_iut,False,,,0.0,True,NA,False,False,False,True
learning_curve|Waterbirds|seed=11|fraction=0.25|gamma=1|tau=0.1|lambda=0.6,learning_curve,Waterbirds,11,0.25,298,1.0,0.1,0.6,vera_balanced_envelope,False,,,0.0,True,NA,False,False,False,True
learning_curve|Waterbirds|seed=11|fraction=0.25|gamma=1|tau=0.1|lambda=0.6,learning_curve,Waterbirds,11,0.25,298,1.0,0.1,0.6,external_balanced_oracle,False,,,0.0,True,NA,False,False,False,True
learning_curve|Waterbirds|seed=11|fraction=0.25|gamma=1|tau=0.1|lambda=0.7,learning_curve,Waterbirds,11,0.25,298,1.0,0.1,0.7,always_deploy_balanced,True,INLP::rank=4,INLP,0.0,True,False,True,False,False,True
learning_curve|Waterbirds|seed=11|fraction=0.25|gamma=1|tau=0.1|lambda=0.7,learning_curve,Waterbirds,11,0.25,298,1.0,0.1,0.7,point_selection_balanced,True,INLP::rank=4,INLP,0.0,True,False,True,False,False,True
learning_curve|Waterbirds|seed=11|fraction=0.25|gamma=1|tau=0.1|lambda=0.7,learning_curve,Waterbirds,11,0.25,298,1.0,0.1,0.7,vera_balanced_iut,False,,,0.0,True,NA,False,False,False,True
learning_curve|Waterbirds|seed=11|fraction=0.25|gamma=1|tau=0.1|lambda=0.7,learning_curve,Waterbirds,11,0.25,298,1.0,0.1,0.7,vera_balanced_envelope,False,,,0.0,True,NA,False,False,False,True
learning_curve|Waterbirds|seed=11|fraction=0.25|gamma=1|tau=0.1|lambda=0.7,learning_curve,Waterbirds,11,0.25,298,1.0,0.1,0.7,external_balanced_oracle,False,,,0.0,True,NA,False,False,False,True
learning_curve|Waterbirds|seed=11|fraction=0.25|gamma=1|tau=0.1|lambda=0.8,learning_curve,Waterbirds,11,0.25,298,1.0,0.1,0.8,always_deploy_balanced,True,INLP::rank=4,INLP,0.0,True,False,True,False,False,True
learning_curve|Waterbirds|seed=11|fraction=0.25|gamma=1|tau=0.1|lambda=0.8,learning_curve,Waterbirds,11,0.25,298,1.0,0.1,0.8,point_selection_balanced,True,INLP::rank=4,INLP,0.0,True,False,True,False,False,True
learning_curve|Waterbirds|seed=11|fraction=0.25|gamma=1|tau=0.1|lambda=0.8,learning_curve,Waterbirds,11,0.25,298,1.0,0.1,0.8,vera_balanced_iut,False,,,0.0,True,NA,False,False,False,True
learning_curve|Waterbirds|seed=11|fraction=0.25|gamma=1|tau=0.1|lambda=0.8,learning_curve,Waterbirds,11,0.25,298,1.0,0.1,0.8,vera_balanced_envelope,False,,,0.0,True,NA,False,False,False,True
learning_curve|Waterbirds|seed=11|fraction=0.25|gamma=1|tau=0.1|lambda=0.8,learning_curve,Waterbirds,11,0.25,298,1.0,0.1,0.8,external_balanced_oracle,True,INLP::rank=2,INLP,0.0,True,True,False,False,False,True
learning_curve|Waterbirds|seed=11|fraction=0.25|gamma=1|tau=0.2|lambda=0.6,learning_curve,Waterbirds,11,0.25,298,1.0,0.2,0.6,always_deploy_balanced,True,INLP::rank=4,INLP,0.0,True,False,True,False,False,True
learning_curve|Waterbirds|seed=11|fraction=0.25|gamma=1|tau=0.2|lambda=0.6,learning_curve,Waterbirds,11,0.25,298,1.0,0.2,0.6,point_selection_balanced,False,,,0.0,True,NA,False,False,False,True
learning_curve|Waterbirds|seed=11|fraction=0.25|gamma=1|tau=0.2|lambda=0.6,learning_curve,Waterbirds,11,0.25,298,1.0,0.2,0.6,vera_balanced_iut,False,,,0.0,True,NA,False,False,False,True
learning_curve|Waterbirds|seed=11|fraction=0.25|gamma=1|tau=0.2|lambda=0.6,learning_curve,Waterbirds,11,0.25,298,1.0,0.2,0.6,vera_balanced_envelope,False,,,0.0,True,NA,False,False,False,True
learning_curve|Waterbirds|seed=11|fraction=0.25|gamma=1|tau=0.2|lambda=0.6,learning_curve,Waterbirds,11,0.25,298,1.0,0.2,0.6,external_balanced_oracle,False,,,0.0,True,NA,False,False,False,True
learning_curve|Waterbirds|seed=11|fraction=0.25|gamma=1|tau=0.2|lambda=0.7,learning_curve,Waterbirds,11,0.25,298,1.0,0.2,0.7,always_deploy_balanced,True,INLP::rank=4,INLP,0.0,True,True,False,False,False,True
learning_curve|Waterbirds|seed=11|fraction=0.25|gamma=1|tau=0.2|lambda=0.7,learning_curve,Waterbirds,11,0.25,298,1.0,0.2,0.7,point_selection_balanced,True,INLP::rank=4,INLP,0.0,True,True,False,False,False,True
learning_curve|Waterbirds|seed=11|fraction=0.25|gamma=1|tau=0.2|lambda=0.7,learning_curve,Waterbirds,11,0.25,298,1.0,0.2,0.7,vera_balanced_iut,False,,,0.0,True,NA,False,False,False,True
learning_curve|Waterbirds|seed=11|fraction=0.25|gamma=1|tau=0.2|lambda=0.7,learning_curve,Waterbirds,11,0.25,298,1.0,0.2,0.7,vera_balanced_envelope,False,,,0.0,True,NA,False,False,False,True
learning_curve|Waterbirds|seed=11|fraction=0.25|gamma=1|tau=0.2|lambda=0.7,learning_curve,Waterbirds,11,0.25,298,1.0,0.2,0.7,external_balanced_oracle,True,INLP::rank=4,INLP,0.0,True,True,False,False,False,True
learning_curve|Waterbirds|seed=11|fraction=0.25|gamma=1|tau=0.2|lambda=0.8,learning_curve,Waterbirds,11,0.25,298,1.0,0.2,0.8,always_deploy_balanced,True,INLP::rank=4,INLP,0.0,True,True,False,False,False,True
learning_curve|Waterbirds|seed=11|fraction=0.25|gamma=1|tau=0.2|lambda=0.8,learning_curve,Waterbirds,11,0.25,298,1.0,0.2,0.8,point_selection_balanced,True,INLP::rank=4,INLP,0.0,True,True,False,False,False,True
learning_curve|Waterbirds|seed=11|fraction=0.25|gamma=1|tau=0.2|lambda=0.8,learning_curve,Waterbirds,11,0.25,298,1.0,0.2,0.8,vera_balanced_iut,False,,,0.0,True,NA,False,False,False,True
learning_curve|Waterbirds|seed=11|fraction=0.25|gamma=1|tau=0.2|lambda=0.8,learning_curve,Waterbirds,11,0.25,298,1.0,0.2,0.8,vera_balanced_envelope,False,,,0.0,True,NA,False,False,False,True
learning_curve|Waterbirds|seed=11|fraction=0.25|gamma=1|tau=0.2|lambda=0.8,learning_curve,Waterbirds,11,0.25,298,1.0,0.2,0.8,external_balanced_oracle,True,INLP::rank=4,INLP,0.0,True,True,False,False,False,True
learning_curve|Waterbirds|seed=11|fraction=0.5|gamma=1|tau=0.05|lambda=0.6,learning_curve,Waterbirds,11,0.5,598,1.0,0.05,0.6,always_deploy_balanced,True,INLP::rank=4,INLP,0.0,True,False,True,False,False,True
learning_curve|Waterbirds|seed=11|fraction=0.5|gamma=1|tau=0.05|lambda=0.6,learning_curve,Waterbirds,11,0.5,598,1.0,0.05,0.6,point_selection_balanced,False,,,0.0,True,NA,False,False,False,True
learning_curve|Waterbirds|seed=11|fraction=0.5|gamma=1|tau=0.05|lambda=0.6,learning_curve,Waterbirds,11,0.5,598,1.0,0.05,0.6,vera_balanced_iut,False,,,0.0,True,NA,False,False,False,True
learning_curve|Waterbirds|seed=11|fraction=0.5|gamma=1|tau=0.05|lambda=0.6,learning_curve,Waterbirds,11,0.5,598,1.0,0.05,0.6,vera_balanced_envelope,False,,,0.0,True,NA,False,False,False,True
learning_curve|Waterbirds|seed=11|fraction=0.5|gamma=1|tau=0.05|lambda=0.6,learning_curve,Waterbirds,11,0.5,598,1.0,0.05,0.6,external_balanced_oracle,False,,,0.0,True,NA,False,False,False,True
learning_curve|Waterbirds|seed=11|fraction=0.5|gamma=1|tau=0.05|lambda=0.7,learning_curve,Waterbirds,11,0.5,598,1.0,0.05,0.7,always_deploy_balanced,True,INLP::rank=4,INLP,0.0,True,False,True,False,False,True
learning_curve|Waterbirds|seed=11|fraction=0.5|gamma=1|tau=0.05|lambda=0.7,learning_curve,Waterbirds,11,0.5,598,1.0,0.05,0.7,point_selection_balanced,False,,,0.0,True,NA,False,False,False,True
learning_curve|Waterbirds|seed=11|fraction=0.5|gamma=1|tau=0.05|lambda=0.7,learning_curve,Waterbirds,11,0.5,598,1.0,0.05,0.7,vera_balanced_iut,False,,,0.0,True,NA,False,False,False,True
learning_curve|Waterbirds|seed=11|fraction=0.5|gamma=1|tau=0.05|lambda=0.7,learning_curve,Waterbirds,11,0.5,598,1.0,0.05,0.7,vera_balanced_envelope,False,,,0.0,True,NA,False,False,False,True
learning_curve|Waterbirds|seed=11|fraction=0.5|gamma=1|tau=0.05|lambda=0.7,learning_curve,Waterbirds,11,0.5,598,1.0,0.05,0.7,external_balanced_oracle,False,,,0.0,True,NA,False,False,False,True
learning_curve|Waterbirds|seed=11|fraction=0.5|gamma=1|tau=0.05|lambda=0.8,learning_curve,Waterbirds,11,0.5,598,1.0,0.05,0.8,always_deploy_balanced,True,INLP::rank=4,INLP,0.0,True,False,True,False,False,True
learning_curve|Waterbirds|seed=11|fraction=0.5|gamma=1|tau=0.05|lambda=0.8,learning_curve,Waterbirds,11,0.5,598,1.0,0.05,0.8,point_selection_balanced,True,INLP::rank=2,INLP,0.0,True,True,False,False,False,True
learning_curve|Waterbirds|seed=11|fraction=0.5|gamma=1|tau=0.05|lambda=0.8,learning_curve,Waterbirds,11,0.5,598,1.0,0.05,0.8,vera_balanced_iut,False,,,0.0,True,NA,False,False,False,True
learning_curve|Waterbirds|seed=11|fraction=0.5|gamma=1|tau=0.05|lambda=0.8,learning_curve,Waterbirds,11,0.5,598,1.0,0.05,0.8,vera_balanced_envelope,False,,,0.0,True,NA,False,False,False,True
learning_curve|Waterbirds|seed=11|fraction=0.5|gamma=1|tau=0.05|lambda=0.8,learning_curve,Waterbirds,11,0.5,598,1.0,0.05,0.8,external_balanced_oracle,True,INLP::rank=2,INLP,0.0,True,True,False,False,False,True
learning_curve|Waterbirds|seed=11|fraction=0.5|gamma=1|tau=0.1|lambda=0.6,learning_curve,Waterbirds,11,0.5,598,1.0,0.1,0.6,always_deploy_balanced,True,INLP::rank=4,INLP,0.0,True,False,True,False,False,True
learning_curve|Waterbirds|seed=11|fraction=0.5|gamma=1|tau=0.1|lambda=0.6,learning_curve,Waterbirds,11,0.5,598,1.0,0.1,0.6,point_selection_balanced,False,,,0.0,True,NA,False,False,False,True
learning_curve|Waterbirds|seed=11|fraction=0.5|gamma=1|tau=0.1|lambda=0.6,learning_curve,Waterbirds,11,0.5,598,1.0,0.1,0.6,vera_balanced_iut,False,,,0.0,True,NA,False,False,False,True
learning_curve|Waterbirds|seed=11|fraction=0.5|gamma=1|tau=0.1|lambda=0.6,learning_curve,Waterbirds,11,0.5,598,1.0,0.1,0.6,vera_balanced_envelope,False,,,0.0,True,NA,False,False,False,True
learning_curve|Waterbirds|seed=11|fraction=0.5|gamma=1|tau=0.1|lambda=0.6,learning_curve,Waterbirds,11,0.5,598,1.0,0.1,0.6,external_balanced_oracle,False,,,0.0,True,NA,False,False,False,True
learning_curve|Waterbirds|seed=11|fraction=0.5|gamma=1|tau=0.1|lambda=0.7,learning_curve,Waterbirds,11,0.5,598,1.0,0.1,0.7,always_deploy_balanced,True,INLP::rank=4,INLP,0.0,True,False,True,False,False,True
learning_curve|Waterbirds|seed=11|fraction=0.5|gamma=1|tau=0.1|lambda=0.7,learning_curve,Waterbirds,11,0.5,598,1.0,0.1,0.7,point_selection_balanced,False,,,0.0,True,NA,False,False,False,True
learning_curve|Waterbirds|seed=11|fraction=0.5|gamma=1|tau=0.1|lambda=0.7,learning_curve,Waterbirds,11,0.5,598,1.0,0.1,0.7,vera_balanced_iut,False,,,0.0,True,NA,False,False,False,True
learning_curve|Waterbirds|seed=11|fraction=0.5|gamma=1|tau=0.1|lambda=0.7,learning_curve,Waterbirds,11,0.5,598,1.0,0.1,0.7,vera_balanced_envelope,False,,,0.0,True,NA,False,False,False,True
learning_curve|Waterbirds|seed=11|fraction=0.5|gamma=1|tau=0.1|lambda=0.7,learning_curve,Waterbirds,11,0.5,598,1.0,0.1,0.7,external_balanced_oracle,False,,,0.0,True,NA,False,False,False,True
learning_curve|Waterbirds|seed=11|fraction=0.5|gamma=1|tau=0.1|lambda=0.8,learning_curve,Waterbirds,11,0.5,598,1.0,0.1,0.8,always_deploy_balanced,True,INLP::rank=4,INLP,0.0,True,False,True,False,False,True
learning_curve|Waterbirds|seed=11|fraction=0.5|gamma=1|tau=0.1|lambda=0.8,learning_curve,Waterbirds,11,0.5,598,1.0,0.1,0.8,point_selection_balanced,True,INLP::rank=2,INLP,0.0,True,True,False,False,False,True
learning_curve|Waterbirds|seed=11|fraction=0.5|gamma=1|tau=0.1|lambda=0.8,learning_curve,Waterbirds,11,0.5,598,1.0,0.1,0.8,vera_balanced_iut,False,,,0.0,True,NA,False,False,False,True
learning_curve|Waterbirds|seed=11|fraction=0.5|gamma=1|tau=0.1|lambda=0.8,learning_curve,Waterbirds,11,0.5,598,1.0,0.1,0.8,vera_balanced_envelope,False,,,0.0,True,NA,False,False,False,True
learning_curve|Waterbirds|seed=11|fraction=0.5|gamma=1|tau=0.1|lambda=0.8,learning_curve,Waterbirds,11,0.5,598,1.0,0.1,0.8,external_balanced_oracle,True,INLP::rank=2,INLP,0.0,True,True,False,False,False,True
learning_curve|Waterbirds|seed=11|fraction=0.5|gamma=1|tau=0.2|lambda=0.6,learning_curve,Waterbirds,11,0.5,598,1.0,0.2,0.6,always_deploy_balanced,True,INLP::rank=4,INLP,0.0,True,False,True,False,False,True
learning_curve|Waterbirds|seed=11|fraction=0.5|gamma=1|tau=0.2|lambda=0.6,learning_curve,Waterbirds,11,0.5,598,1.0,0.2,0.6,point_selection_balanced,False,,,0.0,True,NA,False,False,False,True
learning_curve|Waterbirds|seed=11|fraction=0.5|gamma=1|tau=0.2|lambda=0.6,learning_curve,Waterbirds,11,0.5,598,1.0,0.2,0.6,vera_balanced_iut,False,,,0.0,True,NA,False,False,False,True
learning_curve|Waterbirds|seed=11|fraction=0.5|gamma=1|tau=0.2|lambda=0.6,learning_curve,Waterbirds,11,0.5,598,1.0,0.2,0.6,vera_balanced_envelope,False,,,0.0,True,NA,False,False,False,True
learning_curve|Waterbirds|seed=11|fraction=0.5|gamma=1|tau=0.2|lambda=0.6,learning_curve,Waterbirds,11,0.5,598,1.0,0.2,0.6,external_balanced_oracle,False,,,0.0,True,NA,False,False,False,True
learning_curve|Waterbirds|seed=11|fraction=0.5|gamma=1|tau=0.2|lambda=0.7,learning_curve,Waterbirds,11,0.5,598,1.0,0.2,0.7,always_deploy_balanced,True,INLP::rank=4,INLP,0.0,True,True,False,False,False,True
learning_curve|Waterbirds|seed=11|fraction=0.5|gamma=1|tau=0.2|lambda=0.7,learning_curve,Waterbirds,11,0.5,598,1.0,0.2,0.7,point_selection_balanced,True,INLP::rank=4,INLP,0.0,True,True,False,False,False,True
learning_curve|Waterbirds|seed=11|fraction=0.5|gamma=1|tau=0.2|lambda=0.7,learning_curve,Waterbirds,11,0.5,598,1.0,0.2,0.7,vera_balanced_iut,False,,,0.0,True,NA,False,False,False,True
learning_curve|Waterbirds|seed=11|fraction=0.5|gamma=1|tau=0.2|lambda=0.7,learning_curve,Waterbirds,11,0.5,598,1.0,0.2,0.7,vera_balanced_envelope,False,,,0.0,True,NA,False,False,False,True
learning_curve|Waterbirds|seed=11|fraction=0.5|gamma=1|tau=0.2|lambda=0.7,learning_curve,Waterbirds,11,0.5,598,1.0,0.2,0.7,external_balanced_oracle,True,INLP::rank=4,INLP,0.0,True,True,False,False,False,True
learning_curve|Waterbirds|seed=11|fraction=0.5|gamma=1|tau=0.2|lambda=0.8,learning_curve,Waterbirds,11,0.5,598,1.0,0.2,0.8,always_deploy_balanced,True,INLP::rank=4,INLP,0.0,True,True,False,False,False,True
learning_curve|Waterbirds|seed=11|fraction=0.5|gamma=1|tau=0.2|lambda=0.8,learning_curve,Waterbirds,11,0.5,598,1.0,0.2,0.8,point_selection_balanced,True,INLP::rank=4,INLP,0.0,True,True,False,False,False,True
learning_curve|Waterbirds|seed=11|fraction=0.5|gamma=1|tau=0.2|lambda=0.8,learning_curve,Waterbirds,11,0.5,598,1.0,0.2,0.8,vera_balanced_iut,False,,,0.0,True,NA,False,False,False,True
learning_curve|Waterbirds|seed=11|fraction=0.5|gamma=1|tau=0.2|lambda=0.8,learning_curve,Waterbirds,11,0.5,598,1.0,0.2,0.8,vera_balanced_envelope,False,,,0.0,True,NA,False,False,False,True
learning_curve|Waterbirds|seed=11|fraction=0.5|gamma=1|tau=0.2|lambda=0.8,learning_curve,Waterbirds,11,0.5,598,1.0,0.2,0.8,external_balanced_oracle,True,INLP::rank=4,INLP,0.0,True,True,False,False,False,True
primary|Waterbirds|seed=11|fraction=1|gamma=1|tau=0.05|lambda=0.6,primary,Waterbirds,11,1.0,1199,1.0,0.05,0.6,always_deploy_balanced,True,INLP::rank=4,INLP,0.0,True,False,True,False,False,True
primary|Waterbirds|seed=11|fraction=1|gamma=1|tau=0.05|lambda=0.6,primary,Waterbirds,11,1.0,1199,1.0,0.05,0.6,point_selection_balanced,False,,,0.0,True,NA,False,False,False,True
primary|Waterbirds|seed=11|fraction=1|gamma=1|tau=0.05|lambda=0.6,primary,Waterbirds,11,1.0,1199,1.0,0.05,0.6,vera_balanced_iut,False,,,0.0,True,NA,False,False,False,True
primary|Waterbirds|seed=11|fraction=1|gamma=1|tau=0.05|lambda=0.6,primary,Waterbirds,11,1.0,1199,1.0,0.05,0.6,vera_balanced_envelope,False,,,0.0,True,NA,False,False,False,True
primary|Waterbirds|seed=11|fraction=1|gamma=1|tau=0.05|lambda=0.6,primary,Waterbirds,11,1.0,1199,1.0,0.05,0.6,external_balanced_oracle,False,,,0.0,True,NA,False,False,False,True
primary|Waterbirds|seed=11|fraction=1|gamma=1|tau=0.05|lambda=0.7,primary,Waterbirds,11,1.0,1199,1.0,0.05,0.7,always_deploy_balanced,True,INLP::rank=4,INLP,0.0,True,False,True,False,False,True
primary|Waterbirds|seed=11|fraction=1|gamma=1|tau=0.05|lambda=0.7,primary,Waterbirds,11,1.0,1199,1.0,0.05,0.7,point_selection_balanced,False,,,0.0,True,NA,False,False,False,True
primary|Waterbirds|seed=11|fraction=1|gamma=1|tau=0.05|lambda=0.7,primary,Waterbirds,11,1.0,1199,1.0,0.05,0.7,vera_balanced_iut,False,,,0.0,True,NA,False,False,False,True
primary|Waterbirds|seed=11|fraction=1|gamma=1|tau=0.05|lambda=0.7,primary,Waterbirds,11,1.0,1199,1.0,0.05,0.7,vera_balanced_envelope,False,,,0.0,True,NA,False,False,False,True
primary|Waterbirds|seed=11|fraction=1|gamma=1|tau=0.05|lambda=0.7,primary,Waterbirds,11,1.0,1199,1.0,0.05,0.7,external_balanced_oracle,False,,,0.0,True,NA,False,False,False,True
primary|Waterbirds|seed=11|fraction=1|gamma=1|tau=0.05|lambda=0.8,primary,Waterbirds,11,1.0,1199,1.0,0.05,0.8,always_deploy_balanced,True,INLP::rank=4,INLP,0.0,True,False,True,False,False,True
primary|Waterbirds|seed=11|fraction=1|gamma=1|tau=0.05|lambda=0.8,primary,Waterbirds,11,1.0,1199,1.0,0.05,0.8,point_selection_balanced,True,INLP::rank=2,INLP,0.0,True,True,False,False,False,True
primary|Waterbirds|seed=11|fraction=1|gamma=1|tau=0.05|lambda=0.8,primary,Waterbirds,11,1.0,1199,1.0,0.05,0.8,vera_balanced_iut,False,,,0.0,True,NA,False,False,False,True
primary|Waterbirds|seed=11|fraction=1|gamma=1|tau=0.05|lambda=0.8,primary,Waterbirds,11,1.0,1199,1.0,0.05,0.8,vera_balanced_envelope,False,,,0.0,True,NA,False,False,False,True
primary|Waterbirds|seed=11|fraction=1|gamma=1|tau=0.05|lambda=0.8,primary,Waterbirds,11,1.0,1199,1.0,0.05,0.8,external_balanced_oracle,True,INLP::rank=2,INLP,0.0,True,True,False,False,False,True
primary|Waterbirds|seed=11|fraction=1|gamma=1|tau=0.1|lambda=0.6,primary,Waterbirds,11,1.0,1199,1.0,0.1,0.6,always_deploy_balanced,True,INLP::rank=4,INLP,0.0,True,False,True,False,False,True
primary|Waterbirds|seed=11|fraction=1|gamma=1|tau=0.1|lambda=0.6,primary,Waterbirds,11,1.0,1199,1.0,0.1,0.6,point_selection_balanced,False,,,0.0,True,NA,False,False,False,True
primary|Waterbirds|seed=11|fraction=1|gamma=1|tau=0.1|lambda=0.6,primary,Waterbirds,11,1.0,1199,1.0,0.1,0.6,vera_balanced_iut,False,,,0.0,True,NA,False,False,False,True
primary|Waterbirds|seed=11|fraction=1|gamma=1|tau=0.1|lambda=0.6,primary,Waterbirds,11,1.0,1199,1.0,0.1,0.6,vera_balanced_envelope,False,,,0.0,True,NA,False,False,False,True
primary|Waterbirds|seed=11|fraction=1|gamma=1|tau=0.1|lambda=0.6,primary,Waterbirds,11,1.0,1199,1.0,0.1,0.6,external_balanced_oracle,False,,,0.0,True,NA,False,False,False,True
primary|Waterbirds|seed=11|fraction=1|gamma=1|tau=0.1|lambda=0.7,primary,Waterbirds,11,1.0,1199,1.0,0.1,0.7,always_deploy_balanced,True,INLP::rank=4,INLP,0.0,True,False,True,False,False,True
primary|Waterbirds|seed=11|fraction=1|gamma=1|tau=0.1|lambda=0.7,primary,Waterbirds,11,1.0,1199,1.0,0.1,0.7,point_selection_balanced,False,,,0.0,True,NA,False,False,False,True
primary|Waterbirds|seed=11|fraction=1|gamma=1|tau=0.1|lambda=0.7,primary,Waterbirds,11,1.0,1199,1.0,0.1,0.7,vera_balanced_iut,False,,,0.0,True,NA,False,False,False,True
primary|Waterbirds|seed=11|fraction=1|gamma=1|tau=0.1|lambda=0.7,primary,Waterbirds,11,1.0,1199,1.0,0.1,0.7,vera_balanced_envelope,False,,,0.0,True,NA,False,False,False,True
primary|Waterbirds|seed=11|fraction=1|gamma=1|tau=0.1|lambda=0.7,primary,Waterbirds,11,1.0,1199,1.0,0.1,0.7,external_balanced_oracle,False,,,0.0,True,NA,False,False,False,True
primary|Waterbirds|seed=11|fraction=1|gamma=1|tau=0.1|lambda=0.8,primary,Waterbirds,11,1.0,1199,1.0,0.1,0.8,always_deploy_balanced,True,INLP::rank=4,INLP,0.0,True,False,True,False,False,True
primary|Waterbirds|seed=11|fraction=1|gamma=1|tau=0.1|lambda=0.8,primary,Waterbirds,11,1.0,1199,1.0,0.1,0.8,point_selection_balanced,True,INLP::rank=2,INLP,0.0,True,True,False,False,False,True
primary|Waterbirds|seed=11|fraction=1|gamma=1|tau=0.1|lambda=0.8,primary,Waterbirds,11,1.0,1199,1.0,0.1,0.8,vera_balanced_iut,True,INLP::rank=2,INLP,0.0,True,True,False,False,False,True
primary|Waterbirds|seed=11|fraction=1|gamma=1|tau=0.1|lambda=0.8,primary,Waterbirds,11,1.0,1199,1.0,0.1,0.8,vera_balanced_envelope,False,,,0.0,True,NA,False,False,False,True
primary|Waterbirds|seed=11|fraction=1|gamma=1|tau=0.1|lambda=0.8,primary,Waterbirds,11,1.0,1199,1.0,0.1,0.8,external_balanced_oracle,True,INLP::rank=2,INLP,0.0,True,True,False,False,False,True
primary|Waterbirds|seed=11|fraction=1|gamma=1|tau=0.2|lambda=0.6,primary,Waterbirds,11,1.0,1199,1.0,0.2,0.6,always_deploy_balanced,True,INLP::rank=4,INLP,0.0,True,False,True,False,False,True
primary|Waterbirds|seed=11|fraction=1|gamma=1|tau=0.2|lambda=0.6,primary,Waterbirds,11,1.0,1199,1.0,0.2,0.6,point_selection_balanced,False,,,0.0,True,NA,False,False,False,True
primary|Waterbirds|seed=11|fraction=1|gamma=1|tau=0.2|lambda=0.6,primary,Waterbirds,11,1.0,1199,1.0,0.2,0.6,vera_balanced_iut,False,,,0.0,True,NA,False,False,False,True
primary|Waterbirds|seed=11|fraction=1|gamma=1|tau=0.2|lambda=0.6,primary,Waterbirds,11,1.0,1199,1.0,0.2,0.6,vera_balanced_envelope,False,,,0.0,True,NA,False,False,False,True
primary|Waterbirds|seed=11|fraction=1|gamma=1|tau=0.2|lambda=0.6,primary,Waterbirds,11,1.0,1199,1.0,0.2,0.6,external_balanced_oracle,False,,,0.0,True,NA,False,False,False,True
primary|Waterbirds|seed=11|fraction=1|gamma=1|tau=0.2|lambda=0.7,primary,Waterbirds,11,1.0,1199,1.0,0.2,0.7,always_deploy_balanced,True,INLP::rank=4,INLP,0.0,True,True,False,False,False,True
primary|Waterbirds|seed=11|fraction=1|gamma=1|tau=0.2|lambda=0.7,primary,Waterbirds,11,1.0,1199,1.0,0.2,0.7,point_selection_balanced,True,INLP::rank=4,INLP,0.0,True,True,False,False,False,True
primary|Waterbirds|seed=11|fraction=1|gamma=1|tau=0.2|lambda=0.7,primary,Waterbirds,11,1.0,1199,1.0,0.2,0.7,vera_balanced_iut,False,,,0.0,True,NA,False,False,False,True
primary|Waterbirds|seed=11|fraction=1|gamma=1|tau=0.2|lambda=0.7,primary,Waterbirds,11,1.0,1199,1.0,0.2,0.7,vera_balanced_envelope,False,,,0.0,True,NA,False,False,False,True
primary|Waterbirds|seed=11|fraction=1|gamma=1|tau=0.2|lambda=0.7,primary,Waterbirds,11,1.0,1199,1.0,0.2,0.7,external_balanced_oracle,True,INLP::rank=4,INLP,0.0,True,True,False,False,False,True
primary|Waterbirds|seed=11|fraction=1|gamma=1|tau=0.2|lambda=0.8,primary,Waterbirds,11,1.0,1199,1.0,0.2,0.8,always_deploy_balanced,True,INLP::rank=4,INLP,0.0,True,True,False,False,False,True
primary|Waterbirds|seed=11|fraction=1|gamma=1|tau=0.2|lambda=0.8,primary,Waterbirds,11,1.0,1199,1.0,0.2,0.8,point_selection_balanced,True,INLP::rank=4,INLP,0.0,True,True,False,False,False,True
primary|Waterbirds|seed=11|fraction=1|gamma=1|tau=0.2|lambda=0.8,primary,Waterbirds,11,1.0,1199,1.0,0.2,0.8,vera_balanced_iut,True,INLP::rank=4,INLP,0.0,True,True,False,False,False,True
primary|Waterbirds|seed=11|fraction=1|gamma=1|tau=0.2|lambda=0.8,primary,Waterbirds,11,1.0,1199,1.0,0.2,0.8,vera_balanced_envelope,True,INLP::rank=2,INLP,1.0053939819335938,True,True,False,False,False,True
primary|Waterbirds|seed=11|fraction=1|gamma=1|tau=0.2|lambda=0.8,primary,Waterbirds,11,1.0,1199,1.0,0.2,0.8,external_balanced_oracle,True,INLP::rank=4,INLP,0.0,True,True,False,False,False,True
shifted_sensitivity|Waterbirds|seed=11|fraction=1|gamma=1.01|tau=0.05|lambda=0.6,shifted_sensitivity,Waterbirds,11,1.0,1199,1.01,0.05,0.6,always_deploy_balanced,True,INLP::rank=4,INLP,0.0,True,False,True,False,False,True
shifted_sensitivity|Waterbirds|seed=11|fraction=1|gamma=1.01|tau=0.05|lambda=0.6,shifted_sensitivity,Waterbirds,11,1.0,1199,1.01,0.05,0.6,point_selection_balanced,False,,,0.0,True,NA,False,False,False,True
shifted_sensitivity|Waterbirds|seed=11|fraction=1|gamma=1.01|tau=0.05|lambda=0.6,shifted_sensitivity,Waterbirds,11,1.0,1199,1.01,0.05,0.6,vera_balanced_iut,False,,,0.0,True,NA,False,False,False,True
shifted_sensitivity|Waterbirds|seed=11|fraction=1|gamma=1.01|tau=0.05|lambda=0.6,shifted_sensitivity,Waterbirds,11,1.0,1199,1.01,0.05,0.6,vera_balanced_envelope,False,,,0.0,True,NA,False,False,False,True
shifted_sensitivity|Waterbirds|seed=11|fraction=1|gamma=1.01|tau=0.05|lambda=0.6,shifted_sensitivity,Waterbirds,11,1.0,1199,1.01,0.05,0.6,external_balanced_oracle,False,,,0.0,True,NA,False,False,False,True
shifted_sensitivity|Waterbirds|seed=11|fraction=1|gamma=1.01|tau=0.05|lambda=0.7,shifted_sensitivity,Waterbirds,11,1.0,1199,1.01,0.05,0.7,always_deploy_balanced,True,INLP::rank=4,INLP,0.0,True,False,True,False,False,True
shifted_sensitivity|Waterbirds|seed=11|fraction=1|gamma=1.01|tau=0.05|lambda=0.7,shifted_sensitivity,Waterbirds,11,1.0,1199,1.01,0.05,0.7,point_selection_balanced,False,,,0.0,True,NA,False,False,False,True
shifted_sensitivity|Waterbirds|seed=11|fraction=1|gamma=1.01|tau=0.05|lambda=0.7,shifted_sensitivity,Waterbirds,11,1.0,1199,1.01,0.05,0.7,vera_balanced_iut,False,,,0.0,True,NA,False,False,False,True
shifted_sensitivity|Waterbirds|seed=11|fraction=1|gamma=1.01|tau=0.05|lambda=0.7,shifted_sensitivity,Waterbirds,11,1.0,1199,1.01,0.05,0.7,vera_balanced_envelope,False,,,0.0,True,NA,False,False,False,True
shifted_sensitivity|Waterbirds|seed=11|fraction=1|gamma=1.01|tau=0.05|lambda=0.7,shifted_sensitivity,Waterbirds,11,1.0,1199,1.01,0.05,0.7,external_balanced_oracle,False,,,0.0,True,NA,False,False,False,True
shifted_sensitivity|Waterbirds|seed=11|fraction=1|gamma=1.01|tau=0.05|lambda=0.8,shifted_sensitivity,Waterbirds,11,1.0,1199,1.01,0.05,0.8,always_deploy_balanced,True,INLP::rank=4,INLP,0.0,True,False,True,False,False,True
shifted_sensitivity|Waterbirds|seed=11|fraction=1|gamma=1.01|tau=0.05|lambda=0.8,shifted_sensitivity,Waterbirds,11,1.0,1199,1.01,0.05,0.8,point_selection_balanced,True,INLP::rank=2,INLP,0.0,True,True,False,False,False,True
shifted_sensitivity|Waterbirds|seed=11|fraction=1|gamma=1.01|tau=0.05|lambda=0.8,shifted_sensitivity,Waterbirds,11,1.0,1199,1.01,0.05,0.8,vera_balanced_iut,False,,,0.0,True,NA,False,False,False,True
shifted_sensitivity|Waterbirds|seed=11|fraction=1|gamma=1.01|tau=0.05|lambda=0.8,shifted_sensitivity,Waterbirds,11,1.0,1199,1.01,0.05,0.8,vera_balanced_envelope,False,,,0.0,True,NA,False,False,False,True
shifted_sensitivity|Waterbirds|seed=11|fraction=1|gamma=1.01|tau=0.05|lambda=0.8,shifted_sensitivity,Waterbirds,11,1.0,1199,1.01,0.05,0.8,external_balanced_oracle,True,INLP::rank=2,INLP,0.0,True,True,False,False,False,True
shifted_sensitivity|Waterbirds|seed=11|fraction=1|gamma=1.01|tau=0.1|lambda=0.6,shifted_sensitivity,Waterbirds,11,1.0,1199,1.01,0.1,0.6,always_deploy_balanced,True,INLP::rank=4,INLP,0.0,True,False,True,False,False,True
shifted_sensitivity|Waterbirds|seed=11|fraction=1|gamma=1.01|tau=0.1|lambda=0.6,shifted_sensitivity,Waterbirds,11,1.0,1199,1.01,0.1,0.6,point_selection_balanced,False,,,0.0,True,NA,False,False,False,True
shifted_sensitivity|Waterbirds|seed=11|fraction=1|gamma=1.01|tau=0.1|lambda=0.6,shifted_sensitivity,Waterbirds,11,1.0,1199,1.01,0.1,0.6,vera_balanced_iut,False,,,0.0,True,NA,False,False,False,True
shifted_sensitivity|Waterbirds|seed=11|fraction=1|gamma=1.01|tau=0.1|lambda=0.6,shifted_sensitivity,Waterbirds,11,1.0,1199,1.01,0.1,0.6,vera_balanced_envelope,False,,,0.0,True,NA,False,False,False,True
shifted_sensitivity|Waterbirds|seed=11|fraction=1|gamma=1.01|tau=0.1|lambda=0.6,shifted_sensitivity,Waterbirds,11,1.0,1199,1.01,0.1,0.6,external_balanced_oracle,False,,,0.0,True,NA,False,False,False,True
shifted_sensitivity|Waterbirds|seed=11|fraction=1|gamma=1.01|tau=0.1|lambda=0.7,shifted_sensitivity,Waterbirds,11,1.0,1199,1.01,0.1,0.7,always_deploy_balanced,True,INLP::rank=4,INLP,0.0,True,False,True,False,False,True
shifted_sensitivity|Waterbirds|seed=11|fraction=1|gamma=1.01|tau=0.1|lambda=0.7,shifted_sensitivity,Waterbirds,11,1.0,1199,1.01,0.1,0.7,point_selection_balanced,False,,,0.0,True,NA,False,False,False,True
shifted_sensitivity|Waterbirds|seed=11|fraction=1|gamma=1.01|tau=0.1|lambda=0.7,shifted_sensitivity,Waterbirds,11,1.0,1199,1.01,0.1,0.7,vera_balanced_iut,False,,,0.0,True,NA,False,False,False,True
shifted_sensitivity|Waterbirds|seed=11|fraction=1|gamma=1.01|tau=0.1|lambda=0.7,shifted_sensitivity,Waterbirds,11,1.0,1199,1.01,0.1,0.7,vera_balanced_envelope,False,,,0.0,True,NA,False,False,False,True
shifted_sensitivity|Waterbirds|seed=11|fraction=1|gamma=1.01|tau=0.1|lambda=0.7,shifted_sensitivity,Waterbirds,11,1.0,1199,1.01,0.1,0.7,external_balanced_oracle,False,,,0.0,True,NA,False,False,False,True
shifted_sensitivity|Waterbirds|seed=11|fraction=1|gamma=1.01|tau=0.1|lambda=0.8,shifted_sensitivity,Waterbirds,11,1.0,1199,1.01,0.1,0.8,always_deploy_balanced,True,INLP::rank=4,INLP,0.0,True,False,True,False,False,True
shifted_sensitivity|Waterbirds|seed=11|fraction=1|gamma=1.01|tau=0.1|lambda=0.8,shifted_sensitivity,Waterbirds,11,1.0,1199,1.01,0.1,0.8,point_selection_balanced,True,INLP::rank=2,INLP,0.0,True,True,False,False,False,True
shifted_sensitivity|Waterbirds|seed=11|fraction=1|gamma=1.01|tau=0.1|lambda=0.8,shifted_sensitivity,Waterbirds,11,1.0,1199,1.01,0.1,0.8,vera_balanced_iut,False,,,0.0,True,NA,False,False,False,True
shifted_sensitivity|Waterbirds|seed=11|fraction=1|gamma=1.01|tau=0.1|lambda=0.8,shifted_sensitivity,Waterbirds,11,1.0,1199,1.01,0.1,0.8,vera_balanced_envelope,False,,,0.0,True,NA,False,False,False,True
shifted_sensitivity|Waterbirds|seed=11|fraction=1|gamma=1.01|tau=0.1|lambda=0.8,shifted_sensitivity,Waterbirds,11,1.0,1199,1.01,0.1,0.8,external_balanced_oracle,True,INLP::rank=2,INLP,0.0,True,True,False,False,False,True
shifted_sensitivity|Waterbirds|seed=11|fraction=1|gamma=1.01|tau=0.2|lambda=0.6,shifted_sensitivity,Waterbirds,11,1.0,1199,1.01,0.2,0.6,always_deploy_balanced,True,INLP::rank=4,INLP,0.0,True,False,True,False,False,True
shifted_sensitivity|Waterbirds|seed=11|fraction=1|gamma=1.01|tau=0.2|lambda=0.6,shifted_sensitivity,Waterbirds,11,1.0,1199,1.01,0.2,0.6,point_selection_balanced,False,,,0.0,True,NA,False,False,False,True
shifted_sensitivity|Waterbirds|seed=11|fraction=1|gamma=1.01|tau=0.2|lambda=0.6,shifted_sensitivity,Waterbirds,11,1.0,1199,1.01,0.2,0.6,vera_balanced_iut,False,,,0.0,True,NA,False,False,False,True
shifted_sensitivity|Waterbirds|seed=11|fraction=1|gamma=1.01|tau=0.2|lambda=0.6,shifted_sensitivity,Waterbirds,11,1.0,1199,1.01,0.2,0.6,vera_balanced_envelope,False,,,0.0,True,NA,False,False,False,True
shifted_sensitivity|Waterbirds|seed=11|fraction=1|gamma=1.01|tau=0.2|lambda=0.6,shifted_sensitivity,Waterbirds,11,1.0,1199,1.01,0.2,0.6,external_balanced_oracle,False,,,0.0,True,NA,False,False,False,True
shifted_sensitivity|Waterbirds|seed=11|fraction=1|gamma=1.01|tau=0.2|lambda=0.7,shifted_sensitivity,Waterbirds,11,1.0,1199,1.01,0.2,0.7,always_deploy_balanced,True,INLP::rank=4,INLP,0.0,True,True,False,False,False,True
shifted_sensitivity|Waterbirds|seed=11|fraction=1|gamma=1.01|tau=0.2|lambda=0.7,shifted_sensitivity,Waterbirds,11,1.0,1199,1.01,0.2,0.7,point_selection_balanced,True,INLP::rank=4,INLP,0.0,True,True,False,False,False,True
shifted_sensitivity|Waterbirds|seed=11|fraction=1|gamma=1.01|tau=0.2|lambda=0.7,shifted_sensitivity,Waterbirds,11,1.0,1199,1.01,0.2,0.7,vera_balanced_iut,False,,,0.0,True,NA,False,False,False,True
shifted_sensitivity|Waterbirds|seed=11|fraction=1|gamma=1.01|tau=0.2|lambda=0.7,shifted_sensitivity,Waterbirds,11,1.0,1199,1.01,0.2,0.7,vera_balanced_envelope,False,,,0.0,True,NA,False,False,False,True
shifted_sensitivity|Waterbirds|seed=11|fraction=1|gamma=1.01|tau=0.2|lambda=0.7,shifted_sensitivity,Waterbirds,11,1.0,1199,1.01,0.2,0.7,external_balanced_oracle,True,INLP::rank=4,INLP,0.0,True,True,False,False,False,True
shifted_sensitivity|Waterbirds|seed=11|fraction=1|gamma=1.01|tau=0.2|lambda=0.8,shifted_sensitivity,Waterbirds,11,1.0,1199,1.01,0.2,0.8,always_deploy_balanced,True,INLP::rank=4,INLP,0.0,True,True,False,False,False,True
shifted_sensitivity|Waterbirds|seed=11|fraction=1|gamma=1.01|tau=0.2|lambda=0.8,shifted_sensitivity,Waterbirds,11,1.0,1199,1.01,0.2,0.8,point_selection_balanced,True,INLP::rank=4,INLP,0.0,True,True,False,False,False,True
shifted_sensitivity|Waterbirds|seed=11|fraction=1|gamma=1.01|tau=0.2|lambda=0.8,shifted_sensitivity,Waterbirds,11,1.0,1199,1.01,0.2,0.8,vera_balanced_iut,True,INLP::rank=2,INLP,1.0053939819335938,True,True,False,False,False,True
shifted_sensitivity|Waterbirds|seed=11|fraction=1|gamma=1.01|tau=0.2|lambda=0.8,shifted_sensitivity,Waterbirds,11,1.0,1199,1.01,0.2,0.8,vera_balanced_envelope,False,,,0.0,True,NA,False,False,False,True
shifted_sensitivity|Waterbirds|seed=11|fraction=1|gamma=1.01|tau=0.2|lambda=0.8,shifted_sensitivity,Waterbirds,11,1.0,1199,1.01,0.2,0.8,external_balanced_oracle,True,INLP::rank=4,INLP,0.0,True,True,False,False,False,True
learning_curve|Waterbirds|seed=12|fraction=0.05|gamma=1|tau=0.05|lambda=0.6,learning_curve,Waterbirds,12,0.05,58,1.0,0.05,0.6,always_deploy_balanced,True,INLP::rank=4,INLP,0.0,True,False,True,False,False,True
learning_curve|Waterbirds|seed=12|fraction=0.05|gamma=1|tau=0.05|lambda=0.6,learning_curve,Waterbirds,12,0.05,58,1.0,0.05,0.6,point_selection_balanced,False,,,0.0,True,NA,False,False,False,True
learning_curve|Waterbirds|seed=12|fraction=0.05|gamma=1|tau=0.05|lambda=0.6,learning_curve,Waterbirds,12,0.05,58,1.0,0.05,0.6,vera_balanced_iut,False,,,0.0,True,NA,False,False,False,True
learning_curve|Waterbirds|seed=12|fraction=0.05|gamma=1|tau=0.05|lambda=0.6,learning_curve,Waterbirds,12,0.05,58,1.0,0.05,0.6,vera_balanced_envelope,False,,,0.0,True,NA,False,False,False,True
learning_curve|Waterbirds|seed=12|fraction=0.05|gamma=1|tau=0.05|lambda=0.6,learning_curve,Waterbirds,12,0.05,58,1.0,0.05,0.6,external_balanced_oracle,False,,,0.0,True,NA,False,False,False,True
learning_curve|Waterbirds|seed=12|fraction=0.05|gamma=1|tau=0.05|lambda=0.7,learning_curve,Waterbirds,12,0.05,58,1.0,0.05,0.7,always_deploy_balanced,True,INLP::rank=4,INLP,0.0,True,False,True,False,False,True
learning_curve|Waterbirds|seed=12|fraction=0.05|gamma=1|tau=0.05|lambda=0.7,learning_curve,Waterbirds,12,0.05,58,1.0,0.05,0.7,point_selection_balanced,False,,,0.0,True,NA,False,False,False,True
learning_curve|Waterbirds|seed=12|fraction=0.05|gamma=1|tau=0.05|lambda=0.7,learning_curve,Waterbirds,12,0.05,58,1.0,0.05,0.7,vera_balanced_iut,False,,,0.0,True,NA,False,False,False,True
learning_curve|Waterbirds|seed=12|fraction=0.05|gamma=1|tau=0.05|lambda=0.7,learning_curve,Waterbirds,12,0.05,58,1.0,0.05,0.7,vera_balanced_envelope,False,,,0.0,True,NA,False,False,False,True
learning_curve|Waterbirds|seed=12|fraction=0.05|gamma=1|tau=0.05|lambda=0.7,learning_curve,Waterbirds,12,0.05,58,1.0,0.05,0.7,external_balanced_oracle,False,,,0.0,True,NA,False,False,False,True
learning_curve|Waterbirds|seed=12|fraction=0.05|gamma=1|tau=0.05|lambda=0.8,learning_curve,Waterbirds,12,0.05,58,1.0,0.05,0.8,always_deploy_balanced,True,INLP::rank=4,INLP,0.0,True,False,True,False,False,True
learning_curve|Waterbirds|seed=12|fraction=0.05|gamma=1|tau=0.05|lambda=0.8,learning_curve,Waterbirds,12,0.05,58,1.0,0.05,0.8,point_selection_balanced,True,INLP::rank=4,INLP,0.0,True,False,True,False,False,True
learning_curve|Waterbirds|seed=12|fraction=0.05|gamma=1|tau=0.05|lambda=0.8,learning_curve,Waterbirds,12,0.05,58,1.0,0.05,0.8,vera_balanced_iut,False,,,0.0,True,NA,False,False,False,True
learning_curve|Waterbirds|seed=12|fraction=0.05|gamma=1|tau=0.05|lambda=0.8,learning_curve,Waterbirds,12,0.05,58,1.0,0.05,0.8,vera_balanced_envelope,False,,,0.0,True,NA,False,False,False,True
learning_curve|Waterbirds|seed=12|fraction=0.05|gamma=1|tau=0.05|lambda=0.8,learning_curve,Waterbirds,12,0.05,58,1.0,0.05,0.8,external_balanced_oracle,True,INLP::rank=2,INLP,0.0,True,True,False,False,False,True
learning_curve|Waterbirds|seed=12|fraction=0.05|gamma=1|tau=0.1|lambda=0.6,learning_curve,Waterbirds,12,0.05,58,1.0,0.1,0.6,always_deploy_balanced,True,INLP::rank=4,INLP,0.0,True,False,True,False,False,True
learning_curve|Waterbirds|seed=12|fraction=0.05|gamma=1|tau=0.1|lambda=0.6,learning_curve,Waterbirds,12,0.05,58,1.0,0.1,0.6,point_selection_balanced,False,,,0.0,True,NA,False,False,False,True
learning_curve|Waterbirds|seed=12|fraction=0.05|gamma=1|tau=0.1|lambda=0.6,learning_curve,Waterbirds,12,0.05,58,1.0,0.1,0.6,vera_balanced_iut,False,,,0.0,True,NA,False,False,False,True
learning_curve|Waterbirds|seed=12|fraction=0.05|gamma=1|tau=0.1|lambda=0.6,learning_curve,Waterbirds,12,0.05,58,1.0,0.1,0.6,vera_balanced_envelope,False,,,0.0,True,NA,False,False,False,True
learning_curve|Waterbirds|seed=12|fraction=0.05|gamma=1|tau=0.1|lambda=0.6,learning_curve,Waterbirds,12,0.05,58,1.0,0.1,0.6,external_balanced_oracle,False,,,0.0,True,NA,False,False,False,True
learning_curve|Waterbirds|seed=12|fraction=0.05|gamma=1|tau=0.1|lambda=0.7,learning_curve,Waterbirds,12,0.05,58,1.0,0.1,0.7,always_deploy_balanced,True,INLP::rank=4,INLP,0.0,True,False,True,False,False,True
learning_curve|Waterbirds|seed=12|fraction=0.05|gamma=1|tau=0.1|lambda=0.7,learning_curve,Waterbirds,12,0.05,58,1.0,0.1,0.7,point_selection_balanced,False,,,0.0,True,NA,False,False,False,True
learning_curve|Waterbirds|seed=12|fraction=0.05|gamma=1|tau=0.1|lambda=0.7,learning_curve,Waterbirds,12,0.05,58,1.0,0.1,0.7,vera_balanced_iut,False,,,0.0,True,NA,False,False,False,True
learning_curve|Waterbirds|seed=12|fraction=0.05|gamma=1|tau=0.1|lambda=0.7,learning_curve,Waterbirds,12,0.05,58,1.0,0.1,0.7,vera_balanced_envelope,False,,,0.0,True,NA,False,False,False,True
learning_curve|Waterbirds|seed=12|fraction=0.05|gamma=1|tau=0.1|lambda=0.7,learning_curve,Waterbirds,12,0.05,58,1.0,0.1,0.7,external_balanced_oracle,False,,,0.0,True,NA,False,False,False,True
learning_curve|Waterbirds|seed=12|fraction=0.05|gamma=1|tau=0.1|lambda=0.8,learning_curve,Waterbirds,12,0.05,58,1.0,0.1,0.8,always_deploy_balanced,True,INLP::rank=4,INLP,0.0,True,False,True,False,False,True
learning_curve|Waterbirds|seed=12|fraction=0.05|gamma=1|tau=0.1|lambda=0.8,learning_curve,Waterbirds,12,0.05,58,1.0,0.1,0.8,point_selection_balanced,True,INLP::rank=4,INLP,0.0,True,False,True,False,False,True
learning_curve|Waterbirds|seed=12|fraction=0.05|gamma=1|tau=0.1|lambda=0.8,learning_curve,Waterbirds,12,0.05,58,1.0,0.1,0.8,vera_balanced_iut,False,,,0.0,True,NA,False,False,False,True
learning_curve|Waterbirds|seed=12|fraction=0.05|gamma=1|tau=0.1|lambda=0.8,learning_curve,Waterbirds,12,0.05,58,1.0,0.1,0.8,vera_balanced_envelope,False,,,0.0,True,NA,False,False,False,True
learning_curve|Waterbirds|seed=12|fraction=0.05|gamma=1|tau=0.1|lambda=0.8,learning_curve,Waterbirds,12,0.05,58,1.0,0.1,0.8,external_balanced_oracle,True,INLP::rank=2,INLP,0.0,True,True,False,False,False,True
learning_curve|Waterbirds|seed=12|fraction=0.05|gamma=1|tau=0.2|lambda=0.6,learning_curve,Waterbirds,12,0.05,58,1.0,0.2,0.6,always_deploy_balanced,True,INLP::rank=4,INLP,0.0,True,False,True,False,False,True
learning_curve|Waterbirds|seed=12|fraction=0.05|gamma=1|tau=0.2|lambda=0.6,learning_curve,Waterbirds,12,0.05,58,1.0,0.2,0.6,point_selection_balanced,False,,,0.0,True,NA,False,False,False,True
learning_curve|Waterbirds|seed=12|fraction=0.05|gamma=1|tau=0.2|lambda=0.6,learning_curve,Waterbirds,12,0.05,58,1.0,0.2,0.6,vera_balanced_iut,False,,,0.0,True,NA,False,False,False,True
learning_curve|Waterbirds|seed=12|fraction=0.05|gamma=1|tau=0.2|lambda=0.6,learning_curve,Waterbirds,12,0.05,58,1.0,0.2,0.6,vera_balanced_envelope,False,,,0.0,True,NA,False,False,False,True
learning_curve|Waterbirds|seed=12|fraction=0.05|gamma=1|tau=0.2|lambda=0.6,learning_curve,Waterbirds,12,0.05,58,1.0,0.2,0.6,external_balanced_oracle,False,,,0.0,True,NA,False,False,False,True
learning_curve|Waterbirds|seed=12|fraction=0.05|gamma=1|tau=0.2|lambda=0.7,learning_curve,Waterbirds,12,0.05,58,1.0,0.2,0.7,always_deploy_balanced,True,INLP::rank=4,INLP,0.0,True,True,False,False,False,True
learning_curve|Waterbirds|seed=12|fraction=0.05|gamma=1|tau=0.2|lambda=0.7,learning_curve,Waterbirds,12,0.05,58,1.0,0.2,0.7,point_selection_balanced,False,,,0.0,True,NA,False,False,False,True
learning_curve|Waterbirds|seed=12|fraction=0.05|gamma=1|tau=0.2|lambda=0.7,learning_curve,Waterbirds,12,0.05,58,1.0,0.2,0.7,vera_balanced_iut,False,,,0.0,True,NA,False,False,False,True
learning_curve|Waterbirds|seed=12|fraction=0.05|gamma=1|tau=0.2|lambda=0.7,learning_curve,Waterbirds,12,0.05,58,1.0,0.2,0.7,vera_balanced_envelope,False,,,0.0,True,NA,False,False,False,True
learning_curve|Waterbirds|seed=12|fraction=0.05|gamma=1|tau=0.2|lambda=0.7,learning_curve,Waterbirds,12,0.05,58,1.0,0.2,0.7,external_balanced_oracle,True,INLP::rank=4,INLP,0.0,True,True,False,False,False,True
learning_curve|Waterbirds|seed=12|fraction=0.05|gamma=1|tau=0.2|lambda=0.8,learning_curve,Waterbirds,12,0.05,58,1.0,0.2,0.8,always_deploy_balanced,True,INLP::rank=4,INLP,0.0,True,True,False,False,False,True
learning_curve|Waterbirds|seed=12|fraction=0.05|gamma=1|tau=0.2|lambda=0.8,learning_curve,Waterbirds,12,0.05,58,1.0,0.2,0.8,point_selection_balanced,True,INLP::rank=4,INLP,0.0,True,True,False,False,False,True
learning_curve|Waterbirds|seed=12|fraction=0.05|gamma=1|tau=0.2|lambda=0.8,learning_curve,Waterbirds,12,0.05,58,1.0,0.2,0.8,vera_balanced_iut,False,,,0.0,True,NA,False,False,False,True
learning_curve|Waterbirds|seed=12|fraction=0.05|gamma=1|tau=0.2|lambda=0.8,learning_curve,Waterbirds,12,0.05,58,1.0,0.2,0.8,vera_balanced_envelope,False,,,0.0,True,NA,False,False,False,True
learning_curve|Waterbirds|seed=12|fraction=0.05|gamma=1|tau=0.2|lambda=0.8,learning_curve,Waterbirds,12,0.05,58,1.0,0.2,0.8,external_balanced_oracle,True,INLP::rank=4,INLP,0.0,True,True,False,False,False,True
learning_curve|Waterbirds|seed=12|fraction=0.1|gamma=1|tau=0.05|lambda=0.6,learning_curve,Waterbirds,12,0.1,118,1.0,0.05,0.6,always_deploy_balanced,True,INLP::rank=8,INLP,0.0,True,False,True,False,False,True
learning_curve|Waterbirds|seed=12|fraction=0.1|gamma=1|tau=0.05|lambda=0.6,learning_curve,Waterbirds,12,0.1,118,1.0,0.05,0.6,point_selection_balanced,False,,,0.0,True,NA,False,False,False,True
learning_curve|Waterbirds|seed=12|fraction=0.1|gamma=1|tau=0.05|lambda=0.6,learning_curve,Waterbirds,12,0.1,118,1.0,0.05,0.6,vera_balanced_iut,False,,,0.0,True,NA,False,False,False,True
learning_curve|Waterbirds|seed=12|fraction=0.1|gamma=1|tau=0.05|lambda=0.6,learning_curve,Waterbirds,12,0.1,118,1.0,0.05,0.6,vera_balanced_envelope,False,,,0.0,True,NA,False,False,False,True
learning_curve|Waterbirds|seed=12|fraction=0.1|gamma=1|tau=0.05|lambda=0.6,learning_curve,Waterbirds,12,0.1,118,1.0,0.05,0.6,external_balanced_oracle,False,,,0.0,True,NA,False,False,False,True
learning_curve|Waterbirds|seed=12|fraction=0.1|gamma=1|tau=0.05|lambda=0.7,learning_curve,Waterbirds,12,0.1,118,1.0,0.05,0.7,always_deploy_balanced,True,INLP::rank=8,INLP,0.0,True,False,True,False,False,True
learning_curve|Waterbirds|seed=12|fraction=0.1|gamma=1|tau=0.05|lambda=0.7,learning_curve,Waterbirds,12,0.1,118,1.0,0.05,0.7,point_selection_balanced,False,,,0.0,True,NA,False,False,False,True
learning_curve|Waterbirds|seed=12|fraction=0.1|gamma=1|tau=0.05|lambda=0.7,learning_curve,Waterbirds,12,0.1,118,1.0,0.05,0.7,vera_balanced_iut,False,,,0.0,True,NA,False,False,False,True
learning_curve|Waterbirds|seed=12|fraction=0.1|gamma=1|tau=0.05|lambda=0.7,learning_curve,Waterbirds,12,0.1,118,1.0,0.05,0.7,vera_balanced_envelope,False,,,0.0,True,NA,False,False,False,True
learning_curve|Waterbirds|seed=12|fraction=0.1|gamma=1|tau=0.05|lambda=0.7,learning_curve,Waterbirds,12,0.1,118,1.0,0.05,0.7,external_balanced_oracle,False,,,0.0,True,NA,False,False,False,True
learning_curve|Waterbirds|seed=12|fraction=0.1|gamma=1|tau=0.05|lambda=0.8,learning_curve,Waterbirds,12,0.1,118,1.0,0.05,0.8,always_deploy_balanced,True,INLP::rank=8,INLP,0.0,True,False,True,False,False,True
learning_curve|Waterbirds|seed=12|fraction=0.1|gamma=1|tau=0.05|lambda=0.8,learning_curve,Waterbirds,12,0.1,118,1.0,0.05,0.8,point_selection_balanced,True,INLP::rank=8,INLP,0.0,True,False,True,False,False,True
learning_curve|Waterbirds|seed=12|fraction=0.1|gamma=1|tau=0.05|lambda=0.8,learning_curve,Waterbirds,12,0.1,118,1.0,0.05,0.8,vera_balanced_iut,False,,,0.0,True,NA,False,False,False,True
learning_curve|Waterbirds|seed=12|fraction=0.1|gamma=1|tau=0.05|lambda=0.8,learning_curve,Waterbirds,12,0.1,118,1.0,0.05,0.8,vera_balanced_envelope,False,,,0.0,True,NA,False,False,False,True
learning_curve|Waterbirds|seed=12|fraction=0.1|gamma=1|tau=0.05|lambda=0.8,learning_curve,Waterbirds,12,0.1,118,1.0,0.05,0.8,external_balanced_oracle,True,INLP::rank=2,INLP,0.0,True,True,False,False,False,True
learning_curve|Waterbirds|seed=12|fraction=0.1|gamma=1|tau=0.1|lambda=0.6,learning_curve,Waterbirds,12,0.1,118,1.0,0.1,0.6,always_deploy_balanced,True,INLP::rank=8,INLP,0.0,True,False,True,False,False,True
learning_curve|Waterbirds|seed=12|fraction=0.1|gamma=1|tau=0.1|lambda=0.6,learning_curve,Waterbirds,12,0.1,118,1.0,0.1,0.6,point_selection_balanced,False,,,0.0,True,NA,False,False,False,True
learning_curve|Waterbirds|seed=12|fraction=0.1|gamma=1|tau=0.1|lambda=0.6,learning_curve,Waterbirds,12,0.1,118,1.0,0.1,0.6,vera_balanced_iut,False,,,0.0,True,NA,False,False,False,True
learning_curve|Waterbirds|seed=12|fraction=0.1|gamma=1|tau=0.1|lambda=0.6,learning_curve,Waterbirds,12,0.1,118,1.0,0.1,0.6,vera_balanced_envelope,False,,,0.0,True,NA,False,False,False,True
learning_curve|Waterbirds|seed=12|fraction=0.1|gamma=1|tau=0.1|lambda=0.6,learning_curve,Waterbirds,12,0.1,118,1.0,0.1,0.6,external_balanced_oracle,False,,,0.0,True,NA,False,False,False,True
learning_curve|Waterbirds|seed=12|fraction=0.1|gamma=1|tau=0.1|lambda=0.7,learning_curve,Waterbirds,12,0.1,118,1.0,0.1,0.7,always_deploy_balanced,True,INLP::rank=8,INLP,0.0,True,False,True,False,False,True
learning_curve|Waterbirds|seed=12|fraction=0.1|gamma=1|tau=0.1|lambda=0.7,learning_curve,Waterbirds,12,0.1,118,1.0,0.1,0.7,point_selection_balanced,False,,,0.0,True,NA,False,False,False,True
learning_curve|Waterbirds|seed=12|fraction=0.1|gamma=1|tau=0.1|lambda=0.7,learning_curve,Waterbirds,12,0.1,118,1.0,0.1,0.7,vera_balanced_iut,False,,,0.0,True,NA,False,False,False,True
learning_curve|Waterbirds|seed=12|fraction=0.1|gamma=1|tau=0.1|lambda=0.7,learning_curve,Waterbirds,12,0.1,118,1.0,0.1,0.7,vera_balanced_envelope,False,,,0.0,True,NA,False,False,False,True
learning_curve|Waterbirds|seed=12|fraction=0.1|gamma=1|tau=0.1|lambda=0.7,learning_curve,Waterbirds,12,0.1,118,1.0,0.1,0.7,external_balanced_oracle,False,,,0.0,True,NA,False,False,False,True
learning_curve|Waterbirds|seed=12|fraction=0.1|gamma=1|tau=0.1|lambda=0.8,learning_curve,Waterbirds,12,0.1,118,1.0,0.1,0.8,always_deploy_balanced,True,INLP::rank=8,INLP,0.0,True,False,True,False,False,True
learning_curve|Waterbirds|seed=12|fraction=0.1|gamma=1|tau=0.1|lambda=0.8,learning_curve,Waterbirds,12,0.1,118,1.0,0.1,0.8,point_selection_balanced,True,INLP::rank=8,INLP,0.0,True,False,True,False,False,True
learning_curve|Waterbirds|seed=12|fraction=0.1|gamma=1|tau=0.1|lambda=0.8,learning_curve,Waterbirds,12,0.1,118,1.0,0.1,0.8,vera_balanced_iut,False,,,0.0,True,NA,False,False,False,True
learning_curve|Waterbirds|seed=12|fraction=0.1|gamma=1|tau=0.1|lambda=0.8,learning_curve,Waterbirds,12,0.1,118,1.0,0.1,0.8,vera_balanced_envelope,False,,,0.0,True,NA,False,False,False,True
learning_curve|Waterbirds|seed=12|fraction=0.1|gamma=1|tau=0.1|lambda=0.8,learning_curve,Waterbirds,12,0.1,118,1.0,0.1,0.8,external_balanced_oracle,True,INLP::rank=2,INLP,0.0,True,True,False,False,False,True
learning_curve|Waterbirds|seed=12|fraction=0.1|gamma=1|tau=0.2|lambda=0.6,learning_curve,Waterbirds,12,0.1,118,1.0,0.2,0.6,always_deploy_balanced,True,INLP::rank=8,INLP,0.0,True,False,True,False,False,True
learning_curve|Waterbirds|seed=12|fraction=0.1|gamma=1|tau=0.2|lambda=0.6,learning_curve,Waterbirds,12,0.1,118,1.0,0.2,0.6,point_selection_balanced,False,,,0.0,True,NA,False,False,False,True
learning_curve|Waterbirds|seed=12|fraction=0.1|gamma=1|tau=0.2|lambda=0.6,learning_curve,Waterbirds,12,0.1,118,1.0,0.2,0.6,vera_balanced_iut,False,,,0.0,True,NA,False,False,False,True
learning_curve|Waterbirds|seed=12|fraction=0.1|gamma=1|tau=0.2|lambda=0.6,learning_curve,Waterbirds,12,0.1,118,1.0,0.2,0.6,vera_balanced_envelope,False,,,0.0,True,NA,False,False,False,True
learning_curve|Waterbirds|seed=12|fraction=0.1|gamma=1|tau=0.2|lambda=0.6,learning_curve,Waterbirds,12,0.1,118,1.0,0.2,0.6,external_balanced_oracle,False,,,0.0,True,NA,False,False,False,True
learning_curve|Waterbirds|seed=12|fraction=0.1|gamma=1|tau=0.2|lambda=0.7,learning_curve,Waterbirds,12,0.1,118,1.0,0.2,0.7,always_deploy_balanced,True,INLP::rank=8,INLP,0.0,True,True,False,False,False,True
learning_curve|Waterbirds|seed=12|fraction=0.1|gamma=1|tau=0.2|lambda=0.7,learning_curve,Waterbirds,12,0.1,118,1.0,0.2,0.7,point_selection_balanced,False,,,0.0,True,NA,False,False,False,True
learning_curve|Waterbirds|seed=12|fraction=0.1|gamma=1|tau=0.2|lambda=0.7,learning_curve,Waterbirds,12,0.1,118,1.0,0.2,0.7,vera_balanced_iut,False,,,0.0,True,NA,False,False,False,True
learning_curve|Waterbirds|seed=12|fraction=0.1|gamma=1|tau=0.2|lambda=0.7,learning_curve,Waterbirds,12,0.1,118,1.0,0.2,0.7,vera_balanced_envelope,False,,,0.0,True,NA,False,False,False,True
learning_curve|Waterbirds|seed=12|fraction=0.1|gamma=1|tau=0.2|lambda=0.7,learning_curve,Waterbirds,12,0.1,118,1.0,0.2,0.7,external_balanced_oracle,True,INLP::rank=8,INLP,0.0,True,True,False,False,False,True
learning_curve|Waterbirds|seed=12|fraction=0.1|gamma=1|tau=0.2|lambda=0.8,learning_curve,Waterbirds,12,0.1,118,1.0,0.2,0.8,always_deploy_balanced,True,INLP::rank=8,INLP,0.0,True,True,False,False,False,True
learning_curve|Waterbirds|seed=12|fraction=0.1|gamma=1|tau=0.2|lambda=0.8,learning_curve,Waterbirds,12,0.1,118,1.0,0.2,0.8,point_selection_balanced,True,INLP::rank=8,INLP,0.0,True,True,False,False,False,True
learning_curve|Waterbirds|seed=12|fraction=0.1|gamma=1|tau=0.2|lambda=0.8,learning_curve,Waterbirds,12,0.1,118,1.0,0.2,0.8,vera_balanced_iut,False,,,0.0,True,NA,False,False,False,True
learning_curve|Waterbirds|seed=12|fraction=0.1|gamma=1|tau=0.2|lambda=0.8,learning_curve,Waterbirds,12,0.1,118,1.0,0.2,0.8,vera_balanced_envelope,False,,,0.0,True,NA,False,False,False,True
learning_curve|Waterbirds|seed=12|fraction=0.1|gamma=1|tau=0.2|lambda=0.8,learning_curve,Waterbirds,12,0.1,118,1.0,0.2,0.8,external_balanced_oracle,True,INLP::rank=8,INLP,0.0,True,True,False,False,False,True
learning_curve|Waterbirds|seed=12|fraction=0.25|gamma=1|tau=0.05|lambda=0.6,learning_curve,Waterbirds,12,0.25,298,1.0,0.05,0.6,always_deploy_balanced,True,INLP::rank=4,INLP,0.0,True,False,True,False,False,True
learning_curve|Waterbirds|seed=12|fraction=0.25|gamma=1|tau=0.05|lambda=0.6,learning_curve,Waterbirds,12,0.25,298,1.0,0.05,0.6,point_selection_balanced,False,,,0.0,True,NA,False,False,False,True
learning_curve|Waterbirds|seed=12|fraction=0.25|gamma=1|tau=0.05|lambda=0.6,learning_curve,Waterbirds,12,0.25,298,1.0,0.05,0.6,vera_balanced_iut,False,,,0.0,True,NA,False,False,False,True
learning_curve|Waterbirds|seed=12|fraction=0.25|gamma=1|tau=0.05|lambda=0.6,learning_curve,Waterbirds,12,0.25,298,1.0,0.05,0.6,vera_balanced_envelope,False,,,0.0,True,NA,False,False,False,True
learning_curve|Waterbirds|seed=12|fraction=0.25|gamma=1|tau=0.05|lambda=0.6,learning_curve,Waterbirds,12,0.25,298,1.0,0.05,0.6,external_balanced_oracle,False,,,0.0,True,NA,False,False,False,True
learning_curve|Waterbirds|seed=12|fraction=0.25|gamma=1|tau=0.05|lambda=0.7,learning_curve,Waterbirds,12,0.25,298,1.0,0.05,0.7,always_deploy_balanced,True,INLP::rank=4,INLP,0.0,True,False,True,False,False,True
learning_curve|Waterbirds|seed=12|fraction=0.25|gamma=1|tau=0.05|lambda=0.7,learning_curve,Waterbirds,12,0.25,298,1.0,0.05,0.7,point_selection_balanced,False,,,0.0,True,NA,False,False,False,True
learning_curve|Waterbirds|seed=12|fraction=0.25|gamma=1|tau=0.05|lambda=0.7,learning_curve,Waterbirds,12,0.25,298,1.0,0.05,0.7,vera_balanced_iut,False,,,0.0,True,NA,False,False,False,True
learning_curve|Waterbirds|seed=12|fraction=0.25|gamma=1|tau=0.05|lambda=0.7,learning_curve,Waterbirds,12,0.25,298,1.0,0.05,0.7,vera_balanced_envelope,False,,,0.0,True,NA,False,False,False,True
learning_curve|Waterbirds|seed=12|fraction=0.25|gamma=1|tau=0.05|lambda=0.7,learning_curve,Waterbirds,12,0.25,298,1.0,0.05,0.7,external_balanced_oracle,False,,,0.0,True,NA,False,False,False,True
learning_curve|Waterbirds|seed=12|fraction=0.25|gamma=1|tau=0.05|lambda=0.8,learning_curve,Waterbirds,12,0.25,298,1.0,0.05,0.8,always_deploy_balanced,True,INLP::rank=4,INLP,0.0,True,False,True,False,False,True
learning_curve|Waterbirds|seed=12|fraction=0.25|gamma=1|tau=0.05|lambda=0.8,learning_curve,Waterbirds,12,0.25,298,1.0,0.05,0.8,point_selection_balanced,False,,,0.0,True,NA,False,False,False,True
learning_curve|Waterbirds|seed=12|fraction=0.25|gamma=1|tau=0.05|lambda=0.8,learning_curve,Waterbirds,12,0.25,298,1.0,0.05,0.8,vera_balanced_iut,False,,,0.0,True,NA,False,False,False,True
learning_curve|Waterbirds|seed=12|fraction=0.25|gamma=1|tau=0.05|lambda=0.8,learning_curve,Waterbirds,12,0.25,298,1.0,0.05,0.8,vera_balanced_envelope,False,,,0.0,True,NA,False,False,False,True
learning_curve|Waterbirds|seed=12|fraction=0.25|gamma=1|tau=0.05|lambda=0.8,learning_curve,Waterbirds,12,0.25,298,1.0,0.05,0.8,external_balanced_oracle,True,INLP::rank=2,INLP,0.0,True,True,False,False,False,True
learning_curve|Waterbirds|seed=12|fraction=0.25|gamma=1|tau=0.1|lambda=0.6,learning_curve,Waterbirds,12,0.25,298,1.0,0.1,0.6,always_deploy_balanced,True,INLP::rank=4,INLP,0.0,True,False,True,False,False,True
learning_curve|Waterbirds|seed=12|fraction=0.25|gamma=1|tau=0.1|lambda=0.6,learning_curve,Waterbirds,12,0.25,298,1.0,0.1,0.6,point_selection_balanced,False,,,0.0,True,NA,False,False,False,True
learning_curve|Waterbirds|seed=12|fraction=0.25|gamma=1|tau=0.1|lambda=0.6,learning_curve,Waterbirds,12,0.25,298,1.0,0.1,0.6,vera_balanced_iut,False,,,0.0,True,NA,False,False,False,True
learning_curve|Waterbirds|seed=12|fraction=0.25|gamma=1|tau=0.1|lambda=0.6,learning_curve,Waterbirds,12,0.25,298,1.0,0.1,0.6,vera_balanced_envelope,False,,,0.0,True,NA,False,False,False,True
learning_curve|Waterbirds|seed=12|fraction=0.25|gamma=1|tau=0.1|lambda=0.6,learning_curve,Waterbirds,12,0.25,298,1.0,0.1,0.6,external_balanced_oracle,False,,,0.0,True,NA,False,False,False,True
learning_curve|Waterbirds|seed=12|fraction=0.25|gamma=1|tau=0.1|lambda=0.7,learning_curve,Waterbirds,12,0.25,298,1.0,0.1,0.7,always_deploy_balanced,True,INLP::rank=4,INLP,0.0,True,False,True,False,False,True
learning_curve|Waterbirds|seed=12|fraction=0.25|gamma=1|tau=0.1|lambda=0.7,learning_curve,Waterbirds,12,0.25,298,1.0,0.1,0.7,point_selection_balanced,True,INLP::rank=4,INLP,0.0,True,False,True,False,False,True
learning_curve|Waterbirds|seed=12|fraction=0.25|gamma=1|tau=0.1|lambda=0.7,learning_curve,Waterbirds,12,0.25,298,1.0,0.1,0.7,vera_balanced_iut,False,,,0.0,True,NA,False,False,False,True
learning_curve|Waterbirds|seed=12|fraction=0.25|gamma=1|tau=0.1|lambda=0.7,learning_curve,Waterbirds,12,0.25,298,1.0,0.1,0.7,vera_balanced_envelope,False,,,0.0,True,NA,False,False,False,True
learning_curve|Waterbirds|seed=12|fraction=0.25|gamma=1|tau=0.1|lambda=0.7,learning_curve,Waterbirds,12,0.25,298,1.0,0.1,0.7,external_balanced_oracle,False,,,0.0,True,NA,False,False,False,True
learning_curve|Waterbirds|seed=12|fraction=0.25|gamma=1|tau=0.1|lambda=0.8,learning_curve,Waterbirds,12,0.25,298,1.0,0.1,0.8,always_deploy_balanced,True,INLP::rank=4,INLP,0.0,True,False,True,False,False,True
learning_curve|Waterbirds|seed=12|fraction=0.25|gamma=1|tau=0.1|lambda=0.8,learning_curve,Waterbirds,12,0.25,298,1.0,0.1,0.8,point_selection_balanced,True,INLP::rank=4,INLP,0.0,True,False,True,False,False,True
learning_curve|Waterbirds|seed=12|fraction=0.25|gamma=1|tau=0.1|lambda=0.8,learning_curve,Waterbirds,12,0.25,298,1.0,0.1,0.8,vera_balanced_iut,False,,,0.0,True,NA,False,False,False,True
learning_curve|Waterbirds|seed=12|fraction=0.25|gamma=1|tau=0.1|lambda=0.8,learning_curve,Waterbirds,12,0.25,298,1.0,0.1,0.8,vera_balanced_envelope,False,,,0.0,True,NA,False,False,False,True
learning_curve|Waterbirds|seed=12|fraction=0.25|gamma=1|tau=0.1|lambda=0.8,learning_curve,Waterbirds,12,0.25,298,1.0,0.1,0.8,external_balanced_oracle,True,INLP::rank=2,INLP,0.0,True,True,False,False,False,True
learning_curve|Waterbirds|seed=12|fraction=0.25|gamma=1|tau=0.2|lambda=0.6,learning_curve,Waterbirds,12,0.25,298,1.0,0.2,0.6,always_deploy_balanced,True,INLP::rank=4,INLP,0.0,True,False,True,False,False,True
learning_curve|Waterbirds|seed=12|fraction=0.25|gamma=1|tau=0.2|lambda=0.6,learning_curve,Waterbirds,12,0.25,298,1.0,0.2,0.6,point_selection_balanced,False,,,0.0,True,NA,False,False,False,True
learning_curve|Waterbirds|seed=12|fraction=0.25|gamma=1|tau=0.2|lambda=0.6,learning_curve,Waterbirds,12,0.25,298,1.0,0.2,0.6,vera_balanced_iut,False,,,0.0,True,NA,False,False,False,True
learning_curve|Waterbirds|seed=12|fraction=0.25|gamma=1|tau=0.2|lambda=0.6,learning_curve,Waterbirds,12,0.25,298,1.0,0.2,0.6,vera_balanced_envelope,False,,,0.0,True,NA,False,False,False,True
learning_curve|Waterbirds|seed=12|fraction=0.25|gamma=1|tau=0.2|lambda=0.6,learning_curve,Waterbirds,12,0.25,298,1.0,0.2,0.6,external_balanced_oracle,False,,,0.0,True,NA,False,False,False,True
learning_curve|Waterbirds|seed=12|fraction=0.25|gamma=1|tau=0.2|lambda=0.7,learning_curve,Waterbirds,12,0.25,298,1.0,0.2,0.7,always_deploy_balanced,True,INLP::rank=4,INLP,0.0,True,True,False,False,False,True
learning_curve|Waterbirds|seed=12|fraction=0.25|gamma=1|tau=0.2|lambda=0.7,learning_curve,Waterbirds,12,0.25,298,1.0,0.2,0.7,point_selection_balanced,True,INLP::rank=4,INLP,0.0,True,True,False,False,False,True
learning_curve|Waterbirds|seed=12|fraction=0.25|gamma=1|tau=0.2|lambda=0.7,learning_curve,Waterbirds,12,0.25,298,1.0,0.2,0.7,vera_balanced_iut,False,,,0.0,True,NA,False,False,False,True
learning_curve|Waterbirds|seed=12|fraction=0.25|gamma=1|tau=0.2|lambda=0.7,learning_curve,Waterbirds,12,0.25,298,1.0,0.2,0.7,vera_balanced_envelope,False,,,0.0,True,NA,False,False,False,True
learning_curve|Waterbirds|seed=12|fraction=0.25|gamma=1|tau=0.2|lambda=0.7,learning_curve,Waterbirds,12,0.25,298,1.0,0.2,0.7,external_balanced_oracle,True,INLP::rank=4,INLP,0.0,True,True,False,False,False,True
learning_curve|Waterbirds|seed=12|fraction=0.25|gamma=1|tau=0.2|lambda=0.8,learning_curve,Waterbirds,12,0.25,298,1.0,0.2,0.8,always_deploy_balanced,True,INLP::rank=4,INLP,0.0,True,True,False,False,False,True
learning_curve|Waterbirds|seed=12|fraction=0.25|gamma=1|tau=0.2|lambda=0.8,learning_curve,Waterbirds,12,0.25,298,1.0,0.2,0.8,point_selection_balanced,True,INLP::rank=4,INLP,0.0,True,True,False,False,False,True
learning_curve|Waterbirds|seed=12|fraction=0.25|gamma=1|tau=0.2|lambda=0.8,learning_curve,Waterbirds,12,0.25,298,1.0,0.2,0.8,vera_balanced_iut,False,,,0.0,True,NA,False,False,False,True
learning_curve|Waterbirds|seed=12|fraction=0.25|gamma=1|tau=0.2|lambda=0.8,learning_curve,Waterbirds,12,0.25,298,1.0,0.2,0.8,vera_balanced_envelope,False,,,0.0,True,NA,False,False,False,True
learning_curve|Waterbirds|seed=12|fraction=0.25|gamma=1|tau=0.2|lambda=0.8,learning_curve,Waterbirds,12,0.25,298,1.0,0.2,0.8,external_balanced_oracle,True,INLP::rank=4,INLP,0.0,True,True,False,False,False,True
learning_curve|Waterbirds|seed=12|fraction=0.5|gamma=1|tau=0.05|lambda=0.6,learning_curve,Waterbirds,12,0.5,598,1.0,0.05,0.6,always_deploy_balanced,True,INLP::rank=4,INLP,0.0,True,False,True,False,False,True
learning_curve|Waterbirds|seed=12|fraction=0.5|gamma=1|tau=0.05|lambda=0.6,learning_curve,Waterbirds,12,0.5,598,1.0,0.05,0.6,point_selection_balanced,False,,,0.0,True,NA,False,False,False,True
learning_curve|Waterbirds|seed=12|fraction=0.5|gamma=1|tau=0.05|lambda=0.6,learning_curve,Waterbirds,12,0.5,598,1.0,0.05,0.6,vera_balanced_iut,False,,,0.0,True,NA,False,False,False,True
learning_curve|Waterbirds|seed=12|fraction=0.5|gamma=1|tau=0.05|lambda=0.6,learning_curve,Waterbirds,12,0.5,598,1.0,0.05,0.6,vera_balanced_envelope,False,,,0.0,True,NA,False,False,False,True
learning_curve|Waterbirds|seed=12|fraction=0.5|gamma=1|tau=0.05|lambda=0.6,learning_curve,Waterbirds,12,0.5,598,1.0,0.05,0.6,external_balanced_oracle,False,,,0.0,True,NA,False,False,False,True
learning_curve|Waterbirds|seed=12|fraction=0.5|gamma=1|tau=0.05|lambda=0.7,learning_curve,Waterbirds,12,0.5,598,1.0,0.05,0.7,always_deploy_balanced,True,INLP::rank=4,INLP,0.0,True,False,True,False,False,True
learning_curve|Waterbirds|seed=12|fraction=0.5|gamma=1|tau=0.05|lambda=0.7,learning_curve,Waterbirds,12,0.5,598,1.0,0.05,0.7,point_selection_balanced,False,,,0.0,True,NA,False,False,False,True
learning_curve|Waterbirds|seed=12|fraction=0.5|gamma=1|tau=0.05|lambda=0.7,learning_curve,Waterbirds,12,0.5,598,1.0,0.05,0.7,vera_balanced_iut,False,,,0.0,True,NA,False,False,False,True
learning_curve|Waterbirds|seed=12|fraction=0.5|gamma=1|tau=0.05|lambda=0.7,learning_curve,Waterbirds,12,0.5,598,1.0,0.05,0.7,vera_balanced_envelope,False,,,0.0,True,NA,False,False,False,True
learning_curve|Waterbirds|seed=12|fraction=0.5|gamma=1|tau=0.05|lambda=0.7,learning_curve,Waterbirds,12,0.5,598,1.0,0.05,0.7,external_balanced_oracle,False,,,0.0,True,NA,False,False,False,True
learning_curve|Waterbirds|seed=12|fraction=0.5|gamma=1|tau=0.05|lambda=0.8,learning_curve,Waterbirds,12,0.5,598,1.0,0.05,0.8,always_deploy_balanced,True,INLP::rank=4,INLP,0.0,True,False,True,False,False,True
learning_curve|Waterbirds|seed=12|fraction=0.5|gamma=1|tau=0.05|lambda=0.8,learning_curve,Waterbirds,12,0.5,598,1.0,0.05,0.8,point_selection_balanced,False,,,0.0,True,NA,False,False,False,True
learning_curve|Waterbirds|seed=12|fraction=0.5|gamma=1|tau=0.05|lambda=0.8,learning_curve,Waterbirds,12,0.5,598,1.0,0.05,0.8,vera_balanced_iut,False,,,0.0,True,NA,False,False,False,True
learning_curve|Waterbirds|seed=12|fraction=0.5|gamma=1|tau=0.05|lambda=0.8,learning_curve,Waterbirds,12,0.5,598,1.0,0.05,0.8,vera_balanced_envelope,False,,,0.0,True,NA,False,False,False,True
learning_curve|Waterbirds|seed=12|fraction=0.5|gamma=1|tau=0.05|lambda=0.8,learning_curve,Waterbirds,12,0.5,598,1.0,0.05,0.8,external_balanced_oracle,True,INLP::rank=2,INLP,0.0,True,True,False,False,False,True
learning_curve|Waterbirds|seed=12|fraction=0.5|gamma=1|tau=0.1|lambda=0.6,learning_curve,Waterbirds,12,0.5,598,1.0,0.1,0.6,always_deploy_balanced,True,INLP::rank=4,INLP,0.0,True,False,True,False,False,True
learning_curve|Waterbirds|seed=12|fraction=0.5|gamma=1|tau=0.1|lambda=0.6,learning_curve,Waterbirds,12,0.5,598,1.0,0.1,0.6,point_selection_balanced,False,,,0.0,True,NA,False,False,False,True
learning_curve|Waterbirds|seed=12|fraction=0.5|gamma=1|tau=0.1|lambda=0.6,learning_curve,Waterbirds,12,0.5,598,1.0,0.1,0.6,vera_balanced_iut,False,,,0.0,True,NA,False,False,False,True
learning_curve|Waterbirds|seed=12|fraction=0.5|gamma=1|tau=0.1|lambda=0.6,learning_curve,Waterbirds,12,0.5,598,1.0,0.1,0.6,vera_balanced_envelope,False,,,0.0,True,NA,False,False,False,True
learning_curve|Waterbirds|seed=12|fraction=0.5|gamma=1|tau=0.1|lambda=0.6,learning_curve,Waterbirds,12,0.5,598,1.0,0.1,0.6,external_balanced_oracle,False,,,0.0,True,NA,False,False,False,True
learning_curve|Waterbirds|seed=12|fraction=0.5|gamma=1|tau=0.1|lambda=0.7,learning_curve,Waterbirds,12,0.5,598,1.0,0.1,0.7,always_deploy_balanced,True,INLP::rank=4,INLP,0.0,True,False,True,False,False,True
learning_curve|Waterbirds|seed=12|fraction=0.5|gamma=1|tau=0.1|lambda=0.7,learning_curve,Waterbirds,12,0.5,598,1.0,0.1,0.7,point_selection_balanced,True,INLP::rank=4,INLP,0.0,True,False,True,False,False,True
learning_curve|Waterbirds|seed=12|fraction=0.5|gamma=1|tau=0.1|lambda=0.7,learning_curve,Waterbirds,12,0.5,598,1.0,0.1,0.7,vera_balanced_iut,False,,,0.0,True,NA,False,False,False,True
learning_curve|Waterbirds|seed=12|fraction=0.5|gamma=1|tau=0.1|lambda=0.7,learning_curve,Waterbirds,12,0.5,598,1.0,0.1,0.7,vera_balanced_envelope,False,,,0.0,True,NA,False,False,False,True
learning_curve|Waterbirds|seed=12|fraction=0.5|gamma=1|tau=0.1|lambda=0.7,learning_curve,Waterbirds,12,0.5,598,1.0,0.1,0.7,external_balanced_oracle,False,,,0.0,True,NA,False,False,False,True
learning_curve|Waterbirds|seed=12|fraction=0.5|gamma=1|tau=0.1|lambda=0.8,learning_curve,Waterbirds,12,0.5,598,1.0,0.1,0.8,always_deploy_balanced,True,INLP::rank=4,INLP,0.0,True,False,True,False,False,True
learning_curve|Waterbirds|seed=12|fraction=0.5|gamma=1|tau=0.1|lambda=0.8,learning_curve,Waterbirds,12,0.5,598,1.0,0.1,0.8,point_selection_balanced,True,INLP::rank=4,INLP,0.0,True,False,True,False,False,True
learning_curve|Waterbirds|seed=12|fraction=0.5|gamma=1|tau=0.1|lambda=0.8,learning_curve,Waterbirds,12,0.5,598,1.0,0.1,0.8,vera_balanced_iut,False,,,0.0,True,NA,False,False,False,True
learning_curve|Waterbirds|seed=12|fraction=0.5|gamma=1|tau=0.1|lambda=0.8,learning_curve,Waterbirds,12,0.5,598,1.0,0.1,0.8,vera_balanced_envelope,False,,,0.0,True,NA,False,False,False,True
learning_curve|Waterbirds|seed=12|fraction=0.5|gamma=1|tau=0.1|lambda=0.8,learning_curve,Waterbirds,12,0.5,598,1.0,0.1,0.8,external_balanced_oracle,True,INLP::rank=2,INLP,0.0,True,True,False,False,False,True
learning_curve|Waterbirds|seed=12|fraction=0.5|gamma=1|tau=0.2|lambda=0.6,learning_curve,Waterbirds,12,0.5,598,1.0,0.2,0.6,always_deploy_balanced,True,INLP::rank=4,INLP,0.0,True,False,True,False,False,True
learning_curve|Waterbirds|seed=12|fraction=0.5|gamma=1|tau=0.2|lambda=0.6,learning_curve,Waterbirds,12,0.5,598,1.0,0.2,0.6,point_selection_balanced,False,,,0.0,True,NA,False,False,False,True
learning_curve|Waterbirds|seed=12|fraction=0.5|gamma=1|tau=0.2|lambda=0.6,learning_curve,Waterbirds,12,0.5,598,1.0,0.2,0.6,vera_balanced_iut,False,,,0.0,True,NA,False,False,False,True
learning_curve|Waterbirds|seed=12|fraction=0.5|gamma=1|tau=0.2|lambda=0.6,learning_curve,Waterbirds,12,0.5,598,1.0,0.2,0.6,vera_balanced_envelope,False,,,0.0,True,NA,False,False,False,True
learning_curve|Waterbirds|seed=12|fraction=0.5|gamma=1|tau=0.2|lambda=0.6,learning_curve,Waterbirds,12,0.5,598,1.0,0.2,0.6,external_balanced_oracle,False,,,0.0,True,NA,False,False,False,True
learning_curve|Waterbirds|seed=12|fraction=0.5|gamma=1|tau=0.2|lambda=0.7,learning_curve,Waterbirds,12,0.5,598,1.0,0.2,0.7,always_deploy_balanced,True,INLP::rank=4,INLP,0.0,True,True,False,False,False,True
learning_curve|Waterbirds|seed=12|fraction=0.5|gamma=1|tau=0.2|lambda=0.7,learning_curve,Waterbirds,12,0.5,598,1.0,0.2,0.7,point_selection_balanced,True,INLP::rank=4,INLP,0.0,True,True,False,False,False,True
learning_curve|Waterbirds|seed=12|fraction=0.5|gamma=1|tau=0.2|lambda=0.7,learning_curve,Waterbirds,12,0.5,598,1.0,0.2,0.7,vera_balanced_iut,False,,,0.0,True,NA,False,False,False,True
learning_curve|Waterbirds|seed=12|fraction=0.5|gamma=1|tau=0.2|lambda=0.7,learning_curve,Waterbirds,12,0.5,598,1.0,0.2,0.7,vera_balanced_envelope,False,,,0.0,True,NA,False,False,False,True
learning_curve|Waterbirds|seed=12|fraction=0.5|gamma=1|tau=0.2|lambda=0.7,learning_curve,Waterbirds,12,0.5,598,1.0,0.2,0.7,external_balanced_oracle,True,INLP::rank=4,INLP,0.0,True,True,False,False,False,True
learning_curve|Waterbirds|seed=12|fraction=0.5|gamma=1|tau=0.2|lambda=0.8,learning_curve,Waterbirds,12,0.5,598,1.0,0.2,0.8,always_deploy_balanced,True,INLP::rank=4,INLP,1.0053939819335938,True,True,False,False,False,True
learning_curve|Waterbirds|seed=12|fraction=0.5|gamma=1|tau=0.2|lambda=0.8,learning_curve,Waterbirds,12,0.5,598,1.0,0.2,0.8,point_selection_balanced,True,INLP::rank=4,INLP,1.0053939819335938,True,True,False,False,False,True
learning_curve|Waterbirds|seed=12|fraction=0.5|gamma=1|tau=0.2|lambda=0.8,learning_curve,Waterbirds,12,0.5,598,1.0,0.2,0.8,vera_balanced_iut,True,INLP::rank=4,INLP,1.0053939819335938,True,True,False,False,False,True
learning_curve|Waterbirds|seed=12|fraction=0.5|gamma=1|tau=0.2|lambda=0.8,learning_curve,Waterbirds,12,0.5,598,1.0,0.2,0.8,vera_balanced_envelope,True,INLP::rank=4,INLP,1.0053939819335938,True,True,False,False,False,True
learning_curve|Waterbirds|seed=12|fraction=0.5|gamma=1|tau=0.2|lambda=0.8,learning_curve,Waterbirds,12,0.5,598,1.0,0.2,0.8,external_balanced_oracle,True,INLP::rank=4,INLP,1.0053939819335938,True,True,False,False,False,True
primary|Waterbirds|seed=12|fraction=1|gamma=1|tau=0.05|lambda=0.6,primary,Waterbirds,12,1.0,1199,1.0,0.05,0.6,always_deploy_balanced,True,INLP::rank=4,INLP,0.0,True,False,True,False,False,True
primary|Waterbirds|seed=12|fraction=1|gamma=1|tau=0.05|lambda=0.6,primary,Waterbirds,12,1.0,1199,1.0,0.05,0.6,point_selection_balanced,False,,,0.0,True,NA,False,False,False,True
primary|Waterbirds|seed=12|fraction=1|gamma=1|tau=0.05|lambda=0.6,primary,Waterbirds,12,1.0,1199,1.0,0.05,0.6,vera_balanced_iut,False,,,0.0,True,NA,False,False,False,True
primary|Waterbirds|seed=12|fraction=1|gamma=1|tau=0.05|lambda=0.6,primary,Waterbirds,12,1.0,1199,1.0,0.05,0.6,vera_balanced_envelope,False,,,0.0,True,NA,False,False,False,True
primary|Waterbirds|seed=12|fraction=1|gamma=1|tau=0.05|lambda=0.6,primary,Waterbirds,12,1.0,1199,1.0,0.05,0.6,external_balanced_oracle,False,,,0.0,True,NA,False,False,False,True
primary|Waterbirds|seed=12|fraction=1|gamma=1|tau=0.05|lambda=0.7,primary,Waterbirds,12,1.0,1199,1.0,0.05,0.7,always_deploy_balanced,True,INLP::rank=4,INLP,0.0,True,False,True,False,False,True
primary|Waterbirds|seed=12|fraction=1|gamma=1|tau=0.05|lambda=0.7,primary,Waterbirds,12,1.0,1199,1.0,0.05,0.7,point_selection_balanced,False,,,0.0,True,NA,False,False,False,True
primary|Waterbirds|seed=12|fraction=1|gamma=1|tau=0.05|lambda=0.7,primary,Waterbirds,12,1.0,1199,1.0,0.05,0.7,vera_balanced_iut,False,,,0.0,True,NA,False,False,False,True
primary|Waterbirds|seed=12|fraction=1|gamma=1|tau=0.05|lambda=0.7,primary,Waterbirds,12,1.0,1199,1.0,0.05,0.7,vera_balanced_envelope,False,,,0.0,True,NA,False,False,False,True
primary|Waterbirds|seed=12|fraction=1|gamma=1|tau=0.05|lambda=0.7,primary,Waterbirds,12,1.0,1199,1.0,0.05,0.7,external_balanced_oracle,False,,,0.0,True,NA,False,False,False,True
primary|Waterbirds|seed=12|fraction=1|gamma=1|tau=0.05|lambda=0.8,primary,Waterbirds,12,1.0,1199,1.0,0.05,0.8,always_deploy_balanced,True,INLP::rank=4,INLP,0.0,True,False,True,False,False,True
primary|Waterbirds|seed=12|fraction=1|gamma=1|tau=0.05|lambda=0.8,primary,Waterbirds,12,1.0,1199,1.0,0.05,0.8,point_selection_balanced,True,INLP::rank=2,INLP,0.0,True,True,False,False,False,True
primary|Waterbirds|seed=12|fraction=1|gamma=1|tau=0.05|lambda=0.8,primary,Waterbirds,12,1.0,1199,1.0,0.05,0.8,vera_balanced_iut,False,,,0.0,True,NA,False,False,False,True
primary|Waterbirds|seed=12|fraction=1|gamma=1|tau=0.05|lambda=0.8,primary,Waterbirds,12,1.0,1199,1.0,0.05,0.8,vera_balanced_envelope,False,,,0.0,True,NA,False,False,False,True
primary|Waterbirds|seed=12|fraction=1|gamma=1|tau=0.05|lambda=0.8,primary,Waterbirds,12,1.0,1199,1.0,0.05,0.8,external_balanced_oracle,True,INLP::rank=2,INLP,0.0,True,True,False,False,False,True
primary|Waterbirds|seed=12|fraction=1|gamma=1|tau=0.1|lambda=0.6,primary,Waterbirds,12,1.0,1199,1.0,0.1,0.6,always_deploy_balanced,True,INLP::rank=4,INLP,0.0,True,False,True,False,False,True
primary|Waterbirds|seed=12|fraction=1|gamma=1|tau=0.1|lambda=0.6,primary,Waterbirds,12,1.0,1199,1.0,0.1,0.6,point_selection_balanced,False,,,0.0,True,NA,False,False,False,True
primary|Waterbirds|seed=12|fraction=1|gamma=1|tau=0.1|lambda=0.6,primary,Waterbirds,12,1.0,1199,1.0,0.1,0.6,vera_balanced_iut,False,,,0.0,True,NA,False,False,False,True
primary|Waterbirds|seed=12|fraction=1|gamma=1|tau=0.1|lambda=0.6,primary,Waterbirds,12,1.0,1199,1.0,0.1,0.6,vera_balanced_envelope,False,,,0.0,True,NA,False,False,False,True
primary|Waterbirds|seed=12|fraction=1|gamma=1|tau=0.1|lambda=0.6,primary,Waterbirds,12,1.0,1199,1.0,0.1,0.6,external_balanced_oracle,False,,,0.0,True,NA,False,False,False,True
primary|Waterbirds|seed=12|fraction=1|gamma=1|tau=0.1|lambda=0.7,primary,Waterbirds,12,1.0,1199,1.0,0.1,0.7,always_deploy_balanced,True,INLP::rank=4,INLP,0.0,True,False,True,False,False,True
primary|Waterbirds|seed=12|fraction=1|gamma=1|tau=0.1|lambda=0.7,primary,Waterbirds,12,1.0,1199,1.0,0.1,0.7,point_selection_balanced,True,INLP::rank=4,INLP,0.0,True,False,True,False,False,True
primary|Waterbirds|seed=12|fraction=1|gamma=1|tau=0.1|lambda=0.7,primary,Waterbirds,12,1.0,1199,1.0,0.1,0.7,vera_balanced_iut,False,,,0.0,True,NA,False,False,False,True
primary|Waterbirds|seed=12|fraction=1|gamma=1|tau=0.1|lambda=0.7,primary,Waterbirds,12,1.0,1199,1.0,0.1,0.7,vera_balanced_envelope,False,,,0.0,True,NA,False,False,False,True
primary|Waterbirds|seed=12|fraction=1|gamma=1|tau=0.1|lambda=0.7,primary,Waterbirds,12,1.0,1199,1.0,0.1,0.7,external_balanced_oracle,False,,,0.0,True,NA,False,False,False,True
primary|Waterbirds|seed=12|fraction=1|gamma=1|tau=0.1|lambda=0.8,primary,Waterbirds,12,1.0,1199,1.0,0.1,0.8,always_deploy_balanced,True,INLP::rank=4,INLP,0.0,True,False,True,False,False,True
primary|Waterbirds|seed=12|fraction=1|gamma=1|tau=0.1|lambda=0.8,primary,Waterbirds,12,1.0,1199,1.0,0.1,0.8,point_selection_balanced,True,INLP::rank=4,INLP,0.0,True,False,True,False,False,True
primary|Waterbirds|seed=12|fraction=1|gamma=1|tau=0.1|lambda=0.8,primary,Waterbirds,12,1.0,1199,1.0,0.1,0.8,vera_balanced_iut,True,INLP::rank=2,INLP,0.0,True,True,False,False,False,True
primary|Waterbirds|seed=12|fraction=1|gamma=1|tau=0.1|lambda=0.8,primary,Waterbirds,12,1.0,1199,1.0,0.1,0.8,vera_balanced_envelope,False,,,0.0,True,NA,False,False,False,True
primary|Waterbirds|seed=12|fraction=1|gamma=1|tau=0.1|lambda=0.8,primary,Waterbirds,12,1.0,1199,1.0,0.1,0.8,external_balanced_oracle,True,INLP::rank=2,INLP,0.0,True,True,False,False,False,True
primary|Waterbirds|seed=12|fraction=1|gamma=1|tau=0.2|lambda=0.6,primary,Waterbirds,12,1.0,1199,1.0,0.2,0.6,always_deploy_balanced,True,INLP::rank=4,INLP,0.0,True,False,True,False,False,True
primary|Waterbirds|seed=12|fraction=1|gamma=1|tau=0.2|lambda=0.6,primary,Waterbirds,12,1.0,1199,1.0,0.2,0.6,point_selection_balanced,False,,,0.0,True,NA,False,False,False,True
primary|Waterbirds|seed=12|fraction=1|gamma=1|tau=0.2|lambda=0.6,primary,Waterbirds,12,1.0,1199,1.0,0.2,0.6,vera_balanced_iut,False,,,0.0,True,NA,False,False,False,True
primary|Waterbirds|seed=12|fraction=1|gamma=1|tau=0.2|lambda=0.6,primary,Waterbirds,12,1.0,1199,1.0,0.2,0.6,vera_balanced_envelope,False,,,0.0,True,NA,False,False,False,True
primary|Waterbirds|seed=12|fraction=1|gamma=1|tau=0.2|lambda=0.6,primary,Waterbirds,12,1.0,1199,1.0,0.2,0.6,external_balanced_oracle,False,,,0.0,True,NA,False,False,False,True
primary|Waterbirds|seed=12|fraction=1|gamma=1|tau=0.2|lambda=0.7,primary,Waterbirds,12,1.0,1199,1.0,0.2,0.7,always_deploy_balanced,True,INLP::rank=4,INLP,0.0,True,True,False,False,False,True
primary|Waterbirds|seed=12|fraction=1|gamma=1|tau=0.2|lambda=0.7,primary,Waterbirds,12,1.0,1199,1.0,0.2,0.7,point_selection_balanced,True,INLP::rank=4,INLP,0.0,True,True,False,False,False,True
primary|Waterbirds|seed=12|fraction=1|gamma=1|tau=0.2|lambda=0.7,primary,Waterbirds,12,1.0,1199,1.0,0.2,0.7,vera_balanced_iut,False,,,0.0,True,NA,False,False,False,True
primary|Waterbirds|seed=12|fraction=1|gamma=1|tau=0.2|lambda=0.7,primary,Waterbirds,12,1.0,1199,1.0,0.2,0.7,vera_balanced_envelope,False,,,0.0,True,NA,False,False,False,True
primary|Waterbirds|seed=12|fraction=1|gamma=1|tau=0.2|lambda=0.7,primary,Waterbirds,12,1.0,1199,1.0,0.2,0.7,external_balanced_oracle,True,INLP::rank=4,INLP,0.0,True,True,False,False,False,True
primary|Waterbirds|seed=12|fraction=1|gamma=1|tau=0.2|lambda=0.8,primary,Waterbirds,12,1.0,1199,1.0,0.2,0.8,always_deploy_balanced,True,INLP::rank=4,INLP,1.0206146240234375,True,True,False,False,False,True
primary|Waterbirds|seed=12|fraction=1|gamma=1|tau=0.2|lambda=0.8,primary,Waterbirds,12,1.0,1199,1.0,0.2,0.8,point_selection_balanced,True,INLP::rank=4,INLP,1.0206146240234375,True,True,False,False,False,True
primary|Waterbirds|seed=12|fraction=1|gamma=1|tau=0.2|lambda=0.8,primary,Waterbirds,12,1.0,1199,1.0,0.2,0.8,vera_balanced_iut,True,INLP::rank=4,INLP,1.0206146240234375,True,True,False,False,False,True
primary|Waterbirds|seed=12|fraction=1|gamma=1|tau=0.2|lambda=0.8,primary,Waterbirds,12,1.0,1199,1.0,0.2,0.8,vera_balanced_envelope,True,INLP::rank=4,INLP,1.0206146240234375,True,True,False,False,False,True
primary|Waterbirds|seed=12|fraction=1|gamma=1|tau=0.2|lambda=0.8,primary,Waterbirds,12,1.0,1199,1.0,0.2,0.8,external_balanced_oracle,True,INLP::rank=4,INLP,1.0206146240234375,True,True,False,False,False,True
shifted_sensitivity|Waterbirds|seed=12|fraction=1|gamma=1.01|tau=0.05|lambda=0.6,shifted_sensitivity,Waterbirds,12,1.0,1199,1.01,0.05,0.6,always_deploy_balanced,True,INLP::rank=4,INLP,0.0,True,False,True,False,False,True
shifted_sensitivity|Waterbirds|seed=12|fraction=1|gamma=1.01|tau=0.05|lambda=0.6,shifted_sensitivity,Waterbirds,12,1.0,1199,1.01,0.05,0.6,point_selection_balanced,False,,,0.0,True,NA,False,False,False,True
shifted_sensitivity|Waterbirds|seed=12|fraction=1|gamma=1.01|tau=0.05|lambda=0.6,shifted_sensitivity,Waterbirds,12,1.0,1199,1.01,0.05,0.6,vera_balanced_iut,False,,,0.0,True,NA,False,False,False,True
shifted_sensitivity|Waterbirds|seed=12|fraction=1|gamma=1.01|tau=0.05|lambda=0.6,shifted_sensitivity,Waterbirds,12,1.0,1199,1.01,0.05,0.6,vera_balanced_envelope,False,,,0.0,True,NA,False,False,False,True
shifted_sensitivity|Waterbirds|seed=12|fraction=1|gamma=1.01|tau=0.05|lambda=0.6,shifted_sensitivity,Waterbirds,12,1.0,1199,1.01,0.05,0.6,external_balanced_oracle,False,,,0.0,True,NA,False,False,False,True
shifted_sensitivity|Waterbirds|seed=12|fraction=1|gamma=1.01|tau=0.05|lambda=0.7,shifted_sensitivity,Waterbirds,12,1.0,1199,1.01,0.05,0.7,always_deploy_balanced,True,INLP::rank=4,INLP,0.0,True,False,True,False,False,True
shifted_sensitivity|Waterbirds|seed=12|fraction=1|gamma=1.01|tau=0.05|lambda=0.7,shifted_sensitivity,Waterbirds,12,1.0,1199,1.01,0.05,0.7,point_selection_balanced,False,,,0.0,True,NA,False,False,False,True
shifted_sensitivity|Waterbirds|seed=12|fraction=1|gamma=1.01|tau=0.05|lambda=0.7,shifted_sensitivity,Waterbirds,12,1.0,1199,1.01,0.05,0.7,vera_balanced_iut,False,,,0.0,True,NA,False,False,False,True
shifted_sensitivity|Waterbirds|seed=12|fraction=1|gamma=1.01|tau=0.05|lambda=0.7,shifted_sensitivity,Waterbirds,12,1.0,1199,1.01,0.05,0.7,vera_balanced_envelope,False,,,0.0,True,NA,False,False,False,True
shifted_sensitivity|Waterbirds|seed=12|fraction=1|gamma=1.01|tau=0.05|lambda=0.7,shifted_sensitivity,Waterbirds,12,1.0,1199,1.01,0.05,0.7,external_balanced_oracle,False,,,0.0,True,NA,False,False,False,True
shifted_sensitivity|Waterbirds|seed=12|fraction=1|gamma=1.01|tau=0.05|lambda=0.8,shifted_sensitivity,Waterbirds,12,1.0,1199,1.01,0.05,0.8,always_deploy_balanced,True,INLP::rank=4,INLP,0.0,True,False,True,False,False,True
shifted_sensitivity|Waterbirds|seed=12|fraction=1|gamma=1.01|tau=0.05|lambda=0.8,shifted_sensitivity,Waterbirds,12,1.0,1199,1.01,0.05,0.8,point_selection_balanced,True,INLP::rank=2,INLP,0.0,True,True,False,False,False,True
shifted_sensitivity|Waterbirds|seed=12|fraction=1|gamma=1.01|tau=0.05|lambda=0.8,shifted_sensitivity,Waterbirds,12,1.0,1199,1.01,0.05,0.8,vera_balanced_iut,False,,,0.0,True,NA,False,False,False,True
shifted_sensitivity|Waterbirds|seed=12|fraction=1|gamma=1.01|tau=0.05|lambda=0.8,shifted_sensitivity,Waterbirds,12,1.0,1199,1.01,0.05,0.8,vera_balanced_envelope,False,,,0.0,True,NA,False,False,False,True
shifted_sensitivity|Waterbirds|seed=12|fraction=1|gamma=1.01|tau=0.05|lambda=0.8,shifted_sensitivity,Waterbirds,12,1.0,1199,1.01,0.05,0.8,external_balanced_oracle,True,INLP::rank=2,INLP,0.0,True,True,False,False,False,True
shifted_sensitivity|Waterbirds|seed=12|fraction=1|gamma=1.01|tau=0.1|lambda=0.6,shifted_sensitivity,Waterbirds,12,1.0,1199,1.01,0.1,0.6,always_deploy_balanced,True,INLP::rank=4,INLP,0.0,True,False,True,False,False,True
shifted_sensitivity|Waterbirds|seed=12|fraction=1|gamma=1.01|tau=0.1|lambda=0.6,shifted_sensitivity,Waterbirds,12,1.0,1199,1.01,0.1,0.6,point_selection_balanced,False,,,0.0,True,NA,False,False,False,True
shifted_sensitivity|Waterbirds|seed=12|fraction=1|gamma=1.01|tau=0.1|lambda=0.6,shifted_sensitivity,Waterbirds,12,1.0,1199,1.01,0.1,0.6,vera_balanced_iut,False,,,0.0,True,NA,False,False,False,True
shifted_sensitivity|Waterbirds|seed=12|fraction=1|gamma=1.01|tau=0.1|lambda=0.6,shifted_sensitivity,Waterbirds,12,1.0,1199,1.01,0.1,0.6,vera_balanced_envelope,False,,,0.0,True,NA,False,False,False,True
shifted_sensitivity|Waterbirds|seed=12|fraction=1|gamma=1.01|tau=0.1|lambda=0.6,shifted_sensitivity,Waterbirds,12,1.0,1199,1.01,0.1,0.6,external_balanced_oracle,False,,,0.0,True,NA,False,False,False,True
shifted_sensitivity|Waterbirds|seed=12|fraction=1|gamma=1.01|tau=0.1|lambda=0.7,shifted_sensitivity,Waterbirds,12,1.0,1199,1.01,0.1,0.7,always_deploy_balanced,True,INLP::rank=4,INLP,0.0,True,False,True,False,False,True
shifted_sensitivity|Waterbirds|seed=12|fraction=1|gamma=1.01|tau=0.1|lambda=0.7,shifted_sensitivity,Waterbirds,12,1.0,1199,1.01,0.1,0.7,point_selection_balanced,True,INLP::rank=4,INLP,0.0,True,False,True,False,False,True
shifted_sensitivity|Waterbirds|seed=12|fraction=1|gamma=1.01|tau=0.1|lambda=0.7,shifted_sensitivity,Waterbirds,12,1.0,1199,1.01,0.1,0.7,vera_balanced_iut,False,,,0.0,True,NA,False,False,False,True
shifted_sensitivity|Waterbirds|seed=12|fraction=1|gamma=1.01|tau=0.1|lambda=0.7,shifted_sensitivity,Waterbirds,12,1.0,1199,1.01,0.1,0.7,vera_balanced_envelope,False,,,0.0,True,NA,False,False,False,True
shifted_sensitivity|Waterbirds|seed=12|fraction=1|gamma=1.01|tau=0.1|lambda=0.7,shifted_sensitivity,Waterbirds,12,1.0,1199,1.01,0.1,0.7,external_balanced_oracle,False,,,0.0,True,NA,False,False,False,True
shifted_sensitivity|Waterbirds|seed=12|fraction=1|gamma=1.01|tau=0.1|lambda=0.8,shifted_sensitivity,Waterbirds,12,1.0,1199,1.01,0.1,0.8,always_deploy_balanced,True,INLP::rank=4,INLP,0.0,True,False,True,False,False,True
shifted_sensitivity|Waterbirds|seed=12|fraction=1|gamma=1.01|tau=0.1|lambda=0.8,shifted_sensitivity,Waterbirds,12,1.0,1199,1.01,0.1,0.8,point_selection_balanced,True,INLP::rank=4,INLP,0.0,True,False,True,False,False,True
shifted_sensitivity|Waterbirds|seed=12|fraction=1|gamma=1.01|tau=0.1|lambda=0.8,shifted_sensitivity,Waterbirds,12,1.0,1199,1.01,0.1,0.8,vera_balanced_iut,False,,,0.0,True,NA,False,False,False,True
shifted_sensitivity|Waterbirds|seed=12|fraction=1|gamma=1.01|tau=0.1|lambda=0.8,shifted_sensitivity,Waterbirds,12,1.0,1199,1.01,0.1,0.8,vera_balanced_envelope,False,,,0.0,True,NA,False,False,False,True
shifted_sensitivity|Waterbirds|seed=12|fraction=1|gamma=1.01|tau=0.1|lambda=0.8,shifted_sensitivity,Waterbirds,12,1.0,1199,1.01,0.1,0.8,external_balanced_oracle,True,INLP::rank=2,INLP,0.0,True,True,False,False,False,True
shifted_sensitivity|Waterbirds|seed=12|fraction=1|gamma=1.01|tau=0.2|lambda=0.6,shifted_sensitivity,Waterbirds,12,1.0,1199,1.01,0.2,0.6,always_deploy_balanced,True,INLP::rank=4,INLP,0.0,True,False,True,False,False,True
shifted_sensitivity|Waterbirds|seed=12|fraction=1|gamma=1.01|tau=0.2|lambda=0.6,shifted_sensitivity,Waterbirds,12,1.0,1199,1.01,0.2,0.6,point_selection_balanced,False,,,0.0,True,NA,False,False,False,True
shifted_sensitivity|Waterbirds|seed=12|fraction=1|gamma=1.01|tau=0.2|lambda=0.6,shifted_sensitivity,Waterbirds,12,1.0,1199,1.01,0.2,0.6,vera_balanced_iut,False,,,0.0,True,NA,False,False,False,True
shifted_sensitivity|Waterbirds|seed=12|fraction=1|gamma=1.01|tau=0.2|lambda=0.6,shifted_sensitivity,Waterbirds,12,1.0,1199,1.01,0.2,0.6,vera_balanced_envelope,False,,,0.0,True,NA,False,False,False,True
shifted_sensitivity|Waterbirds|seed=12|fraction=1|gamma=1.01|tau=0.2|lambda=0.6,shifted_sensitivity,Waterbirds,12,1.0,1199,1.01,0.2,0.6,external_balanced_oracle,False,,,0.0,True,NA,False,False,False,True
shifted_sensitivity|Waterbirds|seed=12|fraction=1|gamma=1.01|tau=0.2|lambda=0.7,shifted_sensitivity,Waterbirds,12,1.0,1199,1.01,0.2,0.7,always_deploy_balanced,True,INLP::rank=4,INLP,0.0,True,True,False,False,False,True
shifted_sensitivity|Waterbirds|seed=12|fraction=1|gamma=1.01|tau=0.2|lambda=0.7,shifted_sensitivity,Waterbirds,12,1.0,1199,1.01,0.2,0.7,point_selection_balanced,True,INLP::rank=4,INLP,0.0,True,True,False,False,False,True
shifted_sensitivity|Waterbirds|seed=12|fraction=1|gamma=1.01|tau=0.2|lambda=0.7,shifted_sensitivity,Waterbirds,12,1.0,1199,1.01,0.2,0.7,vera_balanced_iut,False,,,0.0,True,NA,False,False,False,True
shifted_sensitivity|Waterbirds|seed=12|fraction=1|gamma=1.01|tau=0.2|lambda=0.7,shifted_sensitivity,Waterbirds,12,1.0,1199,1.01,0.2,0.7,vera_balanced_envelope,False,,,0.0,True,NA,False,False,False,True
shifted_sensitivity|Waterbirds|seed=12|fraction=1|gamma=1.01|tau=0.2|lambda=0.7,shifted_sensitivity,Waterbirds,12,1.0,1199,1.01,0.2,0.7,external_balanced_oracle,True,INLP::rank=4,INLP,0.0,True,True,False,False,False,True
shifted_sensitivity|Waterbirds|seed=12|fraction=1|gamma=1.01|tau=0.2|lambda=0.8,shifted_sensitivity,Waterbirds,12,1.0,1199,1.01,0.2,0.8,always_deploy_balanced,True,INLP::rank=4,INLP,1.0206146240234375,True,True,False,False,False,True
shifted_sensitivity|Waterbirds|seed=12|fraction=1|gamma=1.01|tau=0.2|lambda=0.8,shifted_sensitivity,Waterbirds,12,1.0,1199,1.01,0.2,0.8,point_selection_balanced,True,INLP::rank=4,INLP,1.0206146240234375,True,True,False,False,False,True
shifted_sensitivity|Waterbirds|seed=12|fraction=1|gamma=1.01|tau=0.2|lambda=0.8,shifted_sensitivity,Waterbirds,12,1.0,1199,1.01,0.2,0.8,vera_balanced_iut,True,INLP::rank=4,INLP,1.0206146240234375,True,True,False,False,False,True
shifted_sensitivity|Waterbirds|seed=12|fraction=1|gamma=1.01|tau=0.2|lambda=0.8,shifted_sensitivity,Waterbirds,12,1.0,1199,1.01,0.2,0.8,vera_balanced_envelope,True,INLP::rank=4,INLP,1.0206146240234375,True,True,False,False,False,True
shifted_sensitivity|Waterbirds|seed=12|fraction=1|gamma=1.01|tau=0.2|lambda=0.8,shifted_sensitivity,Waterbirds,12,1.0,1199,1.01,0.2,0.8,external_balanced_oracle,True,INLP::rank=4,INLP,1.0206146240234375,True,True,False,False,False,True
learning_curve|Camelyon17-WILDS|seed=5|fraction=0.05|gamma=1|tau=0.05|lambda=0.6,learning_curve,Camelyon17-WILDS,5,0.05,396,1.0,0.05,0.6,always_deploy_balanced,True,TaCo::components_removed=5,TaCo,0.0,False,NA,False,True,False,True
learning_curve|Camelyon17-WILDS|seed=5|fraction=0.05|gamma=1|tau=0.05|lambda=0.6,learning_curve,Camelyon17-WILDS,5,0.05,396,1.0,0.05,0.6,point_selection_balanced,False,,,0.0,False,NA,False,False,False,True
learning_curve|Camelyon17-WILDS|seed=5|fraction=0.05|gamma=1|tau=0.05|lambda=0.6,learning_curve,Camelyon17-WILDS,5,0.05,396,1.0,0.05,0.6,vera_balanced_iut,False,,,0.0,False,NA,False,False,True,True
learning_curve|Camelyon17-WILDS|seed=5|fraction=0.05|gamma=1|tau=0.05|lambda=0.6,learning_curve,Camelyon17-WILDS,5,0.05,396,1.0,0.05,0.6,vera_balanced_envelope,False,,,0.0,False,NA,False,False,True,True
learning_curve|Camelyon17-WILDS|seed=5|fraction=0.05|gamma=1|tau=0.05|lambda=0.6,learning_curve,Camelyon17-WILDS,5,0.05,396,1.0,0.05,0.6,external_balanced_oracle,False,,,0.0,False,NA,False,False,False,True
learning_curve|Camelyon17-WILDS|seed=5|fraction=0.05|gamma=1|tau=0.05|lambda=0.7,learning_curve,Camelyon17-WILDS,5,0.05,396,1.0,0.05,0.7,always_deploy_balanced,True,TaCo::components_removed=5,TaCo,0.0,False,NA,False,True,False,True
learning_curve|Camelyon17-WILDS|seed=5|fraction=0.05|gamma=1|tau=0.05|lambda=0.7,learning_curve,Camelyon17-WILDS,5,0.05,396,1.0,0.05,0.7,point_selection_balanced,False,,,0.0,False,NA,False,False,False,True
learning_curve|Camelyon17-WILDS|seed=5|fraction=0.05|gamma=1|tau=0.05|lambda=0.7,learning_curve,Camelyon17-WILDS,5,0.05,396,1.0,0.05,0.7,vera_balanced_iut,False,,,0.0,False,NA,False,False,True,True
learning_curve|Camelyon17-WILDS|seed=5|fraction=0.05|gamma=1|tau=0.05|lambda=0.7,learning_curve,Camelyon17-WILDS,5,0.05,396,1.0,0.05,0.7,vera_balanced_envelope,False,,,0.0,False,NA,False,False,True,True
learning_curve|Camelyon17-WILDS|seed=5|fraction=0.05|gamma=1|tau=0.05|lambda=0.7,learning_curve,Camelyon17-WILDS,5,0.05,396,1.0,0.05,0.7,external_balanced_oracle,False,,,0.0,False,NA,False,False,False,True
learning_curve|Camelyon17-WILDS|seed=5|fraction=0.05|gamma=1|tau=0.05|lambda=0.8,learning_curve,Camelyon17-WILDS,5,0.05,396,1.0,0.05,0.8,always_deploy_balanced,True,TaCo::components_removed=5,TaCo,0.0,False,NA,False,True,False,True
learning_curve|Camelyon17-WILDS|seed=5|fraction=0.05|gamma=1|tau=0.05|lambda=0.8,learning_curve,Camelyon17-WILDS,5,0.05,396,1.0,0.05,0.8,point_selection_balanced,True,TaCo::components_removed=5,TaCo,0.0,False,NA,False,True,False,True
learning_curve|Camelyon17-WILDS|seed=5|fraction=0.05|gamma=1|tau=0.05|lambda=0.8,learning_curve,Camelyon17-WILDS,5,0.05,396,1.0,0.05,0.8,vera_balanced_iut,False,,,0.0,False,NA,False,False,True,True
learning_curve|Camelyon17-WILDS|seed=5|fraction=0.05|gamma=1|tau=0.05|lambda=0.8,learning_curve,Camelyon17-WILDS,5,0.05,396,1.0,0.05,0.8,vera_balanced_envelope,False,,,0.0,False,NA,False,False,True,True
learning_curve|Camelyon17-WILDS|seed=5|fraction=0.05|gamma=1|tau=0.05|lambda=0.8,learning_curve,Camelyon17-WILDS,5,0.05,396,1.0,0.05,0.8,external_balanced_oracle,False,,,0.0,False,NA,False,False,False,True
learning_curve|Camelyon17-WILDS|seed=5|fraction=0.05|gamma=1|tau=0.1|lambda=0.6,learning_curve,Camelyon17-WILDS,5,0.05,396,1.0,0.1,0.6,always_deploy_balanced,True,TaCo::components_removed=5,TaCo,0.0,False,NA,False,True,False,True
learning_curve|Camelyon17-WILDS|seed=5|fraction=0.05|gamma=1|tau=0.1|lambda=0.6,learning_curve,Camelyon17-WILDS,5,0.05,396,1.0,0.1,0.6,point_selection_balanced,False,,,0.0,False,NA,False,False,False,True
learning_curve|Camelyon17-WILDS|seed=5|fraction=0.05|gamma=1|tau=0.1|lambda=0.6,learning_curve,Camelyon17-WILDS,5,0.05,396,1.0,0.1,0.6,vera_balanced_iut,False,,,0.0,False,NA,False,False,True,True
learning_curve|Camelyon17-WILDS|seed=5|fraction=0.05|gamma=1|tau=0.1|lambda=0.6,learning_curve,Camelyon17-WILDS,5,0.05,396,1.0,0.1,0.6,vera_balanced_envelope,False,,,0.0,False,NA,False,False,True,True
learning_curve|Camelyon17-WILDS|seed=5|fraction=0.05|gamma=1|tau=0.1|lambda=0.6,learning_curve,Camelyon17-WILDS,5,0.05,396,1.0,0.1,0.6,external_balanced_oracle,False,,,0.0,False,NA,False,False,False,True
learning_curve|Camelyon17-WILDS|seed=5|fraction=0.05|gamma=1|tau=0.1|lambda=0.7,learning_curve,Camelyon17-WILDS,5,0.05,396,1.0,0.1,0.7,always_deploy_balanced,True,TaCo::components_removed=5,TaCo,0.0,False,NA,False,True,False,True
learning_curve|Camelyon17-WILDS|seed=5|fraction=0.05|gamma=1|tau=0.1|lambda=0.7,learning_curve,Camelyon17-WILDS,5,0.05,396,1.0,0.1,0.7,point_selection_balanced,False,,,0.0,False,NA,False,False,False,True
learning_curve|Camelyon17-WILDS|seed=5|fraction=0.05|gamma=1|tau=0.1|lambda=0.7,learning_curve,Camelyon17-WILDS,5,0.05,396,1.0,0.1,0.7,vera_balanced_iut,False,,,0.0,False,NA,False,False,True,True
learning_curve|Camelyon17-WILDS|seed=5|fraction=0.05|gamma=1|tau=0.1|lambda=0.7,learning_curve,Camelyon17-WILDS,5,0.05,396,1.0,0.1,0.7,vera_balanced_envelope,False,,,0.0,False,NA,False,False,True,True
learning_curve|Camelyon17-WILDS|seed=5|fraction=0.05|gamma=1|tau=0.1|lambda=0.7,learning_curve,Camelyon17-WILDS,5,0.05,396,1.0,0.1,0.7,external_balanced_oracle,False,,,0.0,False,NA,False,False,False,True
learning_curve|Camelyon17-WILDS|seed=5|fraction=0.05|gamma=1|tau=0.1|lambda=0.8,learning_curve,Camelyon17-WILDS,5,0.05,396,1.0,0.1,0.8,always_deploy_balanced,True,TaCo::components_removed=5,TaCo,0.0,False,NA,False,True,False,True
learning_curve|Camelyon17-WILDS|seed=5|fraction=0.05|gamma=1|tau=0.1|lambda=0.8,learning_curve,Camelyon17-WILDS,5,0.05,396,1.0,0.1,0.8,point_selection_balanced,True,TaCo::components_removed=5,TaCo,0.0,False,NA,False,True,False,True
learning_curve|Camelyon17-WILDS|seed=5|fraction=0.05|gamma=1|tau=0.1|lambda=0.8,learning_curve,Camelyon17-WILDS,5,0.05,396,1.0,0.1,0.8,vera_balanced_iut,False,,,0.0,False,NA,False,False,True,True
learning_curve|Camelyon17-WILDS|seed=5|fraction=0.05|gamma=1|tau=0.1|lambda=0.8,learning_curve,Camelyon17-WILDS,5,0.05,396,1.0,0.1,0.8,vera_balanced_envelope,False,,,0.0,False,NA,False,False,True,True
learning_curve|Camelyon17-WILDS|seed=5|fraction=0.05|gamma=1|tau=0.1|lambda=0.8,learning_curve,Camelyon17-WILDS,5,0.05,396,1.0,0.1,0.8,external_balanced_oracle,False,,,0.0,False,NA,False,False,False,True
learning_curve|Camelyon17-WILDS|seed=5|fraction=0.05|gamma=1|tau=0.2|lambda=0.6,learning_curve,Camelyon17-WILDS,5,0.05,396,1.0,0.2,0.6,always_deploy_balanced,True,TaCo::components_removed=5,TaCo,0.0,False,NA,False,True,False,True
learning_curve|Camelyon17-WILDS|seed=5|fraction=0.05|gamma=1|tau=0.2|lambda=0.6,learning_curve,Camelyon17-WILDS,5,0.05,396,1.0,0.2,0.6,point_selection_balanced,False,,,0.0,False,NA,False,False,False,True
learning_curve|Camelyon17-WILDS|seed=5|fraction=0.05|gamma=1|tau=0.2|lambda=0.6,learning_curve,Camelyon17-WILDS,5,0.05,396,1.0,0.2,0.6,vera_balanced_iut,False,,,0.0,False,NA,False,False,True,True
learning_curve|Camelyon17-WILDS|seed=5|fraction=0.05|gamma=1|tau=0.2|lambda=0.6,learning_curve,Camelyon17-WILDS,5,0.05,396,1.0,0.2,0.6,vera_balanced_envelope,False,,,0.0,False,NA,False,False,True,True
learning_curve|Camelyon17-WILDS|seed=5|fraction=0.05|gamma=1|tau=0.2|lambda=0.6,learning_curve,Camelyon17-WILDS,5,0.05,396,1.0,0.2,0.6,external_balanced_oracle,False,,,0.0,False,NA,False,False,False,True
learning_curve|Camelyon17-WILDS|seed=5|fraction=0.05|gamma=1|tau=0.2|lambda=0.7,learning_curve,Camelyon17-WILDS,5,0.05,396,1.0,0.2,0.7,always_deploy_balanced,True,TaCo::components_removed=5,TaCo,0.0,False,NA,False,True,False,True
learning_curve|Camelyon17-WILDS|seed=5|fraction=0.05|gamma=1|tau=0.2|lambda=0.7,learning_curve,Camelyon17-WILDS,5,0.05,396,1.0,0.2,0.7,point_selection_balanced,False,,,0.0,False,NA,False,False,False,True
learning_curve|Camelyon17-WILDS|seed=5|fraction=0.05|gamma=1|tau=0.2|lambda=0.7,learning_curve,Camelyon17-WILDS,5,0.05,396,1.0,0.2,0.7,vera_balanced_iut,False,,,0.0,False,NA,False,False,True,True
learning_curve|Camelyon17-WILDS|seed=5|fraction=0.05|gamma=1|tau=0.2|lambda=0.7,learning_curve,Camelyon17-WILDS,5,0.05,396,1.0,0.2,0.7,vera_balanced_envelope,False,,,0.0,False,NA,False,False,True,True
learning_curve|Camelyon17-WILDS|seed=5|fraction=0.05|gamma=1|tau=0.2|lambda=0.7,learning_curve,Camelyon17-WILDS,5,0.05,396,1.0,0.2,0.7,external_balanced_oracle,False,,,0.0,False,NA,False,False,False,True
learning_curve|Camelyon17-WILDS|seed=5|fraction=0.05|gamma=1|tau=0.2|lambda=0.8,learning_curve,Camelyon17-WILDS,5,0.05,396,1.0,0.2,0.8,always_deploy_balanced,True,TaCo::components_removed=5,TaCo,0.0,False,NA,False,True,False,True
learning_curve|Camelyon17-WILDS|seed=5|fraction=0.05|gamma=1|tau=0.2|lambda=0.8,learning_curve,Camelyon17-WILDS,5,0.05,396,1.0,0.2,0.8,point_selection_balanced,True,TaCo::components_removed=5,TaCo,0.0,False,NA,False,True,False,True
learning_curve|Camelyon17-WILDS|seed=5|fraction=0.05|gamma=1|tau=0.2|lambda=0.8,learning_curve,Camelyon17-WILDS,5,0.05,396,1.0,0.2,0.8,vera_balanced_iut,False,,,0.0,False,NA,False,False,True,True
learning_curve|Camelyon17-WILDS|seed=5|fraction=0.05|gamma=1|tau=0.2|lambda=0.8,learning_curve,Camelyon17-WILDS,5,0.05,396,1.0,0.2,0.8,vera_balanced_envelope,False,,,0.0,False,NA,False,False,True,True
learning_curve|Camelyon17-WILDS|seed=5|fraction=0.05|gamma=1|tau=0.2|lambda=0.8,learning_curve,Camelyon17-WILDS,5,0.05,396,1.0,0.2,0.8,external_balanced_oracle,False,,,0.0,False,NA,False,False,False,True
learning_curve|Camelyon17-WILDS|seed=5|fraction=0.1|gamma=1|tau=0.05|lambda=0.6,learning_curve,Camelyon17-WILDS,5,0.1,798,1.0,0.05,0.6,always_deploy_balanced,True,LEACE::closed_form,LEACE,0.0,False,NA,False,True,False,True
learning_curve|Camelyon17-WILDS|seed=5|fraction=0.1|gamma=1|tau=0.05|lambda=0.6,learning_curve,Camelyon17-WILDS,5,0.1,798,1.0,0.05,0.6,point_selection_balanced,False,,,0.0,False,NA,False,False,False,True
learning_curve|Camelyon17-WILDS|seed=5|fraction=0.1|gamma=1|tau=0.05|lambda=0.6,learning_curve,Camelyon17-WILDS,5,0.1,798,1.0,0.05,0.6,vera_balanced_iut,False,,,0.0,False,NA,False,False,True,True
learning_curve|Camelyon17-WILDS|seed=5|fraction=0.1|gamma=1|tau=0.05|lambda=0.6,learning_curve,Camelyon17-WILDS,5,0.1,798,1.0,0.05,0.6,vera_balanced_envelope,False,,,0.0,False,NA,False,False,True,True
learning_curve|Camelyon17-WILDS|seed=5|fraction=0.1|gamma=1|tau=0.05|lambda=0.6,learning_curve,Camelyon17-WILDS,5,0.1,798,1.0,0.05,0.6,external_balanced_oracle,False,,,0.0,False,NA,False,False,False,True
learning_curve|Camelyon17-WILDS|seed=5|fraction=0.1|gamma=1|tau=0.05|lambda=0.7,learning_curve,Camelyon17-WILDS,5,0.1,798,1.0,0.05,0.7,always_deploy_balanced,True,LEACE::closed_form,LEACE,0.0,False,NA,False,True,False,True
learning_curve|Camelyon17-WILDS|seed=5|fraction=0.1|gamma=1|tau=0.05|lambda=0.7,learning_curve,Camelyon17-WILDS,5,0.1,798,1.0,0.05,0.7,point_selection_balanced,False,,,0.0,False,NA,False,False,False,True
learning_curve|Camelyon17-WILDS|seed=5|fraction=0.1|gamma=1|tau=0.05|lambda=0.7,learning_curve,Camelyon17-WILDS,5,0.1,798,1.0,0.05,0.7,vera_balanced_iut,False,,,0.0,False,NA,False,False,True,True
learning_curve|Camelyon17-WILDS|seed=5|fraction=0.1|gamma=1|tau=0.05|lambda=0.7,learning_curve,Camelyon17-WILDS,5,0.1,798,1.0,0.05,0.7,vera_balanced_envelope,False,,,0.0,False,NA,False,False,True,True
learning_curve|Camelyon17-WILDS|seed=5|fraction=0.1|gamma=1|tau=0.05|lambda=0.7,learning_curve,Camelyon17-WILDS,5,0.1,798,1.0,0.05,0.7,external_balanced_oracle,False,,,0.0,False,NA,False,False,False,True
learning_curve|Camelyon17-WILDS|seed=5|fraction=0.1|gamma=1|tau=0.05|lambda=0.8,learning_curve,Camelyon17-WILDS,5,0.1,798,1.0,0.05,0.8,always_deploy_balanced,True,LEACE::closed_form,LEACE,0.0,False,NA,False,True,False,True
learning_curve|Camelyon17-WILDS|seed=5|fraction=0.1|gamma=1|tau=0.05|lambda=0.8,learning_curve,Camelyon17-WILDS,5,0.1,798,1.0,0.05,0.8,point_selection_balanced,True,LEACE::closed_form,LEACE,0.0,False,NA,False,True,False,True
learning_curve|Camelyon17-WILDS|seed=5|fraction=0.1|gamma=1|tau=0.05|lambda=0.8,learning_curve,Camelyon17-WILDS,5,0.1,798,1.0,0.05,0.8,vera_balanced_iut,False,,,0.0,False,NA,False,False,True,True
learning_curve|Camelyon17-WILDS|seed=5|fraction=0.1|gamma=1|tau=0.05|lambda=0.8,learning_curve,Camelyon17-WILDS,5,0.1,798,1.0,0.05,0.8,vera_balanced_envelope,False,,,0.0,False,NA,False,False,True,True
learning_curve|Camelyon17-WILDS|seed=5|fraction=0.1|gamma=1|tau=0.05|lambda=0.8,learning_curve,Camelyon17-WILDS,5,0.1,798,1.0,0.05,0.8,external_balanced_oracle,False,,,0.0,False,NA,False,False,False,True
learning_curve|Camelyon17-WILDS|seed=5|fraction=0.1|gamma=1|tau=0.1|lambda=0.6,learning_curve,Camelyon17-WILDS,5,0.1,798,1.0,0.1,0.6,always_deploy_balanced,True,LEACE::closed_form,LEACE,0.0,False,NA,False,True,False,True
learning_curve|Camelyon17-WILDS|seed=5|fraction=0.1|gamma=1|tau=0.1|lambda=0.6,learning_curve,Camelyon17-WILDS,5,0.1,798,1.0,0.1,0.6,point_selection_balanced,False,,,0.0,False,NA,False,False,False,True
learning_curve|Camelyon17-WILDS|seed=5|fraction=0.1|gamma=1|tau=0.1|lambda=0.6,learning_curve,Camelyon17-WILDS,5,0.1,798,1.0,0.1,0.6,vera_balanced_iut,False,,,0.0,False,NA,False,False,True,True
learning_curve|Camelyon17-WILDS|seed=5|fraction=0.1|gamma=1|tau=0.1|lambda=0.6,learning_curve,Camelyon17-WILDS,5,0.1,798,1.0,0.1,0.6,vera_balanced_envelope,False,,,0.0,False,NA,False,False,True,True
learning_curve|Camelyon17-WILDS|seed=5|fraction=0.1|gamma=1|tau=0.1|lambda=0.6,learning_curve,Camelyon17-WILDS,5,0.1,798,1.0,0.1,0.6,external_balanced_oracle,False,,,0.0,False,NA,False,False,False,True
learning_curve|Camelyon17-WILDS|seed=5|fraction=0.1|gamma=1|tau=0.1|lambda=0.7,learning_curve,Camelyon17-WILDS,5,0.1,798,1.0,0.1,0.7,always_deploy_balanced,True,LEACE::closed_form,LEACE,0.0,False,NA,False,True,False,True
learning_curve|Camelyon17-WILDS|seed=5|fraction=0.1|gamma=1|tau=0.1|lambda=0.7,learning_curve,Camelyon17-WILDS,5,0.1,798,1.0,0.1,0.7,point_selection_balanced,False,,,0.0,False,NA,False,False,False,True
learning_curve|Camelyon17-WILDS|seed=5|fraction=0.1|gamma=1|tau=0.1|lambda=0.7,learning_curve,Camelyon17-WILDS,5,0.1,798,1.0,0.1,0.7,vera_balanced_iut,False,,,0.0,False,NA,False,False,True,True
learning_curve|Camelyon17-WILDS|seed=5|fraction=0.1|gamma=1|tau=0.1|lambda=0.7,learning_curve,Camelyon17-WILDS,5,0.1,798,1.0,0.1,0.7,vera_balanced_envelope,False,,,0.0,False,NA,False,False,True,True
learning_curve|Camelyon17-WILDS|seed=5|fraction=0.1|gamma=1|tau=0.1|lambda=0.7,learning_curve,Camelyon17-WILDS,5,0.1,798,1.0,0.1,0.7,external_balanced_oracle,False,,,0.0,False,NA,False,False,False,True
learning_curve|Camelyon17-WILDS|seed=5|fraction=0.1|gamma=1|tau=0.1|lambda=0.8,learning_curve,Camelyon17-WILDS,5,0.1,798,1.0,0.1,0.8,always_deploy_balanced,True,LEACE::closed_form,LEACE,0.0,False,NA,False,True,False,True
learning_curve|Camelyon17-WILDS|seed=5|fraction=0.1|gamma=1|tau=0.1|lambda=0.8,learning_curve,Camelyon17-WILDS,5,0.1,798,1.0,0.1,0.8,point_selection_balanced,True,LEACE::closed_form,LEACE,0.0,False,NA,False,True,False,True
learning_curve|Camelyon17-WILDS|seed=5|fraction=0.1|gamma=1|tau=0.1|lambda=0.8,learning_curve,Camelyon17-WILDS,5,0.1,798,1.0,0.1,0.8,vera_balanced_iut,False,,,0.0,False,NA,False,False,True,True
learning_curve|Camelyon17-WILDS|seed=5|fraction=0.1|gamma=1|tau=0.1|lambda=0.8,learning_curve,Camelyon17-WILDS,5,0.1,798,1.0,0.1,0.8,vera_balanced_envelope,False,,,0.0,False,NA,False,False,True,True
learning_curve|Camelyon17-WILDS|seed=5|fraction=0.1|gamma=1|tau=0.1|lambda=0.8,learning_curve,Camelyon17-WILDS,5,0.1,798,1.0,0.1,0.8,external_balanced_oracle,False,,,0.0,False,NA,False,False,False,True
learning_curve|Camelyon17-WILDS|seed=5|fraction=0.1|gamma=1|tau=0.2|lambda=0.6,learning_curve,Camelyon17-WILDS,5,0.1,798,1.0,0.2,0.6,always_deploy_balanced,True,LEACE::closed_form,LEACE,0.0,False,NA,False,True,False,True
learning_curve|Camelyon17-WILDS|seed=5|fraction=0.1|gamma=1|tau=0.2|lambda=0.6,learning_curve,Camelyon17-WILDS,5,0.1,798,1.0,0.2,0.6,point_selection_balanced,False,,,0.0,False,NA,False,False,False,True
learning_curve|Camelyon17-WILDS|seed=5|fraction=0.1|gamma=1|tau=0.2|lambda=0.6,learning_curve,Camelyon17-WILDS,5,0.1,798,1.0,0.2,0.6,vera_balanced_iut,False,,,0.0,False,NA,False,False,True,True
learning_curve|Camelyon17-WILDS|seed=5|fraction=0.1|gamma=1|tau=0.2|lambda=0.6,learning_curve,Camelyon17-WILDS,5,0.1,798,1.0,0.2,0.6,vera_balanced_envelope,False,,,0.0,False,NA,False,False,True,True
learning_curve|Camelyon17-WILDS|seed=5|fraction=0.1|gamma=1|tau=0.2|lambda=0.6,learning_curve,Camelyon17-WILDS,5,0.1,798,1.0,0.2,0.6,external_balanced_oracle,False,,,0.0,False,NA,False,False,False,True
learning_curve|Camelyon17-WILDS|seed=5|fraction=0.1|gamma=1|tau=0.2|lambda=0.7,learning_curve,Camelyon17-WILDS,5,0.1,798,1.0,0.2,0.7,always_deploy_balanced,True,LEACE::closed_form,LEACE,0.0,False,NA,False,True,False,True
learning_curve|Camelyon17-WILDS|seed=5|fraction=0.1|gamma=1|tau=0.2|lambda=0.7,learning_curve,Camelyon17-WILDS,5,0.1,798,1.0,0.2,0.7,point_selection_balanced,False,,,0.0,False,NA,False,False,False,True
learning_curve|Camelyon17-WILDS|seed=5|fraction=0.1|gamma=1|tau=0.2|lambda=0.7,learning_curve,Camelyon17-WILDS,5,0.1,798,1.0,0.2,0.7,vera_balanced_iut,False,,,0.0,False,NA,False,False,True,True
learning_curve|Camelyon17-WILDS|seed=5|fraction=0.1|gamma=1|tau=0.2|lambda=0.7,learning_curve,Camelyon17-WILDS,5,0.1,798,1.0,0.2,0.7,vera_balanced_envelope,False,,,0.0,False,NA,False,False,True,True
learning_curve|Camelyon17-WILDS|seed=5|fraction=0.1|gamma=1|tau=0.2|lambda=0.7,learning_curve,Camelyon17-WILDS,5,0.1,798,1.0,0.2,0.7,external_balanced_oracle,False,,,0.0,False,NA,False,False,False,True
learning_curve|Camelyon17-WILDS|seed=5|fraction=0.1|gamma=1|tau=0.2|lambda=0.8,learning_curve,Camelyon17-WILDS,5,0.1,798,1.0,0.2,0.8,always_deploy_balanced,True,LEACE::closed_form,LEACE,0.0,False,NA,False,True,False,True
learning_curve|Camelyon17-WILDS|seed=5|fraction=0.1|gamma=1|tau=0.2|lambda=0.8,learning_curve,Camelyon17-WILDS,5,0.1,798,1.0,0.2,0.8,point_selection_balanced,True,LEACE::closed_form,LEACE,0.0,False,NA,False,True,False,True
learning_curve|Camelyon17-WILDS|seed=5|fraction=0.1|gamma=1|tau=0.2|lambda=0.8,learning_curve,Camelyon17-WILDS,5,0.1,798,1.0,0.2,0.8,vera_balanced_iut,False,,,0.0,False,NA,False,False,True,True
learning_curve|Camelyon17-WILDS|seed=5|fraction=0.1|gamma=1|tau=0.2|lambda=0.8,learning_curve,Camelyon17-WILDS,5,0.1,798,1.0,0.2,0.8,vera_balanced_envelope,False,,,0.0,False,NA,False,False,True,True
learning_curve|Camelyon17-WILDS|seed=5|fraction=0.1|gamma=1|tau=0.2|lambda=0.8,learning_curve,Camelyon17-WILDS,5,0.1,798,1.0,0.2,0.8,external_balanced_oracle,False,,,0.0,False,NA,False,False,False,True
learning_curve|Camelyon17-WILDS|seed=5|fraction=0.25|gamma=1|tau=0.05|lambda=0.6,learning_curve,Camelyon17-WILDS,5,0.25,1997,1.0,0.05,0.6,always_deploy_balanced,True,TaCo::components_removed=5,TaCo,0.0,False,NA,False,True,False,True
learning_curve|Camelyon17-WILDS|seed=5|fraction=0.25|gamma=1|tau=0.05|lambda=0.6,learning_curve,Camelyon17-WILDS,5,0.25,1997,1.0,0.05,0.6,point_selection_balanced,False,,,0.0,False,NA,False,False,False,True
learning_curve|Camelyon17-WILDS|seed=5|fraction=0.25|gamma=1|tau=0.05|lambda=0.6,learning_curve,Camelyon17-WILDS,5,0.25,1997,1.0,0.05,0.6,vera_balanced_iut,False,,,0.0,False,NA,False,False,True,True
learning_curve|Camelyon17-WILDS|seed=5|fraction=0.25|gamma=1|tau=0.05|lambda=0.6,learning_curve,Camelyon17-WILDS,5,0.25,1997,1.0,0.05,0.6,vera_balanced_envelope,False,,,0.0,False,NA,False,False,True,True
learning_curve|Camelyon17-WILDS|seed=5|fraction=0.25|gamma=1|tau=0.05|lambda=0.6,learning_curve,Camelyon17-WILDS,5,0.25,1997,1.0,0.05,0.6,external_balanced_oracle,False,,,0.0,False,NA,False,False,False,True
learning_curve|Camelyon17-WILDS|seed=5|fraction=0.25|gamma=1|tau=0.05|lambda=0.7,learning_curve,Camelyon17-WILDS,5,0.25,1997,1.0,0.05,0.7,always_deploy_balanced,True,TaCo::components_removed=5,TaCo,0.0,False,NA,False,True,False,True
learning_curve|Camelyon17-WILDS|seed=5|fraction=0.25|gamma=1|tau=0.05|lambda=0.7,learning_curve,Camelyon17-WILDS,5,0.25,1997,1.0,0.05,0.7,point_selection_balanced,False,,,0.0,False,NA,False,False,False,True
learning_curve|Camelyon17-WILDS|seed=5|fraction=0.25|gamma=1|tau=0.05|lambda=0.7,learning_curve,Camelyon17-WILDS,5,0.25,1997,1.0,0.05,0.7,vera_balanced_iut,False,,,0.0,False,NA,False,False,True,True
learning_curve|Camelyon17-WILDS|seed=5|fraction=0.25|gamma=1|tau=0.05|lambda=0.7,learning_curve,Camelyon17-WILDS,5,0.25,1997,1.0,0.05,0.7,vera_balanced_envelope,False,,,0.0,False,NA,False,False,True,True
learning_curve|Camelyon17-WILDS|seed=5|fraction=0.25|gamma=1|tau=0.05|lambda=0.7,learning_curve,Camelyon17-WILDS,5,0.25,1997,1.0,0.05,0.7,external_balanced_oracle,False,,,0.0,False,NA,False,False,False,True
learning_curve|Camelyon17-WILDS|seed=5|fraction=0.25|gamma=1|tau=0.05|lambda=0.8,learning_curve,Camelyon17-WILDS,5,0.25,1997,1.0,0.05,0.8,always_deploy_balanced,True,TaCo::components_removed=5,TaCo,0.0,False,NA,False,True,False,True
learning_curve|Camelyon17-WILDS|seed=5|fraction=0.25|gamma=1|tau=0.05|lambda=0.8,learning_curve,Camelyon17-WILDS,5,0.25,1997,1.0,0.05,0.8,point_selection_balanced,True,TaCo::components_removed=5,TaCo,0.0,False,NA,False,True,False,True
learning_curve|Camelyon17-WILDS|seed=5|fraction=0.25|gamma=1|tau=0.05|lambda=0.8,learning_curve,Camelyon17-WILDS,5,0.25,1997,1.0,0.05,0.8,vera_balanced_iut,False,,,0.0,False,NA,False,False,True,True
learning_curve|Camelyon17-WILDS|seed=5|fraction=0.25|gamma=1|tau=0.05|lambda=0.8,learning_curve,Camelyon17-WILDS,5,0.25,1997,1.0,0.05,0.8,vera_balanced_envelope,False,,,0.0,False,NA,False,False,True,True
learning_curve|Camelyon17-WILDS|seed=5|fraction=0.25|gamma=1|tau=0.05|lambda=0.8,learning_curve,Camelyon17-WILDS,5,0.25,1997,1.0,0.05,0.8,external_balanced_oracle,False,,,0.0,False,NA,False,False,False,True
learning_curve|Camelyon17-WILDS|seed=5|fraction=0.25|gamma=1|tau=0.1|lambda=0.6,learning_curve,Camelyon17-WILDS,5,0.25,1997,1.0,0.1,0.6,always_deploy_balanced,True,TaCo::components_removed=5,TaCo,0.0,False,NA,False,True,False,True
learning_curve|Camelyon17-WILDS|seed=5|fraction=0.25|gamma=1|tau=0.1|lambda=0.6,learning_curve,Camelyon17-WILDS,5,0.25,1997,1.0,0.1,0.6,point_selection_balanced,False,,,0.0,False,NA,False,False,False,True
learning_curve|Camelyon17-WILDS|seed=5|fraction=0.25|gamma=1|tau=0.1|lambda=0.6,learning_curve,Camelyon17-WILDS,5,0.25,1997,1.0,0.1,0.6,vera_balanced_iut,False,,,0.0,False,NA,False,False,True,True
learning_curve|Camelyon17-WILDS|seed=5|fraction=0.25|gamma=1|tau=0.1|lambda=0.6,learning_curve,Camelyon17-WILDS,5,0.25,1997,1.0,0.1,0.6,vera_balanced_envelope,False,,,0.0,False,NA,False,False,True,True
learning_curve|Camelyon17-WILDS|seed=5|fraction=0.25|gamma=1|tau=0.1|lambda=0.6,learning_curve,Camelyon17-WILDS,5,0.25,1997,1.0,0.1,0.6,external_balanced_oracle,False,,,0.0,False,NA,False,False,False,True
learning_curve|Camelyon17-WILDS|seed=5|fraction=0.25|gamma=1|tau=0.1|lambda=0.7,learning_curve,Camelyon17-WILDS,5,0.25,1997,1.0,0.1,0.7,always_deploy_balanced,True,TaCo::components_removed=5,TaCo,0.0,False,NA,False,True,False,True
learning_curve|Camelyon17-WILDS|seed=5|fraction=0.25|gamma=1|tau=0.1|lambda=0.7,learning_curve,Camelyon17-WILDS,5,0.25,1997,1.0,0.1,0.7,point_selection_balanced,False,,,0.0,False,NA,False,False,False,True
learning_curve|Camelyon17-WILDS|seed=5|fraction=0.25|gamma=1|tau=0.1|lambda=0.7,learning_curve,Camelyon17-WILDS,5,0.25,1997,1.0,0.1,0.7,vera_balanced_iut,False,,,0.0,False,NA,False,False,True,True
learning_curve|Camelyon17-WILDS|seed=5|fraction=0.25|gamma=1|tau=0.1|lambda=0.7,learning_curve,Camelyon17-WILDS,5,0.25,1997,1.0,0.1,0.7,vera_balanced_envelope,False,,,0.0,False,NA,False,False,True,True
learning_curve|Camelyon17-WILDS|seed=5|fraction=0.25|gamma=1|tau=0.1|lambda=0.7,learning_curve,Camelyon17-WILDS,5,0.25,1997,1.0,0.1,0.7,external_balanced_oracle,False,,,0.0,False,NA,False,False,False,True
learning_curve|Camelyon17-WILDS|seed=5|fraction=0.25|gamma=1|tau=0.1|lambda=0.8,learning_curve,Camelyon17-WILDS,5,0.25,1997,1.0,0.1,0.8,always_deploy_balanced,True,TaCo::components_removed=5,TaCo,0.0,False,NA,False,True,False,True
learning_curve|Camelyon17-WILDS|seed=5|fraction=0.25|gamma=1|tau=0.1|lambda=0.8,learning_curve,Camelyon17-WILDS,5,0.25,1997,1.0,0.1,0.8,point_selection_balanced,True,TaCo::components_removed=5,TaCo,0.0,False,NA,False,True,False,True
learning_curve|Camelyon17-WILDS|seed=5|fraction=0.25|gamma=1|tau=0.1|lambda=0.8,learning_curve,Camelyon17-WILDS,5,0.25,1997,1.0,0.1,0.8,vera_balanced_iut,False,,,0.0,False,NA,False,False,True,True
learning_curve|Camelyon17-WILDS|seed=5|fraction=0.25|gamma=1|tau=0.1|lambda=0.8,learning_curve,Camelyon17-WILDS,5,0.25,1997,1.0,0.1,0.8,vera_balanced_envelope,False,,,0.0,False,NA,False,False,True,True
learning_curve|Camelyon17-WILDS|seed=5|fraction=0.25|gamma=1|tau=0.1|lambda=0.8,learning_curve,Camelyon17-WILDS,5,0.25,1997,1.0,0.1,0.8,external_balanced_oracle,False,,,0.0,False,NA,False,False,False,True
learning_curve|Camelyon17-WILDS|seed=5|fraction=0.25|gamma=1|tau=0.2|lambda=0.6,learning_curve,Camelyon17-WILDS,5,0.25,1997,1.0,0.2,0.6,always_deploy_balanced,True,TaCo::components_removed=5,TaCo,0.0,False,NA,False,True,False,True
learning_curve|Camelyon17-WILDS|seed=5|fraction=0.25|gamma=1|tau=0.2|lambda=0.6,learning_curve,Camelyon17-WILDS,5,0.25,1997,1.0,0.2,0.6,point_selection_balanced,False,,,0.0,False,NA,False,False,False,True
learning_curve|Camelyon17-WILDS|seed=5|fraction=0.25|gamma=1|tau=0.2|lambda=0.6,learning_curve,Camelyon17-WILDS,5,0.25,1997,1.0,0.2,0.6,vera_balanced_iut,False,,,0.0,False,NA,False,False,True,True
learning_curve|Camelyon17-WILDS|seed=5|fraction=0.25|gamma=1|tau=0.2|lambda=0.6,learning_curve,Camelyon17-WILDS,5,0.25,1997,1.0,0.2,0.6,vera_balanced_envelope,False,,,0.0,False,NA,False,False,True,True
learning_curve|Camelyon17-WILDS|seed=5|fraction=0.25|gamma=1|tau=0.2|lambda=0.6,learning_curve,Camelyon17-WILDS,5,0.25,1997,1.0,0.2,0.6,external_balanced_oracle,False,,,0.0,False,NA,False,False,False,True
learning_curve|Camelyon17-WILDS|seed=5|fraction=0.25|gamma=1|tau=0.2|lambda=0.7,learning_curve,Camelyon17-WILDS,5,0.25,1997,1.0,0.2,0.7,always_deploy_balanced,True,TaCo::components_removed=5,TaCo,0.0,False,NA,False,True,False,True
learning_curve|Camelyon17-WILDS|seed=5|fraction=0.25|gamma=1|tau=0.2|lambda=0.7,learning_curve,Camelyon17-WILDS,5,0.25,1997,1.0,0.2,0.7,point_selection_balanced,False,,,0.0,False,NA,False,False,False,True
learning_curve|Camelyon17-WILDS|seed=5|fraction=0.25|gamma=1|tau=0.2|lambda=0.7,learning_curve,Camelyon17-WILDS,5,0.25,1997,1.0,0.2,0.7,vera_balanced_iut,False,,,0.0,False,NA,False,False,True,True
learning_curve|Camelyon17-WILDS|seed=5|fraction=0.25|gamma=1|tau=0.2|lambda=0.7,learning_curve,Camelyon17-WILDS,5,0.25,1997,1.0,0.2,0.7,vera_balanced_envelope,False,,,0.0,False,NA,False,False,True,True
learning_curve|Camelyon17-WILDS|seed=5|fraction=0.25|gamma=1|tau=0.2|lambda=0.7,learning_curve,Camelyon17-WILDS,5,0.25,1997,1.0,0.2,0.7,external_balanced_oracle,False,,,0.0,False,NA,False,False,False,True
learning_curve|Camelyon17-WILDS|seed=5|fraction=0.25|gamma=1|tau=0.2|lambda=0.8,learning_curve,Camelyon17-WILDS,5,0.25,1997,1.0,0.2,0.8,always_deploy_balanced,True,TaCo::components_removed=5,TaCo,0.0,False,NA,False,True,False,True
learning_curve|Camelyon17-WILDS|seed=5|fraction=0.25|gamma=1|tau=0.2|lambda=0.8,learning_curve,Camelyon17-WILDS,5,0.25,1997,1.0,0.2,0.8,point_selection_balanced,True,TaCo::components_removed=5,TaCo,0.0,False,NA,False,True,False,True
learning_curve|Camelyon17-WILDS|seed=5|fraction=0.25|gamma=1|tau=0.2|lambda=0.8,learning_curve,Camelyon17-WILDS,5,0.25,1997,1.0,0.2,0.8,vera_balanced_iut,False,,,0.0,False,NA,False,False,True,True
learning_curve|Camelyon17-WILDS|seed=5|fraction=0.25|gamma=1|tau=0.2|lambda=0.8,learning_curve,Camelyon17-WILDS,5,0.25,1997,1.0,0.2,0.8,vera_balanced_envelope,False,,,0.0,False,NA,False,False,True,True
learning_curve|Camelyon17-WILDS|seed=5|fraction=0.25|gamma=1|tau=0.2|lambda=0.8,learning_curve,Camelyon17-WILDS,5,0.25,1997,1.0,0.2,0.8,external_balanced_oracle,False,,,0.0,False,NA,False,False,False,True
learning_curve|Camelyon17-WILDS|seed=5|fraction=0.5|gamma=1|tau=0.05|lambda=0.6,learning_curve,Camelyon17-WILDS,5,0.5,3998,1.0,0.05,0.6,always_deploy_balanced,True,"MANCE++::epsilon=0.05,steps=3",MANCE++,0.0,False,NA,False,True,False,True
learning_curve|Camelyon17-WILDS|seed=5|fraction=0.5|gamma=1|tau=0.05|lambda=0.6,learning_curve,Camelyon17-WILDS,5,0.5,3998,1.0,0.05,0.6,point_selection_balanced,False,,,0.0,False,NA,False,False,False,True
learning_curve|Camelyon17-WILDS|seed=5|fraction=0.5|gamma=1|tau=0.05|lambda=0.6,learning_curve,Camelyon17-WILDS,5,0.5,3998,1.0,0.05,0.6,vera_balanced_iut,False,,,0.0,False,NA,False,False,True,True
learning_curve|Camelyon17-WILDS|seed=5|fraction=0.5|gamma=1|tau=0.05|lambda=0.6,learning_curve,Camelyon17-WILDS,5,0.5,3998,1.0,0.05,0.6,vera_balanced_envelope,False,,,0.0,False,NA,False,False,True,True
learning_curve|Camelyon17-WILDS|seed=5|fraction=0.5|gamma=1|tau=0.05|lambda=0.6,learning_curve,Camelyon17-WILDS,5,0.5,3998,1.0,0.05,0.6,external_balanced_oracle,False,,,0.0,False,NA,False,False,False,True
learning_curve|Camelyon17-WILDS|seed=5|fraction=0.5|gamma=1|tau=0.05|lambda=0.7,learning_curve,Camelyon17-WILDS,5,0.5,3998,1.0,0.05,0.7,always_deploy_balanced,True,"MANCE++::epsilon=0.05,steps=3",MANCE++,0.0,False,NA,False,True,False,True
learning_curve|Camelyon17-WILDS|seed=5|fraction=0.5|gamma=1|tau=0.05|lambda=0.7,learning_curve,Camelyon17-WILDS,5,0.5,3998,1.0,0.05,0.7,point_selection_balanced,False,,,0.0,False,NA,False,False,False,True
learning_curve|Camelyon17-WILDS|seed=5|fraction=0.5|gamma=1|tau=0.05|lambda=0.7,learning_curve,Camelyon17-WILDS,5,0.5,3998,1.0,0.05,0.7,vera_balanced_iut,False,,,0.0,False,NA,False,False,True,True
learning_curve|Camelyon17-WILDS|seed=5|fraction=0.5|gamma=1|tau=0.05|lambda=0.7,learning_curve,Camelyon17-WILDS,5,0.5,3998,1.0,0.05,0.7,vera_balanced_envelope,False,,,0.0,False,NA,False,False,True,True
learning_curve|Camelyon17-WILDS|seed=5|fraction=0.5|gamma=1|tau=0.05|lambda=0.7,learning_curve,Camelyon17-WILDS,5,0.5,3998,1.0,0.05,0.7,external_balanced_oracle,False,,,0.0,False,NA,False,False,False,True
learning_curve|Camelyon17-WILDS|seed=5|fraction=0.5|gamma=1|tau=0.05|lambda=0.8,learning_curve,Camelyon17-WILDS,5,0.5,3998,1.0,0.05,0.8,always_deploy_balanced,True,"MANCE++::epsilon=0.05,steps=3",MANCE++,0.0,False,NA,False,True,False,True
learning_curve|Camelyon17-WILDS|seed=5|fraction=0.5|gamma=1|tau=0.05|lambda=0.8,learning_curve,Camelyon17-WILDS,5,0.5,3998,1.0,0.05,0.8,point_selection_balanced,True,"MANCE++::epsilon=0.05,steps=3",MANCE++,0.0,False,NA,False,True,False,True
learning_curve|Camelyon17-WILDS|seed=5|fraction=0.5|gamma=1|tau=0.05|lambda=0.8,learning_curve,Camelyon17-WILDS,5,0.5,3998,1.0,0.05,0.8,vera_balanced_iut,False,,,0.0,False,NA,False,False,True,True
learning_curve|Camelyon17-WILDS|seed=5|fraction=0.5|gamma=1|tau=0.05|lambda=0.8,learning_curve,Camelyon17-WILDS,5,0.5,3998,1.0,0.05,0.8,vera_balanced_envelope,False,,,0.0,False,NA,False,False,True,True
learning_curve|Camelyon17-WILDS|seed=5|fraction=0.5|gamma=1|tau=0.05|lambda=0.8,learning_curve,Camelyon17-WILDS,5,0.5,3998,1.0,0.05,0.8,external_balanced_oracle,False,,,0.0,False,NA,False,False,False,True
learning_curve|Camelyon17-WILDS|seed=5|fraction=0.5|gamma=1|tau=0.1|lambda=0.6,learning_curve,Camelyon17-WILDS,5,0.5,3998,1.0,0.1,0.6,always_deploy_balanced,True,"MANCE++::epsilon=0.05,steps=3",MANCE++,0.0,False,NA,False,True,False,True
learning_curve|Camelyon17-WILDS|seed=5|fraction=0.5|gamma=1|tau=0.1|lambda=0.6,learning_curve,Camelyon17-WILDS,5,0.5,3998,1.0,0.1,0.6,point_selection_balanced,False,,,0.0,False,NA,False,False,False,True
learning_curve|Camelyon17-WILDS|seed=5|fraction=0.5|gamma=1|tau=0.1|lambda=0.6,learning_curve,Camelyon17-WILDS,5,0.5,3998,1.0,0.1,0.6,vera_balanced_iut,False,,,0.0,False,NA,False,False,True,True
learning_curve|Camelyon17-WILDS|seed=5|fraction=0.5|gamma=1|tau=0.1|lambda=0.6,learning_curve,Camelyon17-WILDS,5,0.5,3998,1.0,0.1,0.6,vera_balanced_envelope,False,,,0.0,False,NA,False,False,True,True
learning_curve|Camelyon17-WILDS|seed=5|fraction=0.5|gamma=1|tau=0.1|lambda=0.6,learning_curve,Camelyon17-WILDS,5,0.5,3998,1.0,0.1,0.6,external_balanced_oracle,False,,,0.0,False,NA,False,False,False,True
learning_curve|Camelyon17-WILDS|seed=5|fraction=0.5|gamma=1|tau=0.1|lambda=0.7,learning_curve,Camelyon17-WILDS,5,0.5,3998,1.0,0.1,0.7,always_deploy_balanced,True,"MANCE++::epsilon=0.05,steps=3",MANCE++,0.0,False,NA,False,True,False,True
learning_curve|Camelyon17-WILDS|seed=5|fraction=0.5|gamma=1|tau=0.1|lambda=0.7,learning_curve,Camelyon17-WILDS,5,0.5,3998,1.0,0.1,0.7,point_selection_balanced,False,,,0.0,False,NA,False,False,False,True
learning_curve|Camelyon17-WILDS|seed=5|fraction=0.5|gamma=1|tau=0.1|lambda=0.7,learning_curve,Camelyon17-WILDS,5,0.5,3998,1.0,0.1,0.7,vera_balanced_iut,False,,,0.0,False,NA,False,False,True,True
learning_curve|Camelyon17-WILDS|seed=5|fraction=0.5|gamma=1|tau=0.1|lambda=0.7,learning_curve,Camelyon17-WILDS,5,0.5,3998,1.0,0.1,0.7,vera_balanced_envelope,False,,,0.0,False,NA,False,False,True,True
learning_curve|Camelyon17-WILDS|seed=5|fraction=0.5|gamma=1|tau=0.1|lambda=0.7,learning_curve,Camelyon17-WILDS,5,0.5,3998,1.0,0.1,0.7,external_balanced_oracle,False,,,0.0,False,NA,False,False,False,True
learning_curve|Camelyon17-WILDS|seed=5|fraction=0.5|gamma=1|tau=0.1|lambda=0.8,learning_curve,Camelyon17-WILDS,5,0.5,3998,1.0,0.1,0.8,always_deploy_balanced,True,"MANCE++::epsilon=0.05,steps=3",MANCE++,0.0,False,NA,False,True,False,True
learning_curve|Camelyon17-WILDS|seed=5|fraction=0.5|gamma=1|tau=0.1|lambda=0.8,learning_curve,Camelyon17-WILDS,5,0.5,3998,1.0,0.1,0.8,point_selection_balanced,True,"MANCE++::epsilon=0.05,steps=3",MANCE++,0.0,False,NA,False,True,False,True
learning_curve|Camelyon17-WILDS|seed=5|fraction=0.5|gamma=1|tau=0.1|lambda=0.8,learning_curve,Camelyon17-WILDS,5,0.5,3998,1.0,0.1,0.8,vera_balanced_iut,False,,,0.0,False,NA,False,False,True,True
learning_curve|Camelyon17-WILDS|seed=5|fraction=0.5|gamma=1|tau=0.1|lambda=0.8,learning_curve,Camelyon17-WILDS,5,0.5,3998,1.0,0.1,0.8,vera_balanced_envelope,False,,,0.0,False,NA,False,False,True,True
learning_curve|Camelyon17-WILDS|seed=5|fraction=0.5|gamma=1|tau=0.1|lambda=0.8,learning_curve,Camelyon17-WILDS,5,0.5,3998,1.0,0.1,0.8,external_balanced_oracle,False,,,0.0,False,NA,False,False,False,True
learning_curve|Camelyon17-WILDS|seed=5|fraction=0.5|gamma=1|tau=0.2|lambda=0.6,learning_curve,Camelyon17-WILDS,5,0.5,3998,1.0,0.2,0.6,always_deploy_balanced,True,"MANCE++::epsilon=0.05,steps=3",MANCE++,0.0,False,NA,False,True,False,True
learning_curve|Camelyon17-WILDS|seed=5|fraction=0.5|gamma=1|tau=0.2|lambda=0.6,learning_curve,Camelyon17-WILDS,5,0.5,3998,1.0,0.2,0.6,point_selection_balanced,False,,,0.0,False,NA,False,False,False,True
learning_curve|Camelyon17-WILDS|seed=5|fraction=0.5|gamma=1|tau=0.2|lambda=0.6,learning_curve,Camelyon17-WILDS,5,0.5,3998,1.0,0.2,0.6,vera_balanced_iut,False,,,0.0,False,NA,False,False,True,True
learning_curve|Camelyon17-WILDS|seed=5|fraction=0.5|gamma=1|tau=0.2|lambda=0.6,learning_curve,Camelyon17-WILDS,5,0.5,3998,1.0,0.2,0.6,vera_balanced_envelope,False,,,0.0,False,NA,False,False,True,True
learning_curve|Camelyon17-WILDS|seed=5|fraction=0.5|gamma=1|tau=0.2|lambda=0.6,learning_curve,Camelyon17-WILDS,5,0.5,3998,1.0,0.2,0.6,external_balanced_oracle,False,,,0.0,False,NA,False,False,False,True
learning_curve|Camelyon17-WILDS|seed=5|fraction=0.5|gamma=1|tau=0.2|lambda=0.7,learning_curve,Camelyon17-WILDS,5,0.5,3998,1.0,0.2,0.7,always_deploy_balanced,True,"MANCE++::epsilon=0.05,steps=3",MANCE++,0.0,False,NA,False,True,False,True
learning_curve|Camelyon17-WILDS|seed=5|fraction=0.5|gamma=1|tau=0.2|lambda=0.7,learning_curve,Camelyon17-WILDS,5,0.5,3998,1.0,0.2,0.7,point_selection_balanced,False,,,0.0,False,NA,False,False,False,True
learning_curve|Camelyon17-WILDS|seed=5|fraction=0.5|gamma=1|tau=0.2|lambda=0.7,learning_curve,Camelyon17-WILDS,5,0.5,3998,1.0,0.2,0.7,vera_balanced_iut,False,,,0.0,False,NA,False,False,True,True
learning_curve|Camelyon17-WILDS|seed=5|fraction=0.5|gamma=1|tau=0.2|lambda=0.7,learning_curve,Camelyon17-WILDS,5,0.5,3998,1.0,0.2,0.7,vera_balanced_envelope,False,,,0.0,False,NA,False,False,True,True
learning_curve|Camelyon17-WILDS|seed=5|fraction=0.5|gamma=1|tau=0.2|lambda=0.7,learning_curve,Camelyon17-WILDS,5,0.5,3998,1.0,0.2,0.7,external_balanced_oracle,False,,,0.0,False,NA,False,False,False,True
learning_curve|Camelyon17-WILDS|seed=5|fraction=0.5|gamma=1|tau=0.2|lambda=0.8,learning_curve,Camelyon17-WILDS,5,0.5,3998,1.0,0.2,0.8,always_deploy_balanced,True,"MANCE++::epsilon=0.05,steps=3",MANCE++,0.0,False,NA,False,True,False,True
learning_curve|Camelyon17-WILDS|seed=5|fraction=0.5|gamma=1|tau=0.2|lambda=0.8,learning_curve,Camelyon17-WILDS,5,0.5,3998,1.0,0.2,0.8,point_selection_balanced,True,"MANCE++::epsilon=0.05,steps=3",MANCE++,0.0,False,NA,False,True,False,True
learning_curve|Camelyon17-WILDS|seed=5|fraction=0.5|gamma=1|tau=0.2|lambda=0.8,learning_curve,Camelyon17-WILDS,5,0.5,3998,1.0,0.2,0.8,vera_balanced_iut,False,,,0.0,False,NA,False,False,True,True
learning_curve|Camelyon17-WILDS|seed=5|fraction=0.5|gamma=1|tau=0.2|lambda=0.8,learning_curve,Camelyon17-WILDS,5,0.5,3998,1.0,0.2,0.8,vera_balanced_envelope,False,,,0.0,False,NA,False,False,True,True
learning_curve|Camelyon17-WILDS|seed=5|fraction=0.5|gamma=1|tau=0.2|lambda=0.8,learning_curve,Camelyon17-WILDS,5,0.5,3998,1.0,0.2,0.8,external_balanced_oracle,False,,,0.0,False,NA,False,False,False,True
primary|Camelyon17-WILDS|seed=5|fraction=1|gamma=1|tau=0.05|lambda=0.6,primary,Camelyon17-WILDS,5,1.0,8000,1.0,0.05,0.6,always_deploy_balanced,True,"MANCE++::epsilon=0.05,steps=3",MANCE++,0.0,False,NA,False,True,False,True
primary|Camelyon17-WILDS|seed=5|fraction=1|gamma=1|tau=0.05|lambda=0.6,primary,Camelyon17-WILDS,5,1.0,8000,1.0,0.05,0.6,point_selection_balanced,False,,,0.0,False,NA,False,False,False,True
primary|Camelyon17-WILDS|seed=5|fraction=1|gamma=1|tau=0.05|lambda=0.6,primary,Camelyon17-WILDS,5,1.0,8000,1.0,0.05,0.6,vera_balanced_iut,False,,,0.0,False,NA,False,False,True,True
primary|Camelyon17-WILDS|seed=5|fraction=1|gamma=1|tau=0.05|lambda=0.6,primary,Camelyon17-WILDS,5,1.0,8000,1.0,0.05,0.6,vera_balanced_envelope,False,,,0.0,False,NA,False,False,True,True
primary|Camelyon17-WILDS|seed=5|fraction=1|gamma=1|tau=0.05|lambda=0.6,primary,Camelyon17-WILDS,5,1.0,8000,1.0,0.05,0.6,external_balanced_oracle,False,,,0.0,False,NA,False,False,False,True
primary|Camelyon17-WILDS|seed=5|fraction=1|gamma=1|tau=0.05|lambda=0.7,primary,Camelyon17-WILDS,5,1.0,8000,1.0,0.05,0.7,always_deploy_balanced,True,"MANCE++::epsilon=0.05,steps=3",MANCE++,0.0,False,NA,False,True,False,True
primary|Camelyon17-WILDS|seed=5|fraction=1|gamma=1|tau=0.05|lambda=0.7,primary,Camelyon17-WILDS,5,1.0,8000,1.0,0.05,0.7,point_selection_balanced,False,,,0.0,False,NA,False,False,False,True
primary|Camelyon17-WILDS|seed=5|fraction=1|gamma=1|tau=0.05|lambda=0.7,primary,Camelyon17-WILDS,5,1.0,8000,1.0,0.05,0.7,vera_balanced_iut,False,,,0.0,False,NA,False,False,True,True
primary|Camelyon17-WILDS|seed=5|fraction=1|gamma=1|tau=0.05|lambda=0.7,primary,Camelyon17-WILDS,5,1.0,8000,1.0,0.05,0.7,vera_balanced_envelope,False,,,0.0,False,NA,False,False,True,True
primary|Camelyon17-WILDS|seed=5|fraction=1|gamma=1|tau=0.05|lambda=0.7,primary,Camelyon17-WILDS,5,1.0,8000,1.0,0.05,0.7,external_balanced_oracle,False,,,0.0,False,NA,False,False,False,True
primary|Camelyon17-WILDS|seed=5|fraction=1|gamma=1|tau=0.05|lambda=0.8,primary,Camelyon17-WILDS,5,1.0,8000,1.0,0.05,0.8,always_deploy_balanced,True,"MANCE++::epsilon=0.05,steps=3",MANCE++,0.0,False,NA,False,True,False,True
primary|Camelyon17-WILDS|seed=5|fraction=1|gamma=1|tau=0.05|lambda=0.8,primary,Camelyon17-WILDS,5,1.0,8000,1.0,0.05,0.8,point_selection_balanced,True,"MANCE++::epsilon=0.05,steps=3",MANCE++,0.0,False,NA,False,True,False,True
primary|Camelyon17-WILDS|seed=5|fraction=1|gamma=1|tau=0.05|lambda=0.8,primary,Camelyon17-WILDS,5,1.0,8000,1.0,0.05,0.8,vera_balanced_iut,False,,,0.0,False,NA,False,False,True,True
primary|Camelyon17-WILDS|seed=5|fraction=1|gamma=1|tau=0.05|lambda=0.8,primary,Camelyon17-WILDS,5,1.0,8000,1.0,0.05,0.8,vera_balanced_envelope,False,,,0.0,False,NA,False,False,True,True
primary|Camelyon17-WILDS|seed=5|fraction=1|gamma=1|tau=0.05|lambda=0.8,primary,Camelyon17-WILDS,5,1.0,8000,1.0,0.05,0.8,external_balanced_oracle,False,,,0.0,False,NA,False,False,False,True
primary|Camelyon17-WILDS|seed=5|fraction=1|gamma=1|tau=0.1|lambda=0.6,primary,Camelyon17-WILDS,5,1.0,8000,1.0,0.1,0.6,always_deploy_balanced,True,"MANCE++::epsilon=0.05,steps=3",MANCE++,0.0,False,NA,False,True,False,True
primary|Camelyon17-WILDS|seed=5|fraction=1|gamma=1|tau=0.1|lambda=0.6,primary,Camelyon17-WILDS,5,1.0,8000,1.0,0.1,0.6,point_selection_balanced,False,,,0.0,False,NA,False,False,False,True
primary|Camelyon17-WILDS|seed=5|fraction=1|gamma=1|tau=0.1|lambda=0.6,primary,Camelyon17-WILDS,5,1.0,8000,1.0,0.1,0.6,vera_balanced_iut,False,,,0.0,False,NA,False,False,True,True
primary|Camelyon17-WILDS|seed=5|fraction=1|gamma=1|tau=0.1|lambda=0.6,primary,Camelyon17-WILDS,5,1.0,8000,1.0,0.1,0.6,vera_balanced_envelope,False,,,0.0,False,NA,False,False,True,True
primary|Camelyon17-WILDS|seed=5|fraction=1|gamma=1|tau=0.1|lambda=0.6,primary,Camelyon17-WILDS,5,1.0,8000,1.0,0.1,0.6,external_balanced_oracle,False,,,0.0,False,NA,False,False,False,True
primary|Camelyon17-WILDS|seed=5|fraction=1|gamma=1|tau=0.1|lambda=0.7,primary,Camelyon17-WILDS,5,1.0,8000,1.0,0.1,0.7,always_deploy_balanced,True,"MANCE++::epsilon=0.05,steps=3",MANCE++,0.0,False,NA,False,True,False,True
primary|Camelyon17-WILDS|seed=5|fraction=1|gamma=1|tau=0.1|lambda=0.7,primary,Camelyon17-WILDS,5,1.0,8000,1.0,0.1,0.7,point_selection_balanced,False,,,0.0,False,NA,False,False,False,True
primary|Camelyon17-WILDS|seed=5|fraction=1|gamma=1|tau=0.1|lambda=0.7,primary,Camelyon17-WILDS,5,1.0,8000,1.0,0.1,0.7,vera_balanced_iut,False,,,0.0,False,NA,False,False,True,True
primary|Camelyon17-WILDS|seed=5|fraction=1|gamma=1|tau=0.1|lambda=0.7,primary,Camelyon17-WILDS,5,1.0,8000,1.0,0.1,0.7,vera_balanced_envelope,False,,,0.0,False,NA,False,False,True,True
primary|Camelyon17-WILDS|seed=5|fraction=1|gamma=1|tau=0.1|lambda=0.7,primary,Camelyon17-WILDS,5,1.0,8000,1.0,0.1,0.7,external_balanced_oracle,False,,,0.0,False,NA,False,False,False,True
primary|Camelyon17-WILDS|seed=5|fraction=1|gamma=1|tau=0.1|lambda=0.8,primary,Camelyon17-WILDS,5,1.0,8000,1.0,0.1,0.8,always_deploy_balanced,True,"MANCE++::epsilon=0.05,steps=3",MANCE++,0.0,False,NA,False,True,False,True
primary|Camelyon17-WILDS|seed=5|fraction=1|gamma=1|tau=0.1|lambda=0.8,primary,Camelyon17-WILDS,5,1.0,8000,1.0,0.1,0.8,point_selection_balanced,True,"MANCE++::epsilon=0.05,steps=3",MANCE++,0.0,False,NA,False,True,False,True
primary|Camelyon17-WILDS|seed=5|fraction=1|gamma=1|tau=0.1|lambda=0.8,primary,Camelyon17-WILDS,5,1.0,8000,1.0,0.1,0.8,vera_balanced_iut,False,,,0.0,False,NA,False,False,True,True
primary|Camelyon17-WILDS|seed=5|fraction=1|gamma=1|tau=0.1|lambda=0.8,primary,Camelyon17-WILDS,5,1.0,8000,1.0,0.1,0.8,vera_balanced_envelope,False,,,0.0,False,NA,False,False,True,True
primary|Camelyon17-WILDS|seed=5|fraction=1|gamma=1|tau=0.1|lambda=0.8,primary,Camelyon17-WILDS,5,1.0,8000,1.0,0.1,0.8,external_balanced_oracle,False,,,0.0,False,NA,False,False,False,True
primary|Camelyon17-WILDS|seed=5|fraction=1|gamma=1|tau=0.2|lambda=0.6,primary,Camelyon17-WILDS,5,1.0,8000,1.0,0.2,0.6,always_deploy_balanced,True,"MANCE++::epsilon=0.05,steps=3",MANCE++,0.0,False,NA,False,True,False,True
primary|Camelyon17-WILDS|seed=5|fraction=1|gamma=1|tau=0.2|lambda=0.6,primary,Camelyon17-WILDS,5,1.0,8000,1.0,0.2,0.6,point_selection_balanced,False,,,0.0,False,NA,False,False,False,True
primary|Camelyon17-WILDS|seed=5|fraction=1|gamma=1|tau=0.2|lambda=0.6,primary,Camelyon17-WILDS,5,1.0,8000,1.0,0.2,0.6,vera_balanced_iut,False,,,0.0,False,NA,False,False,True,True
primary|Camelyon17-WILDS|seed=5|fraction=1|gamma=1|tau=0.2|lambda=0.6,primary,Camelyon17-WILDS,5,1.0,8000,1.0,0.2,0.6,vera_balanced_envelope,False,,,0.0,False,NA,False,False,True,True
primary|Camelyon17-WILDS|seed=5|fraction=1|gamma=1|tau=0.2|lambda=0.6,primary,Camelyon17-WILDS,5,1.0,8000,1.0,0.2,0.6,external_balanced_oracle,False,,,0.0,False,NA,False,False,False,True
primary|Camelyon17-WILDS|seed=5|fraction=1|gamma=1|tau=0.2|lambda=0.7,primary,Camelyon17-WILDS,5,1.0,8000,1.0,0.2,0.7,always_deploy_balanced,True,"MANCE++::epsilon=0.05,steps=3",MANCE++,0.0,False,NA,False,True,False,True
primary|Camelyon17-WILDS|seed=5|fraction=1|gamma=1|tau=0.2|lambda=0.7,primary,Camelyon17-WILDS,5,1.0,8000,1.0,0.2,0.7,point_selection_balanced,False,,,0.0,False,NA,False,False,False,True
primary|Camelyon17-WILDS|seed=5|fraction=1|gamma=1|tau=0.2|lambda=0.7,primary,Camelyon17-WILDS,5,1.0,8000,1.0,0.2,0.7,vera_balanced_iut,False,,,0.0,False,NA,False,False,True,True
primary|Camelyon17-WILDS|seed=5|fraction=1|gamma=1|tau=0.2|lambda=0.7,primary,Camelyon17-WILDS,5,1.0,8000,1.0,0.2,0.7,vera_balanced_envelope,False,,,0.0,False,NA,False,False,True,True
primary|Camelyon17-WILDS|seed=5|fraction=1|gamma=1|tau=0.2|lambda=0.7,primary,Camelyon17-WILDS,5,1.0,8000,1.0,0.2,0.7,external_balanced_oracle,False,,,0.0,False,NA,False,False,False,True
primary|Camelyon17-WILDS|seed=5|fraction=1|gamma=1|tau=0.2|lambda=0.8,primary,Camelyon17-WILDS,5,1.0,8000,1.0,0.2,0.8,always_deploy_balanced,True,"MANCE++::epsilon=0.05,steps=3",MANCE++,0.0,False,NA,False,True,False,True
primary|Camelyon17-WILDS|seed=5|fraction=1|gamma=1|tau=0.2|lambda=0.8,primary,Camelyon17-WILDS,5,1.0,8000,1.0,0.2,0.8,point_selection_balanced,True,"MANCE++::epsilon=0.05,steps=3",MANCE++,0.0,False,NA,False,True,False,True
primary|Camelyon17-WILDS|seed=5|fraction=1|gamma=1|tau=0.2|lambda=0.8,primary,Camelyon17-WILDS,5,1.0,8000,1.0,0.2,0.8,vera_balanced_iut,False,,,0.0,False,NA,False,False,True,True
primary|Camelyon17-WILDS|seed=5|fraction=1|gamma=1|tau=0.2|lambda=0.8,primary,Camelyon17-WILDS,5,1.0,8000,1.0,0.2,0.8,vera_balanced_envelope,False,,,0.0,False,NA,False,False,True,True
primary|Camelyon17-WILDS|seed=5|fraction=1|gamma=1|tau=0.2|lambda=0.8,primary,Camelyon17-WILDS,5,1.0,8000,1.0,0.2,0.8,external_balanced_oracle,False,,,0.0,False,NA,False,False,False,True
shifted_sensitivity|Camelyon17-WILDS|seed=5|fraction=1|gamma=1.01|tau=0.05|lambda=0.6,shifted_sensitivity,Camelyon17-WILDS,5,1.0,8000,1.01,0.05,0.6,always_deploy_balanced,True,"MANCE++::epsilon=0.05,steps=3",MANCE++,0.0,False,NA,False,True,False,True
shifted_sensitivity|Camelyon17-WILDS|seed=5|fraction=1|gamma=1.01|tau=0.05|lambda=0.6,shifted_sensitivity,Camelyon17-WILDS,5,1.0,8000,1.01,0.05,0.6,point_selection_balanced,False,,,0.0,False,NA,False,False,False,True
shifted_sensitivity|Camelyon17-WILDS|seed=5|fraction=1|gamma=1.01|tau=0.05|lambda=0.6,shifted_sensitivity,Camelyon17-WILDS,5,1.0,8000,1.01,0.05,0.6,vera_balanced_iut,False,,,0.0,False,NA,False,False,True,True
shifted_sensitivity|Camelyon17-WILDS|seed=5|fraction=1|gamma=1.01|tau=0.05|lambda=0.6,shifted_sensitivity,Camelyon17-WILDS,5,1.0,8000,1.01,0.05,0.6,vera_balanced_envelope,False,,,0.0,False,NA,False,False,True,True
shifted_sensitivity|Camelyon17-WILDS|seed=5|fraction=1|gamma=1.01|tau=0.05|lambda=0.6,shifted_sensitivity,Camelyon17-WILDS,5,1.0,8000,1.01,0.05,0.6,external_balanced_oracle,False,,,0.0,False,NA,False,False,False,True
shifted_sensitivity|Camelyon17-WILDS|seed=5|fraction=1|gamma=1.01|tau=0.05|lambda=0.7,shifted_sensitivity,Camelyon17-WILDS,5,1.0,8000,1.01,0.05,0.7,always_deploy_balanced,True,"MANCE++::epsilon=0.05,steps=3",MANCE++,0.0,False,NA,False,True,False,True
shifted_sensitivity|Camelyon17-WILDS|seed=5|fraction=1|gamma=1.01|tau=0.05|lambda=0.7,shifted_sensitivity,Camelyon17-WILDS,5,1.0,8000,1.01,0.05,0.7,point_selection_balanced,False,,,0.0,False,NA,False,False,False,True
shifted_sensitivity|Camelyon17-WILDS|seed=5|fraction=1|gamma=1.01|tau=0.05|lambda=0.7,shifted_sensitivity,Camelyon17-WILDS,5,1.0,8000,1.01,0.05,0.7,vera_balanced_iut,False,,,0.0,False,NA,False,False,True,True
shifted_sensitivity|Camelyon17-WILDS|seed=5|fraction=1|gamma=1.01|tau=0.05|lambda=0.7,shifted_sensitivity,Camelyon17-WILDS,5,1.0,8000,1.01,0.05,0.7,vera_balanced_envelope,False,,,0.0,False,NA,False,False,True,True
shifted_sensitivity|Camelyon17-WILDS|seed=5|fraction=1|gamma=1.01|tau=0.05|lambda=0.7,shifted_sensitivity,Camelyon17-WILDS,5,1.0,8000,1.01,0.05,0.7,external_balanced_oracle,False,,,0.0,False,NA,False,False,False,True
shifted_sensitivity|Camelyon17-WILDS|seed=5|fraction=1|gamma=1.01|tau=0.05|lambda=0.8,shifted_sensitivity,Camelyon17-WILDS,5,1.0,8000,1.01,0.05,0.8,always_deploy_balanced,True,"MANCE++::epsilon=0.05,steps=3",MANCE++,0.0,False,NA,False,True,False,True
shifted_sensitivity|Camelyon17-WILDS|seed=5|fraction=1|gamma=1.01|tau=0.05|lambda=0.8,shifted_sensitivity,Camelyon17-WILDS,5,1.0,8000,1.01,0.05,0.8,point_selection_balanced,True,"MANCE++::epsilon=0.05,steps=3",MANCE++,0.0,False,NA,False,True,False,True
shifted_sensitivity|Camelyon17-WILDS|seed=5|fraction=1|gamma=1.01|tau=0.05|lambda=0.8,shifted_sensitivity,Camelyon17-WILDS,5,1.0,8000,1.01,0.05,0.8,vera_balanced_iut,False,,,0.0,False,NA,False,False,True,True
shifted_sensitivity|Camelyon17-WILDS|seed=5|fraction=1|gamma=1.01|tau=0.05|lambda=0.8,shifted_sensitivity,Camelyon17-WILDS,5,1.0,8000,1.01,0.05,0.8,vera_balanced_envelope,False,,,0.0,False,NA,False,False,True,True
shifted_sensitivity|Camelyon17-WILDS|seed=5|fraction=1|gamma=1.01|tau=0.05|lambda=0.8,shifted_sensitivity,Camelyon17-WILDS,5,1.0,8000,1.01,0.05,0.8,external_balanced_oracle,False,,,0.0,False,NA,False,False,False,True
shifted_sensitivity|Camelyon17-WILDS|seed=5|fraction=1|gamma=1.01|tau=0.1|lambda=0.6,shifted_sensitivity,Camelyon17-WILDS,5,1.0,8000,1.01,0.1,0.6,always_deploy_balanced,True,"MANCE++::epsilon=0.05,steps=3",MANCE++,0.0,False,NA,False,True,False,True
shifted_sensitivity|Camelyon17-WILDS|seed=5|fraction=1|gamma=1.01|tau=0.1|lambda=0.6,shifted_sensitivity,Camelyon17-WILDS,5,1.0,8000,1.01,0.1,0.6,point_selection_balanced,False,,,0.0,False,NA,False,False,False,True
shifted_sensitivity|Camelyon17-WILDS|seed=5|fraction=1|gamma=1.01|tau=0.1|lambda=0.6,shifted_sensitivity,Camelyon17-WILDS,5,1.0,8000,1.01,0.1,0.6,vera_balanced_iut,False,,,0.0,False,NA,False,False,True,True
shifted_sensitivity|Camelyon17-WILDS|seed=5|fraction=1|gamma=1.01|tau=0.1|lambda=0.6,shifted_sensitivity,Camelyon17-WILDS,5,1.0,8000,1.01,0.1,0.6,vera_balanced_envelope,False,,,0.0,False,NA,False,False,True,True
shifted_sensitivity|Camelyon17-WILDS|seed=5|fraction=1|gamma=1.01|tau=0.1|lambda=0.6,shifted_sensitivity,Camelyon17-WILDS,5,1.0,8000,1.01,0.1,0.6,external_balanced_oracle,False,,,0.0,False,NA,False,False,False,True
shifted_sensitivity|Camelyon17-WILDS|seed=5|fraction=1|gamma=1.01|tau=0.1|lambda=0.7,shifted_sensitivity,Camelyon17-WILDS,5,1.0,8000,1.01,0.1,0.7,always_deploy_balanced,True,"MANCE++::epsilon=0.05,steps=3",MANCE++,0.0,False,NA,False,True,False,True
shifted_sensitivity|Camelyon17-WILDS|seed=5|fraction=1|gamma=1.01|tau=0.1|lambda=0.7,shifted_sensitivity,Camelyon17-WILDS,5,1.0,8000,1.01,0.1,0.7,point_selection_balanced,False,,,0.0,False,NA,False,False,False,True
shifted_sensitivity|Camelyon17-WILDS|seed=5|fraction=1|gamma=1.01|tau=0.1|lambda=0.7,shifted_sensitivity,Camelyon17-WILDS,5,1.0,8000,1.01,0.1,0.7,vera_balanced_iut,False,,,0.0,False,NA,False,False,True,True
shifted_sensitivity|Camelyon17-WILDS|seed=5|fraction=1|gamma=1.01|tau=0.1|lambda=0.7,shifted_sensitivity,Camelyon17-WILDS,5,1.0,8000,1.01,0.1,0.7,vera_balanced_envelope,False,,,0.0,False,NA,False,False,True,True
shifted_sensitivity|Camelyon17-WILDS|seed=5|fraction=1|gamma=1.01|tau=0.1|lambda=0.7,shifted_sensitivity,Camelyon17-WILDS,5,1.0,8000,1.01,0.1,0.7,external_balanced_oracle,False,,,0.0,False,NA,False,False,False,True
shifted_sensitivity|Camelyon17-WILDS|seed=5|fraction=1|gamma=1.01|tau=0.1|lambda=0.8,shifted_sensitivity,Camelyon17-WILDS,5,1.0,8000,1.01,0.1,0.8,always_deploy_balanced,True,"MANCE++::epsilon=0.05,steps=3",MANCE++,0.0,False,NA,False,True,False,True
shifted_sensitivity|Camelyon17-WILDS|seed=5|fraction=1|gamma=1.01|tau=0.1|lambda=0.8,shifted_sensitivity,Camelyon17-WILDS,5,1.0,8000,1.01,0.1,0.8,point_selection_balanced,True,"MANCE++::epsilon=0.05,steps=3",MANCE++,0.0,False,NA,False,True,False,True
shifted_sensitivity|Camelyon17-WILDS|seed=5|fraction=1|gamma=1.01|tau=0.1|lambda=0.8,shifted_sensitivity,Camelyon17-WILDS,5,1.0,8000,1.01,0.1,0.8,vera_balanced_iut,False,,,0.0,False,NA,False,False,True,True
shifted_sensitivity|Camelyon17-WILDS|seed=5|fraction=1|gamma=1.01|tau=0.1|lambda=0.8,shifted_sensitivity,Camelyon17-WILDS,5,1.0,8000,1.01,0.1,0.8,vera_balanced_envelope,False,,,0.0,False,NA,False,False,True,True
shifted_sensitivity|Camelyon17-WILDS|seed=5|fraction=1|gamma=1.01|tau=0.1|lambda=0.8,shifted_sensitivity,Camelyon17-WILDS,5,1.0,8000,1.01,0.1,0.8,external_balanced_oracle,False,,,0.0,False,NA,False,False,False,True
shifted_sensitivity|Camelyon17-WILDS|seed=5|fraction=1|gamma=1.01|tau=0.2|lambda=0.6,shifted_sensitivity,Camelyon17-WILDS,5,1.0,8000,1.01,0.2,0.6,always_deploy_balanced,True,"MANCE++::epsilon=0.05,steps=3",MANCE++,0.0,False,NA,False,True,False,True
shifted_sensitivity|Camelyon17-WILDS|seed=5|fraction=1|gamma=1.01|tau=0.2|lambda=0.6,shifted_sensitivity,Camelyon17-WILDS,5,1.0,8000,1.01,0.2,0.6,point_selection_balanced,False,,,0.0,False,NA,False,False,False,True
shifted_sensitivity|Camelyon17-WILDS|seed=5|fraction=1|gamma=1.01|tau=0.2|lambda=0.6,shifted_sensitivity,Camelyon17-WILDS,5,1.0,8000,1.01,0.2,0.6,vera_balanced_iut,False,,,0.0,False,NA,False,False,True,True
shifted_sensitivity|Camelyon17-WILDS|seed=5|fraction=1|gamma=1.01|tau=0.2|lambda=0.6,shifted_sensitivity,Camelyon17-WILDS,5,1.0,8000,1.01,0.2,0.6,vera_balanced_envelope,False,,,0.0,False,NA,False,False,True,True
shifted_sensitivity|Camelyon17-WILDS|seed=5|fraction=1|gamma=1.01|tau=0.2|lambda=0.6,shifted_sensitivity,Camelyon17-WILDS,5,1.0,8000,1.01,0.2,0.6,external_balanced_oracle,False,,,0.0,False,NA,False,False,False,True
shifted_sensitivity|Camelyon17-WILDS|seed=5|fraction=1|gamma=1.01|tau=0.2|lambda=0.7,shifted_sensitivity,Camelyon17-WILDS,5,1.0,8000,1.01,0.2,0.7,always_deploy_balanced,True,"MANCE++::epsilon=0.05,steps=3",MANCE++,0.0,False,NA,False,True,False,True
shifted_sensitivity|Camelyon17-WILDS|seed=5|fraction=1|gamma=1.01|tau=0.2|lambda=0.7,shifted_sensitivity,Camelyon17-WILDS,5,1.0,8000,1.01,0.2,0.7,point_selection_balanced,False,,,0.0,False,NA,False,False,False,True
shifted_sensitivity|Camelyon17-WILDS|seed=5|fraction=1|gamma=1.01|tau=0.2|lambda=0.7,shifted_sensitivity,Camelyon17-WILDS,5,1.0,8000,1.01,0.2,0.7,vera_balanced_iut,False,,,0.0,False,NA,False,False,True,True
shifted_sensitivity|Camelyon17-WILDS|seed=5|fraction=1|gamma=1.01|tau=0.2|lambda=0.7,shifted_sensitivity,Camelyon17-WILDS,5,1.0,8000,1.01,0.2,0.7,vera_balanced_envelope,False,,,0.0,False,NA,False,False,True,True
shifted_sensitivity|Camelyon17-WILDS|seed=5|fraction=1|gamma=1.01|tau=0.2|lambda=0.7,shifted_sensitivity,Camelyon17-WILDS,5,1.0,8000,1.01,0.2,0.7,external_balanced_oracle,False,,,0.0,False,NA,False,False,False,True
shifted_sensitivity|Camelyon17-WILDS|seed=5|fraction=1|gamma=1.01|tau=0.2|lambda=0.8,shifted_sensitivity,Camelyon17-WILDS,5,1.0,8000,1.01,0.2,0.8,always_deploy_balanced,True,"MANCE++::epsilon=0.05,steps=3",MANCE++,0.0,False,NA,False,True,False,True
shifted_sensitivity|Camelyon17-WILDS|seed=5|fraction=1|gamma=1.01|tau=0.2|lambda=0.8,shifted_sensitivity,Camelyon17-WILDS,5,1.0,8000,1.01,0.2,0.8,point_selection_balanced,True,"MANCE++::epsilon=0.05,steps=3",MANCE++,0.0,False,NA,False,True,False,True
shifted_sensitivity|Camelyon17-WILDS|seed=5|fraction=1|gamma=1.01|tau=0.2|lambda=0.8,shifted_sensitivity,Camelyon17-WILDS,5,1.0,8000,1.01,0.2,0.8,vera_balanced_iut,False,,,0.0,False,NA,False,False,True,True
shifted_sensitivity|Camelyon17-WILDS|seed=5|fraction=1|gamma=1.01|tau=0.2|lambda=0.8,shifted_sensitivity,Camelyon17-WILDS,5,1.0,8000,1.01,0.2,0.8,vera_balanced_envelope,False,,,0.0,False,NA,False,False,True,True
shifted_sensitivity|Camelyon17-WILDS|seed=5|fraction=1|gamma=1.01|tau=0.2|lambda=0.8,shifted_sensitivity,Camelyon17-WILDS,5,1.0,8000,1.01,0.2,0.8,external_balanced_oracle,False,,,0.0,False,NA,False,False,False,True
learning_curve|Camelyon17-WILDS|seed=6|fraction=0.05|gamma=1|tau=0.05|lambda=0.6,learning_curve,Camelyon17-WILDS,6,0.05,396,1.0,0.05,0.6,always_deploy_balanced,True,"MANCE++::epsilon=0.05,steps=3",MANCE++,0.0,False,NA,False,True,False,True
learning_curve|Camelyon17-WILDS|seed=6|fraction=0.05|gamma=1|tau=0.05|lambda=0.6,learning_curve,Camelyon17-WILDS,6,0.05,396,1.0,0.05,0.6,point_selection_balanced,False,,,0.0,False,NA,False,False,False,True
learning_curve|Camelyon17-WILDS|seed=6|fraction=0.05|gamma=1|tau=0.05|lambda=0.6,learning_curve,Camelyon17-WILDS,6,0.05,396,1.0,0.05,0.6,vera_balanced_iut,False,,,0.0,False,NA,False,False,True,True
learning_curve|Camelyon17-WILDS|seed=6|fraction=0.05|gamma=1|tau=0.05|lambda=0.6,learning_curve,Camelyon17-WILDS,6,0.05,396,1.0,0.05,0.6,vera_balanced_envelope,False,,,0.0,False,NA,False,False,True,True
learning_curve|Camelyon17-WILDS|seed=6|fraction=0.05|gamma=1|tau=0.05|lambda=0.6,learning_curve,Camelyon17-WILDS,6,0.05,396,1.0,0.05,0.6,external_balanced_oracle,False,,,0.0,False,NA,False,False,False,True
learning_curve|Camelyon17-WILDS|seed=6|fraction=0.05|gamma=1|tau=0.05|lambda=0.7,learning_curve,Camelyon17-WILDS,6,0.05,396,1.0,0.05,0.7,always_deploy_balanced,True,"MANCE++::epsilon=0.05,steps=3",MANCE++,0.0,False,NA,False,True,False,True
learning_curve|Camelyon17-WILDS|seed=6|fraction=0.05|gamma=1|tau=0.05|lambda=0.7,learning_curve,Camelyon17-WILDS,6,0.05,396,1.0,0.05,0.7,point_selection_balanced,False,,,0.0,False,NA,False,False,False,True
learning_curve|Camelyon17-WILDS|seed=6|fraction=0.05|gamma=1|tau=0.05|lambda=0.7,learning_curve,Camelyon17-WILDS,6,0.05,396,1.0,0.05,0.7,vera_balanced_iut,False,,,0.0,False,NA,False,False,True,True
learning_curve|Camelyon17-WILDS|seed=6|fraction=0.05|gamma=1|tau=0.05|lambda=0.7,learning_curve,Camelyon17-WILDS,6,0.05,396,1.0,0.05,0.7,vera_balanced_envelope,False,,,0.0,False,NA,False,False,True,True
learning_curve|Camelyon17-WILDS|seed=6|fraction=0.05|gamma=1|tau=0.05|lambda=0.7,learning_curve,Camelyon17-WILDS,6,0.05,396,1.0,0.05,0.7,external_balanced_oracle,False,,,0.0,False,NA,False,False,False,True
learning_curve|Camelyon17-WILDS|seed=6|fraction=0.05|gamma=1|tau=0.05|lambda=0.8,learning_curve,Camelyon17-WILDS,6,0.05,396,1.0,0.05,0.8,always_deploy_balanced,True,"MANCE++::epsilon=0.05,steps=3",MANCE++,0.0,False,NA,False,True,False,True
learning_curve|Camelyon17-WILDS|seed=6|fraction=0.05|gamma=1|tau=0.05|lambda=0.8,learning_curve,Camelyon17-WILDS,6,0.05,396,1.0,0.05,0.8,point_selection_balanced,True,"MANCE++::epsilon=0.05,steps=3",MANCE++,0.0,False,NA,False,True,False,True
learning_curve|Camelyon17-WILDS|seed=6|fraction=0.05|gamma=1|tau=0.05|lambda=0.8,learning_curve,Camelyon17-WILDS,6,0.05,396,1.0,0.05,0.8,vera_balanced_iut,False,,,0.0,False,NA,False,False,True,True
learning_curve|Camelyon17-WILDS|seed=6|fraction=0.05|gamma=1|tau=0.05|lambda=0.8,learning_curve,Camelyon17-WILDS,6,0.05,396,1.0,0.05,0.8,vera_balanced_envelope,False,,,0.0,False,NA,False,False,True,True
learning_curve|Camelyon17-WILDS|seed=6|fraction=0.05|gamma=1|tau=0.05|lambda=0.8,learning_curve,Camelyon17-WILDS,6,0.05,396,1.0,0.05,0.8,external_balanced_oracle,False,,,0.0,False,NA,False,False,False,True
learning_curve|Camelyon17-WILDS|seed=6|fraction=0.05|gamma=1|tau=0.1|lambda=0.6,learning_curve,Camelyon17-WILDS,6,0.05,396,1.0,0.1,0.6,always_deploy_balanced,True,"MANCE++::epsilon=0.05,steps=3",MANCE++,0.0,False,NA,False,True,False,True
learning_curve|Camelyon17-WILDS|seed=6|fraction=0.05|gamma=1|tau=0.1|lambda=0.6,learning_curve,Camelyon17-WILDS,6,0.05,396,1.0,0.1,0.6,point_selection_balanced,False,,,0.0,False,NA,False,False,False,True
learning_curve|Camelyon17-WILDS|seed=6|fraction=0.05|gamma=1|tau=0.1|lambda=0.6,learning_curve,Camelyon17-WILDS,6,0.05,396,1.0,0.1,0.6,vera_balanced_iut,False,,,0.0,False,NA,False,False,True,True
learning_curve|Camelyon17-WILDS|seed=6|fraction=0.05|gamma=1|tau=0.1|lambda=0.6,learning_curve,Camelyon17-WILDS,6,0.05,396,1.0,0.1,0.6,vera_balanced_envelope,False,,,0.0,False,NA,False,False,True,True
learning_curve|Camelyon17-WILDS|seed=6|fraction=0.05|gamma=1|tau=0.1|lambda=0.6,learning_curve,Camelyon17-WILDS,6,0.05,396,1.0,0.1,0.6,external_balanced_oracle,False,,,0.0,False,NA,False,False,False,True
learning_curve|Camelyon17-WILDS|seed=6|fraction=0.05|gamma=1|tau=0.1|lambda=0.7,learning_curve,Camelyon17-WILDS,6,0.05,396,1.0,0.1,0.7,always_deploy_balanced,True,"MANCE++::epsilon=0.05,steps=3",MANCE++,0.0,False,NA,False,True,False,True
learning_curve|Camelyon17-WILDS|seed=6|fraction=0.05|gamma=1|tau=0.1|lambda=0.7,learning_curve,Camelyon17-WILDS,6,0.05,396,1.0,0.1,0.7,point_selection_balanced,False,,,0.0,False,NA,False,False,False,True
learning_curve|Camelyon17-WILDS|seed=6|fraction=0.05|gamma=1|tau=0.1|lambda=0.7,learning_curve,Camelyon17-WILDS,6,0.05,396,1.0,0.1,0.7,vera_balanced_iut,False,,,0.0,False,NA,False,False,True,True
learning_curve|Camelyon17-WILDS|seed=6|fraction=0.05|gamma=1|tau=0.1|lambda=0.7,learning_curve,Camelyon17-WILDS,6,0.05,396,1.0,0.1,0.7,vera_balanced_envelope,False,,,0.0,False,NA,False,False,True,True
learning_curve|Camelyon17-WILDS|seed=6|fraction=0.05|gamma=1|tau=0.1|lambda=0.7,learning_curve,Camelyon17-WILDS,6,0.05,396,1.0,0.1,0.7,external_balanced_oracle,False,,,0.0,False,NA,False,False,False,True
learning_curve|Camelyon17-WILDS|seed=6|fraction=0.05|gamma=1|tau=0.1|lambda=0.8,learning_curve,Camelyon17-WILDS,6,0.05,396,1.0,0.1,0.8,always_deploy_balanced,True,"MANCE++::epsilon=0.05,steps=3",MANCE++,0.0,False,NA,False,True,False,True
learning_curve|Camelyon17-WILDS|seed=6|fraction=0.05|gamma=1|tau=0.1|lambda=0.8,learning_curve,Camelyon17-WILDS,6,0.05,396,1.0,0.1,0.8,point_selection_balanced,True,"MANCE++::epsilon=0.05,steps=3",MANCE++,0.0,False,NA,False,True,False,True
learning_curve|Camelyon17-WILDS|seed=6|fraction=0.05|gamma=1|tau=0.1|lambda=0.8,learning_curve,Camelyon17-WILDS,6,0.05,396,1.0,0.1,0.8,vera_balanced_iut,False,,,0.0,False,NA,False,False,True,True
learning_curve|Camelyon17-WILDS|seed=6|fraction=0.05|gamma=1|tau=0.1|lambda=0.8,learning_curve,Camelyon17-WILDS,6,0.05,396,1.0,0.1,0.8,vera_balanced_envelope,False,,,0.0,False,NA,False,False,True,True
learning_curve|Camelyon17-WILDS|seed=6|fraction=0.05|gamma=1|tau=0.1|lambda=0.8,learning_curve,Camelyon17-WILDS,6,0.05,396,1.0,0.1,0.8,external_balanced_oracle,False,,,0.0,False,NA,False,False,False,True
learning_curve|Camelyon17-WILDS|seed=6|fraction=0.05|gamma=1|tau=0.2|lambda=0.6,learning_curve,Camelyon17-WILDS,6,0.05,396,1.0,0.2,0.6,always_deploy_balanced,True,"MANCE++::epsilon=0.05,steps=3",MANCE++,0.0,False,NA,False,True,False,True
learning_curve|Camelyon17-WILDS|seed=6|fraction=0.05|gamma=1|tau=0.2|lambda=0.6,learning_curve,Camelyon17-WILDS,6,0.05,396,1.0,0.2,0.6,point_selection_balanced,False,,,0.0,False,NA,False,False,False,True
learning_curve|Camelyon17-WILDS|seed=6|fraction=0.05|gamma=1|tau=0.2|lambda=0.6,learning_curve,Camelyon17-WILDS,6,0.05,396,1.0,0.2,0.6,vera_balanced_iut,False,,,0.0,False,NA,False,False,True,True
learning_curve|Camelyon17-WILDS|seed=6|fraction=0.05|gamma=1|tau=0.2|lambda=0.6,learning_curve,Camelyon17-WILDS,6,0.05,396,1.0,0.2,0.6,vera_balanced_envelope,False,,,0.0,False,NA,False,False,True,True
learning_curve|Camelyon17-WILDS|seed=6|fraction=0.05|gamma=1|tau=0.2|lambda=0.6,learning_curve,Camelyon17-WILDS,6,0.05,396,1.0,0.2,0.6,external_balanced_oracle,False,,,0.0,False,NA,False,False,False,True
learning_curve|Camelyon17-WILDS|seed=6|fraction=0.05|gamma=1|tau=0.2|lambda=0.7,learning_curve,Camelyon17-WILDS,6,0.05,396,1.0,0.2,0.7,always_deploy_balanced,True,"MANCE++::epsilon=0.05,steps=3",MANCE++,0.0,False,NA,False,True,False,True
learning_curve|Camelyon17-WILDS|seed=6|fraction=0.05|gamma=1|tau=0.2|lambda=0.7,learning_curve,Camelyon17-WILDS,6,0.05,396,1.0,0.2,0.7,point_selection_balanced,False,,,0.0,False,NA,False,False,False,True
learning_curve|Camelyon17-WILDS|seed=6|fraction=0.05|gamma=1|tau=0.2|lambda=0.7,learning_curve,Camelyon17-WILDS,6,0.05,396,1.0,0.2,0.7,vera_balanced_iut,False,,,0.0,False,NA,False,False,True,True
learning_curve|Camelyon17-WILDS|seed=6|fraction=0.05|gamma=1|tau=0.2|lambda=0.7,learning_curve,Camelyon17-WILDS,6,0.05,396,1.0,0.2,0.7,vera_balanced_envelope,False,,,0.0,False,NA,False,False,True,True
learning_curve|Camelyon17-WILDS|seed=6|fraction=0.05|gamma=1|tau=0.2|lambda=0.7,learning_curve,Camelyon17-WILDS,6,0.05,396,1.0,0.2,0.7,external_balanced_oracle,False,,,0.0,False,NA,False,False,False,True
learning_curve|Camelyon17-WILDS|seed=6|fraction=0.05|gamma=1|tau=0.2|lambda=0.8,learning_curve,Camelyon17-WILDS,6,0.05,396,1.0,0.2,0.8,always_deploy_balanced,True,"MANCE++::epsilon=0.05,steps=3",MANCE++,0.0,False,NA,False,True,False,True
learning_curve|Camelyon17-WILDS|seed=6|fraction=0.05|gamma=1|tau=0.2|lambda=0.8,learning_curve,Camelyon17-WILDS,6,0.05,396,1.0,0.2,0.8,point_selection_balanced,True,"MANCE++::epsilon=0.05,steps=3",MANCE++,0.0,False,NA,False,True,False,True
learning_curve|Camelyon17-WILDS|seed=6|fraction=0.05|gamma=1|tau=0.2|lambda=0.8,learning_curve,Camelyon17-WILDS,6,0.05,396,1.0,0.2,0.8,vera_balanced_iut,False,,,0.0,False,NA,False,False,True,True
learning_curve|Camelyon17-WILDS|seed=6|fraction=0.05|gamma=1|tau=0.2|lambda=0.8,learning_curve,Camelyon17-WILDS,6,0.05,396,1.0,0.2,0.8,vera_balanced_envelope,False,,,0.0,False,NA,False,False,True,True
learning_curve|Camelyon17-WILDS|seed=6|fraction=0.05|gamma=1|tau=0.2|lambda=0.8,learning_curve,Camelyon17-WILDS,6,0.05,396,1.0,0.2,0.8,external_balanced_oracle,False,,,0.0,False,NA,False,False,False,True
learning_curve|Camelyon17-WILDS|seed=6|fraction=0.1|gamma=1|tau=0.05|lambda=0.6,learning_curve,Camelyon17-WILDS,6,0.1,797,1.0,0.05,0.6,always_deploy_balanced,True,"MANCE++::epsilon=0.05,steps=3",MANCE++,0.0,False,NA,False,True,False,True
learning_curve|Camelyon17-WILDS|seed=6|fraction=0.1|gamma=1|tau=0.05|lambda=0.6,learning_curve,Camelyon17-WILDS,6,0.1,797,1.0,0.05,0.6,point_selection_balanced,False,,,0.0,False,NA,False,False,False,True
learning_curve|Camelyon17-WILDS|seed=6|fraction=0.1|gamma=1|tau=0.05|lambda=0.6,learning_curve,Camelyon17-WILDS,6,0.1,797,1.0,0.05,0.6,vera_balanced_iut,False,,,0.0,False,NA,False,False,True,True
learning_curve|Camelyon17-WILDS|seed=6|fraction=0.1|gamma=1|tau=0.05|lambda=0.6,learning_curve,Camelyon17-WILDS,6,0.1,797,1.0,0.05,0.6,vera_balanced_envelope,False,,,0.0,False,NA,False,False,True,True
learning_curve|Camelyon17-WILDS|seed=6|fraction=0.1|gamma=1|tau=0.05|lambda=0.6,learning_curve,Camelyon17-WILDS,6,0.1,797,1.0,0.05,0.6,external_balanced_oracle,False,,,0.0,False,NA,False,False,False,True
learning_curve|Camelyon17-WILDS|seed=6|fraction=0.1|gamma=1|tau=0.05|lambda=0.7,learning_curve,Camelyon17-WILDS,6,0.1,797,1.0,0.05,0.7,always_deploy_balanced,True,"MANCE++::epsilon=0.05,steps=3",MANCE++,0.0,False,NA,False,True,False,True
learning_curve|Camelyon17-WILDS|seed=6|fraction=0.1|gamma=1|tau=0.05|lambda=0.7,learning_curve,Camelyon17-WILDS,6,0.1,797,1.0,0.05,0.7,point_selection_balanced,False,,,0.0,False,NA,False,False,False,True
learning_curve|Camelyon17-WILDS|seed=6|fraction=0.1|gamma=1|tau=0.05|lambda=0.7,learning_curve,Camelyon17-WILDS,6,0.1,797,1.0,0.05,0.7,vera_balanced_iut,False,,,0.0,False,NA,False,False,True,True
learning_curve|Camelyon17-WILDS|seed=6|fraction=0.1|gamma=1|tau=0.05|lambda=0.7,learning_curve,Camelyon17-WILDS,6,0.1,797,1.0,0.05,0.7,vera_balanced_envelope,False,,,0.0,False,NA,False,False,True,True
learning_curve|Camelyon17-WILDS|seed=6|fraction=0.1|gamma=1|tau=0.05|lambda=0.7,learning_curve,Camelyon17-WILDS,6,0.1,797,1.0,0.05,0.7,external_balanced_oracle,False,,,0.0,False,NA,False,False,False,True
learning_curve|Camelyon17-WILDS|seed=6|fraction=0.1|gamma=1|tau=0.05|lambda=0.8,learning_curve,Camelyon17-WILDS,6,0.1,797,1.0,0.05,0.8,always_deploy_balanced,True,"MANCE++::epsilon=0.05,steps=3",MANCE++,0.0,False,NA,False,True,False,True
learning_curve|Camelyon17-WILDS|seed=6|fraction=0.1|gamma=1|tau=0.05|lambda=0.8,learning_curve,Camelyon17-WILDS,6,0.1,797,1.0,0.05,0.8,point_selection_balanced,True,"MANCE++::epsilon=0.05,steps=3",MANCE++,0.0,False,NA,False,True,False,True
learning_curve|Camelyon17-WILDS|seed=6|fraction=0.1|gamma=1|tau=0.05|lambda=0.8,learning_curve,Camelyon17-WILDS,6,0.1,797,1.0,0.05,0.8,vera_balanced_iut,False,,,0.0,False,NA,False,False,True,True
learning_curve|Camelyon17-WILDS|seed=6|fraction=0.1|gamma=1|tau=0.05|lambda=0.8,learning_curve,Camelyon17-WILDS,6,0.1,797,1.0,0.05,0.8,vera_balanced_envelope,False,,,0.0,False,NA,False,False,True,True
learning_curve|Camelyon17-WILDS|seed=6|fraction=0.1|gamma=1|tau=0.05|lambda=0.8,learning_curve,Camelyon17-WILDS,6,0.1,797,1.0,0.05,0.8,external_balanced_oracle,False,,,0.0,False,NA,False,False,False,True
learning_curve|Camelyon17-WILDS|seed=6|fraction=0.1|gamma=1|tau=0.1|lambda=0.6,learning_curve,Camelyon17-WILDS,6,0.1,797,1.0,0.1,0.6,always_deploy_balanced,True,"MANCE++::epsilon=0.05,steps=3",MANCE++,0.0,False,NA,False,True,False,True
learning_curve|Camelyon17-WILDS|seed=6|fraction=0.1|gamma=1|tau=0.1|lambda=0.6,learning_curve,Camelyon17-WILDS,6,0.1,797,1.0,0.1,0.6,point_selection_balanced,False,,,0.0,False,NA,False,False,False,True
learning_curve|Camelyon17-WILDS|seed=6|fraction=0.1|gamma=1|tau=0.1|lambda=0.6,learning_curve,Camelyon17-WILDS,6,0.1,797,1.0,0.1,0.6,vera_balanced_iut,False,,,0.0,False,NA,False,False,True,True
learning_curve|Camelyon17-WILDS|seed=6|fraction=0.1|gamma=1|tau=0.1|lambda=0.6,learning_curve,Camelyon17-WILDS,6,0.1,797,1.0,0.1,0.6,vera_balanced_envelope,False,,,0.0,False,NA,False,False,True,True
learning_curve|Camelyon17-WILDS|seed=6|fraction=0.1|gamma=1|tau=0.1|lambda=0.6,learning_curve,Camelyon17-WILDS,6,0.1,797,1.0,0.1,0.6,external_balanced_oracle,False,,,0.0,False,NA,False,False,False,True
learning_curve|Camelyon17-WILDS|seed=6|fraction=0.1|gamma=1|tau=0.1|lambda=0.7,learning_curve,Camelyon17-WILDS,6,0.1,797,1.0,0.1,0.7,always_deploy_balanced,True,"MANCE++::epsilon=0.05,steps=3",MANCE++,0.0,False,NA,False,True,False,True
learning_curve|Camelyon17-WILDS|seed=6|fraction=0.1|gamma=1|tau=0.1|lambda=0.7,learning_curve,Camelyon17-WILDS,6,0.1,797,1.0,0.1,0.7,point_selection_balanced,False,,,0.0,False,NA,False,False,False,True
learning_curve|Camelyon17-WILDS|seed=6|fraction=0.1|gamma=1|tau=0.1|lambda=0.7,learning_curve,Camelyon17-WILDS,6,0.1,797,1.0,0.1,0.7,vera_balanced_iut,False,,,0.0,False,NA,False,False,True,True
learning_curve|Camelyon17-WILDS|seed=6|fraction=0.1|gamma=1|tau=0.1|lambda=0.7,learning_curve,Camelyon17-WILDS,6,0.1,797,1.0,0.1,0.7,vera_balanced_envelope,False,,,0.0,False,NA,False,False,True,True
learning_curve|Camelyon17-WILDS|seed=6|fraction=0.1|gamma=1|tau=0.1|lambda=0.7,learning_curve,Camelyon17-WILDS,6,0.1,797,1.0,0.1,0.7,external_balanced_oracle,False,,,0.0,False,NA,False,False,False,True
learning_curve|Camelyon17-WILDS|seed=6|fraction=0.1|gamma=1|tau=0.1|lambda=0.8,learning_curve,Camelyon17-WILDS,6,0.1,797,1.0,0.1,0.8,always_deploy_balanced,True,"MANCE++::epsilon=0.05,steps=3",MANCE++,0.0,False,NA,False,True,False,True
learning_curve|Camelyon17-WILDS|seed=6|fraction=0.1|gamma=1|tau=0.1|lambda=0.8,learning_curve,Camelyon17-WILDS,6,0.1,797,1.0,0.1,0.8,point_selection_balanced,True,"MANCE++::epsilon=0.05,steps=3",MANCE++,0.0,False,NA,False,True,False,True
learning_curve|Camelyon17-WILDS|seed=6|fraction=0.1|gamma=1|tau=0.1|lambda=0.8,learning_curve,Camelyon17-WILDS,6,0.1,797,1.0,0.1,0.8,vera_balanced_iut,False,,,0.0,False,NA,False,False,True,True
learning_curve|Camelyon17-WILDS|seed=6|fraction=0.1|gamma=1|tau=0.1|lambda=0.8,learning_curve,Camelyon17-WILDS,6,0.1,797,1.0,0.1,0.8,vera_balanced_envelope,False,,,0.0,False,NA,False,False,True,True
learning_curve|Camelyon17-WILDS|seed=6|fraction=0.1|gamma=1|tau=0.1|lambda=0.8,learning_curve,Camelyon17-WILDS,6,0.1,797,1.0,0.1,0.8,external_balanced_oracle,False,,,0.0,False,NA,False,False,False,True
learning_curve|Camelyon17-WILDS|seed=6|fraction=0.1|gamma=1|tau=0.2|lambda=0.6,learning_curve,Camelyon17-WILDS,6,0.1,797,1.0,0.2,0.6,always_deploy_balanced,True,"MANCE++::epsilon=0.05,steps=3",MANCE++,0.0,False,NA,False,True,False,True
learning_curve|Camelyon17-WILDS|seed=6|fraction=0.1|gamma=1|tau=0.2|lambda=0.6,learning_curve,Camelyon17-WILDS,6,0.1,797,1.0,0.2,0.6,point_selection_balanced,False,,,0.0,False,NA,False,False,False,True
learning_curve|Camelyon17-WILDS|seed=6|fraction=0.1|gamma=1|tau=0.2|lambda=0.6,learning_curve,Camelyon17-WILDS,6,0.1,797,1.0,0.2,0.6,vera_balanced_iut,False,,,0.0,False,NA,False,False,True,True
learning_curve|Camelyon17-WILDS|seed=6|fraction=0.1|gamma=1|tau=0.2|lambda=0.6,learning_curve,Camelyon17-WILDS,6,0.1,797,1.0,0.2,0.6,vera_balanced_envelope,False,,,0.0,False,NA,False,False,True,True
learning_curve|Camelyon17-WILDS|seed=6|fraction=0.1|gamma=1|tau=0.2|lambda=0.6,learning_curve,Camelyon17-WILDS,6,0.1,797,1.0,0.2,0.6,external_balanced_oracle,False,,,0.0,False,NA,False,False,False,True
learning_curve|Camelyon17-WILDS|seed=6|fraction=0.1|gamma=1|tau=0.2|lambda=0.7,learning_curve,Camelyon17-WILDS,6,0.1,797,1.0,0.2,0.7,always_deploy_balanced,True,"MANCE++::epsilon=0.05,steps=3",MANCE++,0.0,False,NA,False,True,False,True
learning_curve|Camelyon17-WILDS|seed=6|fraction=0.1|gamma=1|tau=0.2|lambda=0.7,learning_curve,Camelyon17-WILDS,6,0.1,797,1.0,0.2,0.7,point_selection_balanced,False,,,0.0,False,NA,False,False,False,True
learning_curve|Camelyon17-WILDS|seed=6|fraction=0.1|gamma=1|tau=0.2|lambda=0.7,learning_curve,Camelyon17-WILDS,6,0.1,797,1.0,0.2,0.7,vera_balanced_iut,False,,,0.0,False,NA,False,False,True,True
learning_curve|Camelyon17-WILDS|seed=6|fraction=0.1|gamma=1|tau=0.2|lambda=0.7,learning_curve,Camelyon17-WILDS,6,0.1,797,1.0,0.2,0.7,vera_balanced_envelope,False,,,0.0,False,NA,False,False,True,True
learning_curve|Camelyon17-WILDS|seed=6|fraction=0.1|gamma=1|tau=0.2|lambda=0.7,learning_curve,Camelyon17-WILDS,6,0.1,797,1.0,0.2,0.7,external_balanced_oracle,False,,,0.0,False,NA,False,False,False,True
learning_curve|Camelyon17-WILDS|seed=6|fraction=0.1|gamma=1|tau=0.2|lambda=0.8,learning_curve,Camelyon17-WILDS,6,0.1,797,1.0,0.2,0.8,always_deploy_balanced,True,"MANCE++::epsilon=0.05,steps=3",MANCE++,0.0,False,NA,False,True,False,True
learning_curve|Camelyon17-WILDS|seed=6|fraction=0.1|gamma=1|tau=0.2|lambda=0.8,learning_curve,Camelyon17-WILDS,6,0.1,797,1.0,0.2,0.8,point_selection_balanced,True,"MANCE++::epsilon=0.05,steps=3",MANCE++,0.0,False,NA,False,True,False,True
learning_curve|Camelyon17-WILDS|seed=6|fraction=0.1|gamma=1|tau=0.2|lambda=0.8,learning_curve,Camelyon17-WILDS,6,0.1,797,1.0,0.2,0.8,vera_balanced_iut,False,,,0.0,False,NA,False,False,True,True
learning_curve|Camelyon17-WILDS|seed=6|fraction=0.1|gamma=1|tau=0.2|lambda=0.8,learning_curve,Camelyon17-WILDS,6,0.1,797,1.0,0.2,0.8,vera_balanced_envelope,False,,,0.0,False,NA,False,False,True,True
learning_curve|Camelyon17-WILDS|seed=6|fraction=0.1|gamma=1|tau=0.2|lambda=0.8,learning_curve,Camelyon17-WILDS,6,0.1,797,1.0,0.2,0.8,external_balanced_oracle,False,,,0.0,False,NA,False,False,False,True
learning_curve|Camelyon17-WILDS|seed=6|fraction=0.25|gamma=1|tau=0.05|lambda=0.6,learning_curve,Camelyon17-WILDS,6,0.25,1998,1.0,0.05,0.6,always_deploy_balanced,True,"MANCE++::epsilon=0.05,steps=3",MANCE++,0.0,False,NA,False,True,False,True
learning_curve|Camelyon17-WILDS|seed=6|fraction=0.25|gamma=1|tau=0.05|lambda=0.6,learning_curve,Camelyon17-WILDS,6,0.25,1998,1.0,0.05,0.6,point_selection_balanced,False,,,0.0,False,NA,False,False,False,True
learning_curve|Camelyon17-WILDS|seed=6|fraction=0.25|gamma=1|tau=0.05|lambda=0.6,learning_curve,Camelyon17-WILDS,6,0.25,1998,1.0,0.05,0.6,vera_balanced_iut,False,,,0.0,False,NA,False,False,True,True
learning_curve|Camelyon17-WILDS|seed=6|fraction=0.25|gamma=1|tau=0.05|lambda=0.6,learning_curve,Camelyon17-WILDS,6,0.25,1998,1.0,0.05,0.6,vera_balanced_envelope,False,,,0.0,False,NA,False,False,True,True
learning_curve|Camelyon17-WILDS|seed=6|fraction=0.25|gamma=1|tau=0.05|lambda=0.6,learning_curve,Camelyon17-WILDS,6,0.25,1998,1.0,0.05,0.6,external_balanced_oracle,False,,,0.0,False,NA,False,False,False,True
learning_curve|Camelyon17-WILDS|seed=6|fraction=0.25|gamma=1|tau=0.05|lambda=0.7,learning_curve,Camelyon17-WILDS,6,0.25,1998,1.0,0.05,0.7,always_deploy_balanced,True,"MANCE++::epsilon=0.05,steps=3",MANCE++,0.0,False,NA,False,True,False,True
learning_curve|Camelyon17-WILDS|seed=6|fraction=0.25|gamma=1|tau=0.05|lambda=0.7,learning_curve,Camelyon17-WILDS,6,0.25,1998,1.0,0.05,0.7,point_selection_balanced,False,,,0.0,False,NA,False,False,False,True
learning_curve|Camelyon17-WILDS|seed=6|fraction=0.25|gamma=1|tau=0.05|lambda=0.7,learning_curve,Camelyon17-WILDS,6,0.25,1998,1.0,0.05,0.7,vera_balanced_iut,False,,,0.0,False,NA,False,False,True,True
learning_curve|Camelyon17-WILDS|seed=6|fraction=0.25|gamma=1|tau=0.05|lambda=0.7,learning_curve,Camelyon17-WILDS,6,0.25,1998,1.0,0.05,0.7,vera_balanced_envelope,False,,,0.0,False,NA,False,False,True,True
learning_curve|Camelyon17-WILDS|seed=6|fraction=0.25|gamma=1|tau=0.05|lambda=0.7,learning_curve,Camelyon17-WILDS,6,0.25,1998,1.0,0.05,0.7,external_balanced_oracle,False,,,0.0,False,NA,False,False,False,True
learning_curve|Camelyon17-WILDS|seed=6|fraction=0.25|gamma=1|tau=0.05|lambda=0.8,learning_curve,Camelyon17-WILDS,6,0.25,1998,1.0,0.05,0.8,always_deploy_balanced,True,"MANCE++::epsilon=0.05,steps=3",MANCE++,0.0,False,NA,False,True,False,True
learning_curve|Camelyon17-WILDS|seed=6|fraction=0.25|gamma=1|tau=0.05|lambda=0.8,learning_curve,Camelyon17-WILDS,6,0.25,1998,1.0,0.05,0.8,point_selection_balanced,True,"MANCE++::epsilon=0.05,steps=3",MANCE++,0.0,False,NA,False,True,False,True
learning_curve|Camelyon17-WILDS|seed=6|fraction=0.25|gamma=1|tau=0.05|lambda=0.8,learning_curve,Camelyon17-WILDS,6,0.25,1998,1.0,0.05,0.8,vera_balanced_iut,False,,,0.0,False,NA,False,False,True,True
learning_curve|Camelyon17-WILDS|seed=6|fraction=0.25|gamma=1|tau=0.05|lambda=0.8,learning_curve,Camelyon17-WILDS,6,0.25,1998,1.0,0.05,0.8,vera_balanced_envelope,False,,,0.0,False,NA,False,False,True,True
learning_curve|Camelyon17-WILDS|seed=6|fraction=0.25|gamma=1|tau=0.05|lambda=0.8,learning_curve,Camelyon17-WILDS,6,0.25,1998,1.0,0.05,0.8,external_balanced_oracle,False,,,0.0,False,NA,False,False,False,True
learning_curve|Camelyon17-WILDS|seed=6|fraction=0.25|gamma=1|tau=0.1|lambda=0.6,learning_curve,Camelyon17-WILDS,6,0.25,1998,1.0,0.1,0.6,always_deploy_balanced,True,"MANCE++::epsilon=0.05,steps=3",MANCE++,0.0,False,NA,False,True,False,True
learning_curve|Camelyon17-WILDS|seed=6|fraction=0.25|gamma=1|tau=0.1|lambda=0.6,learning_curve,Camelyon17-WILDS,6,0.25,1998,1.0,0.1,0.6,point_selection_balanced,False,,,0.0,False,NA,False,False,False,True
learning_curve|Camelyon17-WILDS|seed=6|fraction=0.25|gamma=1|tau=0.1|lambda=0.6,learning_curve,Camelyon17-WILDS,6,0.25,1998,1.0,0.1,0.6,vera_balanced_iut,False,,,0.0,False,NA,False,False,True,True
learning_curve|Camelyon17-WILDS|seed=6|fraction=0.25|gamma=1|tau=0.1|lambda=0.6,learning_curve,Camelyon17-WILDS,6,0.25,1998,1.0,0.1,0.6,vera_balanced_envelope,False,,,0.0,False,NA,False,False,True,True
learning_curve|Camelyon17-WILDS|seed=6|fraction=0.25|gamma=1|tau=0.1|lambda=0.6,learning_curve,Camelyon17-WILDS,6,0.25,1998,1.0,0.1,0.6,external_balanced_oracle,False,,,0.0,False,NA,False,False,False,True
learning_curve|Camelyon17-WILDS|seed=6|fraction=0.25|gamma=1|tau=0.1|lambda=0.7,learning_curve,Camelyon17-WILDS,6,0.25,1998,1.0,0.1,0.7,always_deploy_balanced,True,"MANCE++::epsilon=0.05,steps=3",MANCE++,0.0,False,NA,False,True,False,True
learning_curve|Camelyon17-WILDS|seed=6|fraction=0.25|gamma=1|tau=0.1|lambda=0.7,learning_curve,Camelyon17-WILDS,6,0.25,1998,1.0,0.1,0.7,point_selection_balanced,False,,,0.0,False,NA,False,False,False,True
learning_curve|Camelyon17-WILDS|seed=6|fraction=0.25|gamma=1|tau=0.1|lambda=0.7,learning_curve,Camelyon17-WILDS,6,0.25,1998,1.0,0.1,0.7,vera_balanced_iut,False,,,0.0,False,NA,False,False,True,True
learning_curve|Camelyon17-WILDS|seed=6|fraction=0.25|gamma=1|tau=0.1|lambda=0.7,learning_curve,Camelyon17-WILDS,6,0.25,1998,1.0,0.1,0.7,vera_balanced_envelope,False,,,0.0,False,NA,False,False,True,True
learning_curve|Camelyon17-WILDS|seed=6|fraction=0.25|gamma=1|tau=0.1|lambda=0.7,learning_curve,Camelyon17-WILDS,6,0.25,1998,1.0,0.1,0.7,external_balanced_oracle,False,,,0.0,False,NA,False,False,False,True
learning_curve|Camelyon17-WILDS|seed=6|fraction=0.25|gamma=1|tau=0.1|lambda=0.8,learning_curve,Camelyon17-WILDS,6,0.25,1998,1.0,0.1,0.8,always_deploy_balanced,True,"MANCE++::epsilon=0.05,steps=3",MANCE++,0.0,False,NA,False,True,False,True
learning_curve|Camelyon17-WILDS|seed=6|fraction=0.25|gamma=1|tau=0.1|lambda=0.8,learning_curve,Camelyon17-WILDS,6,0.25,1998,1.0,0.1,0.8,point_selection_balanced,True,"MANCE++::epsilon=0.05,steps=3",MANCE++,0.0,False,NA,False,True,False,True
learning_curve|Camelyon17-WILDS|seed=6|fraction=0.25|gamma=1|tau=0.1|lambda=0.8,learning_curve,Camelyon17-WILDS,6,0.25,1998,1.0,0.1,0.8,vera_balanced_iut,False,,,0.0,False,NA,False,False,True,True
learning_curve|Camelyon17-WILDS|seed=6|fraction=0.25|gamma=1|tau=0.1|lambda=0.8,learning_curve,Camelyon17-WILDS,6,0.25,1998,1.0,0.1,0.8,vera_balanced_envelope,False,,,0.0,False,NA,False,False,True,True
learning_curve|Camelyon17-WILDS|seed=6|fraction=0.25|gamma=1|tau=0.1|lambda=0.8,learning_curve,Camelyon17-WILDS,6,0.25,1998,1.0,0.1,0.8,external_balanced_oracle,False,,,0.0,False,NA,False,False,False,True
learning_curve|Camelyon17-WILDS|seed=6|fraction=0.25|gamma=1|tau=0.2|lambda=0.6,learning_curve,Camelyon17-WILDS,6,0.25,1998,1.0,0.2,0.6,always_deploy_balanced,True,"MANCE++::epsilon=0.05,steps=3",MANCE++,0.0,False,NA,False,True,False,True
learning_curve|Camelyon17-WILDS|seed=6|fraction=0.25|gamma=1|tau=0.2|lambda=0.6,learning_curve,Camelyon17-WILDS,6,0.25,1998,1.0,0.2,0.6,point_selection_balanced,False,,,0.0,False,NA,False,False,False,True
learning_curve|Camelyon17-WILDS|seed=6|fraction=0.25|gamma=1|tau=0.2|lambda=0.6,learning_curve,Camelyon17-WILDS,6,0.25,1998,1.0,0.2,0.6,vera_balanced_iut,False,,,0.0,False,NA,False,False,True,True
learning_curve|Camelyon17-WILDS|seed=6|fraction=0.25|gamma=1|tau=0.2|lambda=0.6,learning_curve,Camelyon17-WILDS,6,0.25,1998,1.0,0.2,0.6,vera_balanced_envelope,False,,,0.0,False,NA,False,False,True,True
learning_curve|Camelyon17-WILDS|seed=6|fraction=0.25|gamma=1|tau=0.2|lambda=0.6,learning_curve,Camelyon17-WILDS,6,0.25,1998,1.0,0.2,0.6,external_balanced_oracle,False,,,0.0,False,NA,False,False,False,True
learning_curve|Camelyon17-WILDS|seed=6|fraction=0.25|gamma=1|tau=0.2|lambda=0.7,learning_curve,Camelyon17-WILDS,6,0.25,1998,1.0,0.2,0.7,always_deploy_balanced,True,"MANCE++::epsilon=0.05,steps=3",MANCE++,0.0,False,NA,False,True,False,True
learning_curve|Camelyon17-WILDS|seed=6|fraction=0.25|gamma=1|tau=0.2|lambda=0.7,learning_curve,Camelyon17-WILDS,6,0.25,1998,1.0,0.2,0.7,point_selection_balanced,False,,,0.0,False,NA,False,False,False,True
learning_curve|Camelyon17-WILDS|seed=6|fraction=0.25|gamma=1|tau=0.2|lambda=0.7,learning_curve,Camelyon17-WILDS,6,0.25,1998,1.0,0.2,0.7,vera_balanced_iut,False,,,0.0,False,NA,False,False,True,True
learning_curve|Camelyon17-WILDS|seed=6|fraction=0.25|gamma=1|tau=0.2|lambda=0.7,learning_curve,Camelyon17-WILDS,6,0.25,1998,1.0,0.2,0.7,vera_balanced_envelope,False,,,0.0,False,NA,False,False,True,True
learning_curve|Camelyon17-WILDS|seed=6|fraction=0.25|gamma=1|tau=0.2|lambda=0.7,learning_curve,Camelyon17-WILDS,6,0.25,1998,1.0,0.2,0.7,external_balanced_oracle,False,,,0.0,False,NA,False,False,False,True
learning_curve|Camelyon17-WILDS|seed=6|fraction=0.25|gamma=1|tau=0.2|lambda=0.8,learning_curve,Camelyon17-WILDS,6,0.25,1998,1.0,0.2,0.8,always_deploy_balanced,True,"MANCE++::epsilon=0.05,steps=3",MANCE++,0.0,False,NA,False,True,False,True
learning_curve|Camelyon17-WILDS|seed=6|fraction=0.25|gamma=1|tau=0.2|lambda=0.8,learning_curve,Camelyon17-WILDS,6,0.25,1998,1.0,0.2,0.8,point_selection_balanced,True,"MANCE++::epsilon=0.05,steps=3",MANCE++,0.0,False,NA,False,True,False,True
learning_curve|Camelyon17-WILDS|seed=6|fraction=0.25|gamma=1|tau=0.2|lambda=0.8,learning_curve,Camelyon17-WILDS,6,0.25,1998,1.0,0.2,0.8,vera_balanced_iut,False,,,0.0,False,NA,False,False,True,True
learning_curve|Camelyon17-WILDS|seed=6|fraction=0.25|gamma=1|tau=0.2|lambda=0.8,learning_curve,Camelyon17-WILDS,6,0.25,1998,1.0,0.2,0.8,vera_balanced_envelope,False,,,0.0,False,NA,False,False,True,True
learning_curve|Camelyon17-WILDS|seed=6|fraction=0.25|gamma=1|tau=0.2|lambda=0.8,learning_curve,Camelyon17-WILDS,6,0.25,1998,1.0,0.2,0.8,external_balanced_oracle,False,,,0.0,False,NA,False,False,False,True
learning_curve|Camelyon17-WILDS|seed=6|fraction=0.5|gamma=1|tau=0.05|lambda=0.6,learning_curve,Camelyon17-WILDS,6,0.5,3998,1.0,0.05,0.6,always_deploy_balanced,True,"MANCE++::epsilon=0.05,steps=3",MANCE++,0.0,False,NA,False,True,False,True
learning_curve|Camelyon17-WILDS|seed=6|fraction=0.5|gamma=1|tau=0.05|lambda=0.6,learning_curve,Camelyon17-WILDS,6,0.5,3998,1.0,0.05,0.6,point_selection_balanced,False,,,0.0,False,NA,False,False,False,True
learning_curve|Camelyon17-WILDS|seed=6|fraction=0.5|gamma=1|tau=0.05|lambda=0.6,learning_curve,Camelyon17-WILDS,6,0.5,3998,1.0,0.05,0.6,vera_balanced_iut,False,,,0.0,False,NA,False,False,True,True
learning_curve|Camelyon17-WILDS|seed=6|fraction=0.5|gamma=1|tau=0.05|lambda=0.6,learning_curve,Camelyon17-WILDS,6,0.5,3998,1.0,0.05,0.6,vera_balanced_envelope,False,,,0.0,False,NA,False,False,True,True
learning_curve|Camelyon17-WILDS|seed=6|fraction=0.5|gamma=1|tau=0.05|lambda=0.6,learning_curve,Camelyon17-WILDS,6,0.5,3998,1.0,0.05,0.6,external_balanced_oracle,False,,,0.0,False,NA,False,False,False,True
learning_curve|Camelyon17-WILDS|seed=6|fraction=0.5|gamma=1|tau=0.05|lambda=0.7,learning_curve,Camelyon17-WILDS,6,0.5,3998,1.0,0.05,0.7,always_deploy_balanced,True,"MANCE++::epsilon=0.05,steps=3",MANCE++,0.0,False,NA,False,True,False,True
learning_curve|Camelyon17-WILDS|seed=6|fraction=0.5|gamma=1|tau=0.05|lambda=0.7,learning_curve,Camelyon17-WILDS,6,0.5,3998,1.0,0.05,0.7,point_selection_balanced,False,,,0.0,False,NA,False,False,False,True
learning_curve|Camelyon17-WILDS|seed=6|fraction=0.5|gamma=1|tau=0.05|lambda=0.7,learning_curve,Camelyon17-WILDS,6,0.5,3998,1.0,0.05,0.7,vera_balanced_iut,False,,,0.0,False,NA,False,False,True,True
learning_curve|Camelyon17-WILDS|seed=6|fraction=0.5|gamma=1|tau=0.05|lambda=0.7,learning_curve,Camelyon17-WILDS,6,0.5,3998,1.0,0.05,0.7,vera_balanced_envelope,False,,,0.0,False,NA,False,False,True,True
learning_curve|Camelyon17-WILDS|seed=6|fraction=0.5|gamma=1|tau=0.05|lambda=0.7,learning_curve,Camelyon17-WILDS,6,0.5,3998,1.0,0.05,0.7,external_balanced_oracle,False,,,0.0,False,NA,False,False,False,True
learning_curve|Camelyon17-WILDS|seed=6|fraction=0.5|gamma=1|tau=0.05|lambda=0.8,learning_curve,Camelyon17-WILDS,6,0.5,3998,1.0,0.05,0.8,always_deploy_balanced,True,"MANCE++::epsilon=0.05,steps=3",MANCE++,0.0,False,NA,False,True,False,True
learning_curve|Camelyon17-WILDS|seed=6|fraction=0.5|gamma=1|tau=0.05|lambda=0.8,learning_curve,Camelyon17-WILDS,6,0.5,3998,1.0,0.05,0.8,point_selection_balanced,True,"MANCE++::epsilon=0.05,steps=3",MANCE++,0.0,False,NA,False,True,False,True
learning_curve|Camelyon17-WILDS|seed=6|fraction=0.5|gamma=1|tau=0.05|lambda=0.8,learning_curve,Camelyon17-WILDS,6,0.5,3998,1.0,0.05,0.8,vera_balanced_iut,False,,,0.0,False,NA,False,False,True,True
learning_curve|Camelyon17-WILDS|seed=6|fraction=0.5|gamma=1|tau=0.05|lambda=0.8,learning_curve,Camelyon17-WILDS,6,0.5,3998,1.0,0.05,0.8,vera_balanced_envelope,False,,,0.0,False,NA,False,False,True,True
learning_curve|Camelyon17-WILDS|seed=6|fraction=0.5|gamma=1|tau=0.05|lambda=0.8,learning_curve,Camelyon17-WILDS,6,0.5,3998,1.0,0.05,0.8,external_balanced_oracle,False,,,0.0,False,NA,False,False,False,True
learning_curve|Camelyon17-WILDS|seed=6|fraction=0.5|gamma=1|tau=0.1|lambda=0.6,learning_curve,Camelyon17-WILDS,6,0.5,3998,1.0,0.1,0.6,always_deploy_balanced,True,"MANCE++::epsilon=0.05,steps=3",MANCE++,0.0,False,NA,False,True,False,True
learning_curve|Camelyon17-WILDS|seed=6|fraction=0.5|gamma=1|tau=0.1|lambda=0.6,learning_curve,Camelyon17-WILDS,6,0.5,3998,1.0,0.1,0.6,point_selection_balanced,False,,,0.0,False,NA,False,False,False,True
learning_curve|Camelyon17-WILDS|seed=6|fraction=0.5|gamma=1|tau=0.1|lambda=0.6,learning_curve,Camelyon17-WILDS,6,0.5,3998,1.0,0.1,0.6,vera_balanced_iut,False,,,0.0,False,NA,False,False,True,True
learning_curve|Camelyon17-WILDS|seed=6|fraction=0.5|gamma=1|tau=0.1|lambda=0.6,learning_curve,Camelyon17-WILDS,6,0.5,3998,1.0,0.1,0.6,vera_balanced_envelope,False,,,0.0,False,NA,False,False,True,True
learning_curve|Camelyon17-WILDS|seed=6|fraction=0.5|gamma=1|tau=0.1|lambda=0.6,learning_curve,Camelyon17-WILDS,6,0.5,3998,1.0,0.1,0.6,external_balanced_oracle,False,,,0.0,False,NA,False,False,False,True
learning_curve|Camelyon17-WILDS|seed=6|fraction=0.5|gamma=1|tau=0.1|lambda=0.7,learning_curve,Camelyon17-WILDS,6,0.5,3998,1.0,0.1,0.7,always_deploy_balanced,True,"MANCE++::epsilon=0.05,steps=3",MANCE++,0.0,False,NA,False,True,False,True
learning_curve|Camelyon17-WILDS|seed=6|fraction=0.5|gamma=1|tau=0.1|lambda=0.7,learning_curve,Camelyon17-WILDS,6,0.5,3998,1.0,0.1,0.7,point_selection_balanced,False,,,0.0,False,NA,False,False,False,True
learning_curve|Camelyon17-WILDS|seed=6|fraction=0.5|gamma=1|tau=0.1|lambda=0.7,learning_curve,Camelyon17-WILDS,6,0.5,3998,1.0,0.1,0.7,vera_balanced_iut,False,,,0.0,False,NA,False,False,True,True
learning_curve|Camelyon17-WILDS|seed=6|fraction=0.5|gamma=1|tau=0.1|lambda=0.7,learning_curve,Camelyon17-WILDS,6,0.5,3998,1.0,0.1,0.7,vera_balanced_envelope,False,,,0.0,False,NA,False,False,True,True
learning_curve|Camelyon17-WILDS|seed=6|fraction=0.5|gamma=1|tau=0.1|lambda=0.7,learning_curve,Camelyon17-WILDS,6,0.5,3998,1.0,0.1,0.7,external_balanced_oracle,False,,,0.0,False,NA,False,False,False,True
learning_curve|Camelyon17-WILDS|seed=6|fraction=0.5|gamma=1|tau=0.1|lambda=0.8,learning_curve,Camelyon17-WILDS,6,0.5,3998,1.0,0.1,0.8,always_deploy_balanced,True,"MANCE++::epsilon=0.05,steps=3",MANCE++,0.0,False,NA,False,True,False,True
learning_curve|Camelyon17-WILDS|seed=6|fraction=0.5|gamma=1|tau=0.1|lambda=0.8,learning_curve,Camelyon17-WILDS,6,0.5,3998,1.0,0.1,0.8,point_selection_balanced,True,"MANCE++::epsilon=0.05,steps=3",MANCE++,0.0,False,NA,False,True,False,True
learning_curve|Camelyon17-WILDS|seed=6|fraction=0.5|gamma=1|tau=0.1|lambda=0.8,learning_curve,Camelyon17-WILDS,6,0.5,3998,1.0,0.1,0.8,vera_balanced_iut,False,,,0.0,False,NA,False,False,True,True
learning_curve|Camelyon17-WILDS|seed=6|fraction=0.5|gamma=1|tau=0.1|lambda=0.8,learning_curve,Camelyon17-WILDS,6,0.5,3998,1.0,0.1,0.8,vera_balanced_envelope,False,,,0.0,False,NA,False,False,True,True
learning_curve|Camelyon17-WILDS|seed=6|fraction=0.5|gamma=1|tau=0.1|lambda=0.8,learning_curve,Camelyon17-WILDS,6,0.5,3998,1.0,0.1,0.8,external_balanced_oracle,False,,,0.0,False,NA,False,False,False,True
learning_curve|Camelyon17-WILDS|seed=6|fraction=0.5|gamma=1|tau=0.2|lambda=0.6,learning_curve,Camelyon17-WILDS,6,0.5,3998,1.0,0.2,0.6,always_deploy_balanced,True,"MANCE++::epsilon=0.05,steps=3",MANCE++,0.0,False,NA,False,True,False,True
learning_curve|Camelyon17-WILDS|seed=6|fraction=0.5|gamma=1|tau=0.2|lambda=0.6,learning_curve,Camelyon17-WILDS,6,0.5,3998,1.0,0.2,0.6,point_selection_balanced,False,,,0.0,False,NA,False,False,False,True
learning_curve|Camelyon17-WILDS|seed=6|fraction=0.5|gamma=1|tau=0.2|lambda=0.6,learning_curve,Camelyon17-WILDS,6,0.5,3998,1.0,0.2,0.6,vera_balanced_iut,False,,,0.0,False,NA,False,False,True,True
learning_curve|Camelyon17-WILDS|seed=6|fraction=0.5|gamma=1|tau=0.2|lambda=0.6,learning_curve,Camelyon17-WILDS,6,0.5,3998,1.0,0.2,0.6,vera_balanced_envelope,False,,,0.0,False,NA,False,False,True,True
learning_curve|Camelyon17-WILDS|seed=6|fraction=0.5|gamma=1|tau=0.2|lambda=0.6,learning_curve,Camelyon17-WILDS,6,0.5,3998,1.0,0.2,0.6,external_balanced_oracle,False,,,0.0,False,NA,False,False,False,True
learning_curve|Camelyon17-WILDS|seed=6|fraction=0.5|gamma=1|tau=0.2|lambda=0.7,learning_curve,Camelyon17-WILDS,6,0.5,3998,1.0,0.2,0.7,always_deploy_balanced,True,"MANCE++::epsilon=0.05,steps=3",MANCE++,0.0,False,NA,False,True,False,True
learning_curve|Camelyon17-WILDS|seed=6|fraction=0.5|gamma=1|tau=0.2|lambda=0.7,learning_curve,Camelyon17-WILDS,6,0.5,3998,1.0,0.2,0.7,point_selection_balanced,False,,,0.0,False,NA,False,False,False,True
learning_curve|Camelyon17-WILDS|seed=6|fraction=0.5|gamma=1|tau=0.2|lambda=0.7,learning_curve,Camelyon17-WILDS,6,0.5,3998,1.0,0.2,0.7,vera_balanced_iut,False,,,0.0,False,NA,False,False,True,True
learning_curve|Camelyon17-WILDS|seed=6|fraction=0.5|gamma=1|tau=0.2|lambda=0.7,learning_curve,Camelyon17-WILDS,6,0.5,3998,1.0,0.2,0.7,vera_balanced_envelope,False,,,0.0,False,NA,False,False,True,True
learning_curve|Camelyon17-WILDS|seed=6|fraction=0.5|gamma=1|tau=0.2|lambda=0.7,learning_curve,Camelyon17-WILDS,6,0.5,3998,1.0,0.2,0.7,external_balanced_oracle,False,,,0.0,False,NA,False,False,False,True
learning_curve|Camelyon17-WILDS|seed=6|fraction=0.5|gamma=1|tau=0.2|lambda=0.8,learning_curve,Camelyon17-WILDS,6,0.5,3998,1.0,0.2,0.8,always_deploy_balanced,True,"MANCE++::epsilon=0.05,steps=3",MANCE++,0.0,False,NA,False,True,False,True
learning_curve|Camelyon17-WILDS|seed=6|fraction=0.5|gamma=1|tau=0.2|lambda=0.8,learning_curve,Camelyon17-WILDS,6,0.5,3998,1.0,0.2,0.8,point_selection_balanced,True,"MANCE++::epsilon=0.05,steps=3",MANCE++,0.0,False,NA,False,True,False,True
learning_curve|Camelyon17-WILDS|seed=6|fraction=0.5|gamma=1|tau=0.2|lambda=0.8,learning_curve,Camelyon17-WILDS,6,0.5,3998,1.0,0.2,0.8,vera_balanced_iut,False,,,0.0,False,NA,False,False,True,True
learning_curve|Camelyon17-WILDS|seed=6|fraction=0.5|gamma=1|tau=0.2|lambda=0.8,learning_curve,Camelyon17-WILDS,6,0.5,3998,1.0,0.2,0.8,vera_balanced_envelope,False,,,0.0,False,NA,False,False,True,True
learning_curve|Camelyon17-WILDS|seed=6|fraction=0.5|gamma=1|tau=0.2|lambda=0.8,learning_curve,Camelyon17-WILDS,6,0.5,3998,1.0,0.2,0.8,external_balanced_oracle,False,,,0.0,False,NA,False,False,False,True
primary|Camelyon17-WILDS|seed=6|fraction=1|gamma=1|tau=0.05|lambda=0.6,primary,Camelyon17-WILDS,6,1.0,8000,1.0,0.05,0.6,always_deploy_balanced,True,"MANCE++::epsilon=0.05,steps=3",MANCE++,0.0,False,NA,False,True,False,True
primary|Camelyon17-WILDS|seed=6|fraction=1|gamma=1|tau=0.05|lambda=0.6,primary,Camelyon17-WILDS,6,1.0,8000,1.0,0.05,0.6,point_selection_balanced,False,,,0.0,False,NA,False,False,False,True
primary|Camelyon17-WILDS|seed=6|fraction=1|gamma=1|tau=0.05|lambda=0.6,primary,Camelyon17-WILDS,6,1.0,8000,1.0,0.05,0.6,vera_balanced_iut,False,,,0.0,False,NA,False,False,True,True
primary|Camelyon17-WILDS|seed=6|fraction=1|gamma=1|tau=0.05|lambda=0.6,primary,Camelyon17-WILDS,6,1.0,8000,1.0,0.05,0.6,vera_balanced_envelope,False,,,0.0,False,NA,False,False,True,True
primary|Camelyon17-WILDS|seed=6|fraction=1|gamma=1|tau=0.05|lambda=0.6,primary,Camelyon17-WILDS,6,1.0,8000,1.0,0.05,0.6,external_balanced_oracle,False,,,0.0,False,NA,False,False,False,True
primary|Camelyon17-WILDS|seed=6|fraction=1|gamma=1|tau=0.05|lambda=0.7,primary,Camelyon17-WILDS,6,1.0,8000,1.0,0.05,0.7,always_deploy_balanced,True,"MANCE++::epsilon=0.05,steps=3",MANCE++,0.0,False,NA,False,True,False,True
primary|Camelyon17-WILDS|seed=6|fraction=1|gamma=1|tau=0.05|lambda=0.7,primary,Camelyon17-WILDS,6,1.0,8000,1.0,0.05,0.7,point_selection_balanced,False,,,0.0,False,NA,False,False,False,True
primary|Camelyon17-WILDS|seed=6|fraction=1|gamma=1|tau=0.05|lambda=0.7,primary,Camelyon17-WILDS,6,1.0,8000,1.0,0.05,0.7,vera_balanced_iut,False,,,0.0,False,NA,False,False,True,True
primary|Camelyon17-WILDS|seed=6|fraction=1|gamma=1|tau=0.05|lambda=0.7,primary,Camelyon17-WILDS,6,1.0,8000,1.0,0.05,0.7,vera_balanced_envelope,False,,,0.0,False,NA,False,False,True,True
primary|Camelyon17-WILDS|seed=6|fraction=1|gamma=1|tau=0.05|lambda=0.7,primary,Camelyon17-WILDS,6,1.0,8000,1.0,0.05,0.7,external_balanced_oracle,False,,,0.0,False,NA,False,False,False,True
primary|Camelyon17-WILDS|seed=6|fraction=1|gamma=1|tau=0.05|lambda=0.8,primary,Camelyon17-WILDS,6,1.0,8000,1.0,0.05,0.8,always_deploy_balanced,True,"MANCE++::epsilon=0.05,steps=3",MANCE++,0.0,False,NA,False,True,False,True
primary|Camelyon17-WILDS|seed=6|fraction=1|gamma=1|tau=0.05|lambda=0.8,primary,Camelyon17-WILDS,6,1.0,8000,1.0,0.05,0.8,point_selection_balanced,True,"MANCE++::epsilon=0.05,steps=3",MANCE++,0.0,False,NA,False,True,False,True
primary|Camelyon17-WILDS|seed=6|fraction=1|gamma=1|tau=0.05|lambda=0.8,primary,Camelyon17-WILDS,6,1.0,8000,1.0,0.05,0.8,vera_balanced_iut,False,,,0.0,False,NA,False,False,True,True
primary|Camelyon17-WILDS|seed=6|fraction=1|gamma=1|tau=0.05|lambda=0.8,primary,Camelyon17-WILDS,6,1.0,8000,1.0,0.05,0.8,vera_balanced_envelope,False,,,0.0,False,NA,False,False,True,True
primary|Camelyon17-WILDS|seed=6|fraction=1|gamma=1|tau=0.05|lambda=0.8,primary,Camelyon17-WILDS,6,1.0,8000,1.0,0.05,0.8,external_balanced_oracle,False,,,0.0,False,NA,False,False,False,True
primary|Camelyon17-WILDS|seed=6|fraction=1|gamma=1|tau=0.1|lambda=0.6,primary,Camelyon17-WILDS,6,1.0,8000,1.0,0.1,0.6,always_deploy_balanced,True,"MANCE++::epsilon=0.05,steps=3",MANCE++,0.0,False,NA,False,True,False,True
primary|Camelyon17-WILDS|seed=6|fraction=1|gamma=1|tau=0.1|lambda=0.6,primary,Camelyon17-WILDS,6,1.0,8000,1.0,0.1,0.6,point_selection_balanced,False,,,0.0,False,NA,False,False,False,True
primary|Camelyon17-WILDS|seed=6|fraction=1|gamma=1|tau=0.1|lambda=0.6,primary,Camelyon17-WILDS,6,1.0,8000,1.0,0.1,0.6,vera_balanced_iut,False,,,0.0,False,NA,False,False,True,True
primary|Camelyon17-WILDS|seed=6|fraction=1|gamma=1|tau=0.1|lambda=0.6,primary,Camelyon17-WILDS,6,1.0,8000,1.0,0.1,0.6,vera_balanced_envelope,False,,,0.0,False,NA,False,False,True,True
primary|Camelyon17-WILDS|seed=6|fraction=1|gamma=1|tau=0.1|lambda=0.6,primary,Camelyon17-WILDS,6,1.0,8000,1.0,0.1,0.6,external_balanced_oracle,False,,,0.0,False,NA,False,False,False,True
primary|Camelyon17-WILDS|seed=6|fraction=1|gamma=1|tau=0.1|lambda=0.7,primary,Camelyon17-WILDS,6,1.0,8000,1.0,0.1,0.7,always_deploy_balanced,True,"MANCE++::epsilon=0.05,steps=3",MANCE++,0.0,False,NA,False,True,False,True
primary|Camelyon17-WILDS|seed=6|fraction=1|gamma=1|tau=0.1|lambda=0.7,primary,Camelyon17-WILDS,6,1.0,8000,1.0,0.1,0.7,point_selection_balanced,False,,,0.0,False,NA,False,False,False,True
primary|Camelyon17-WILDS|seed=6|fraction=1|gamma=1|tau=0.1|lambda=0.7,primary,Camelyon17-WILDS,6,1.0,8000,1.0,0.1,0.7,vera_balanced_iut,False,,,0.0,False,NA,False,False,True,True
primary|Camelyon17-WILDS|seed=6|fraction=1|gamma=1|tau=0.1|lambda=0.7,primary,Camelyon17-WILDS,6,1.0,8000,1.0,0.1,0.7,vera_balanced_envelope,False,,,0.0,False,NA,False,False,True,True
primary|Camelyon17-WILDS|seed=6|fraction=1|gamma=1|tau=0.1|lambda=0.7,primary,Camelyon17-WILDS,6,1.0,8000,1.0,0.1,0.7,external_balanced_oracle,False,,,0.0,False,NA,False,False,False,True
primary|Camelyon17-WILDS|seed=6|fraction=1|gamma=1|tau=0.1|lambda=0.8,primary,Camelyon17-WILDS,6,1.0,8000,1.0,0.1,0.8,always_deploy_balanced,True,"MANCE++::epsilon=0.05,steps=3",MANCE++,0.0,False,NA,False,True,False,True
primary|Camelyon17-WILDS|seed=6|fraction=1|gamma=1|tau=0.1|lambda=0.8,primary,Camelyon17-WILDS,6,1.0,8000,1.0,0.1,0.8,point_selection_balanced,True,"MANCE++::epsilon=0.05,steps=3",MANCE++,0.0,False,NA,False,True,False,True
primary|Camelyon17-WILDS|seed=6|fraction=1|gamma=1|tau=0.1|lambda=0.8,primary,Camelyon17-WILDS,6,1.0,8000,1.0,0.1,0.8,vera_balanced_iut,False,,,0.0,False,NA,False,False,True,True
primary|Camelyon17-WILDS|seed=6|fraction=1|gamma=1|tau=0.1|lambda=0.8,primary,Camelyon17-WILDS,6,1.0,8000,1.0,0.1,0.8,vera_balanced_envelope,False,,,0.0,False,NA,False,False,True,True
primary|Camelyon17-WILDS|seed=6|fraction=1|gamma=1|tau=0.1|lambda=0.8,primary,Camelyon17-WILDS,6,1.0,8000,1.0,0.1,0.8,external_balanced_oracle,False,,,0.0,False,NA,False,False,False,True
primary|Camelyon17-WILDS|seed=6|fraction=1|gamma=1|tau=0.2|lambda=0.6,primary,Camelyon17-WILDS,6,1.0,8000,1.0,0.2,0.6,always_deploy_balanced,True,"MANCE++::epsilon=0.05,steps=3",MANCE++,0.0,False,NA,False,True,False,True
primary|Camelyon17-WILDS|seed=6|fraction=1|gamma=1|tau=0.2|lambda=0.6,primary,Camelyon17-WILDS,6,1.0,8000,1.0,0.2,0.6,point_selection_balanced,False,,,0.0,False,NA,False,False,False,True
primary|Camelyon17-WILDS|seed=6|fraction=1|gamma=1|tau=0.2|lambda=0.6,primary,Camelyon17-WILDS,6,1.0,8000,1.0,0.2,0.6,vera_balanced_iut,False,,,0.0,False,NA,False,False,True,True
primary|Camelyon17-WILDS|seed=6|fraction=1|gamma=1|tau=0.2|lambda=0.6,primary,Camelyon17-WILDS,6,1.0,8000,1.0,0.2,0.6,vera_balanced_envelope,False,,,0.0,False,NA,False,False,True,True
primary|Camelyon17-WILDS|seed=6|fraction=1|gamma=1|tau=0.2|lambda=0.6,primary,Camelyon17-WILDS,6,1.0,8000,1.0,0.2,0.6,external_balanced_oracle,False,,,0.0,False,NA,False,False,False,True
primary|Camelyon17-WILDS|seed=6|fraction=1|gamma=1|tau=0.2|lambda=0.7,primary,Camelyon17-WILDS,6,1.0,8000,1.0,0.2,0.7,always_deploy_balanced,True,"MANCE++::epsilon=0.05,steps=3",MANCE++,0.0,False,NA,False,True,False,True
primary|Camelyon17-WILDS|seed=6|fraction=1|gamma=1|tau=0.2|lambda=0.7,primary,Camelyon17-WILDS,6,1.0,8000,1.0,0.2,0.7,point_selection_balanced,False,,,0.0,False,NA,False,False,False,True
primary|Camelyon17-WILDS|seed=6|fraction=1|gamma=1|tau=0.2|lambda=0.7,primary,Camelyon17-WILDS,6,1.0,8000,1.0,0.2,0.7,vera_balanced_iut,False,,,0.0,False,NA,False,False,True,True
primary|Camelyon17-WILDS|seed=6|fraction=1|gamma=1|tau=0.2|lambda=0.7,primary,Camelyon17-WILDS,6,1.0,8000,1.0,0.2,0.7,vera_balanced_envelope,False,,,0.0,False,NA,False,False,True,True
primary|Camelyon17-WILDS|seed=6|fraction=1|gamma=1|tau=0.2|lambda=0.7,primary,Camelyon17-WILDS,6,1.0,8000,1.0,0.2,0.7,external_balanced_oracle,False,,,0.0,False,NA,False,False,False,True
primary|Camelyon17-WILDS|seed=6|fraction=1|gamma=1|tau=0.2|lambda=0.8,primary,Camelyon17-WILDS,6,1.0,8000,1.0,0.2,0.8,always_deploy_balanced,True,"MANCE++::epsilon=0.05,steps=3",MANCE++,0.0,False,NA,False,True,False,True
primary|Camelyon17-WILDS|seed=6|fraction=1|gamma=1|tau=0.2|lambda=0.8,primary,Camelyon17-WILDS,6,1.0,8000,1.0,0.2,0.8,point_selection_balanced,True,"MANCE++::epsilon=0.05,steps=3",MANCE++,0.0,False,NA,False,True,False,True
primary|Camelyon17-WILDS|seed=6|fraction=1|gamma=1|tau=0.2|lambda=0.8,primary,Camelyon17-WILDS,6,1.0,8000,1.0,0.2,0.8,vera_balanced_iut,False,,,0.0,False,NA,False,False,True,True
primary|Camelyon17-WILDS|seed=6|fraction=1|gamma=1|tau=0.2|lambda=0.8,primary,Camelyon17-WILDS,6,1.0,8000,1.0,0.2,0.8,vera_balanced_envelope,False,,,0.0,False,NA,False,False,True,True
primary|Camelyon17-WILDS|seed=6|fraction=1|gamma=1|tau=0.2|lambda=0.8,primary,Camelyon17-WILDS,6,1.0,8000,1.0,0.2,0.8,external_balanced_oracle,False,,,0.0,False,NA,False,False,False,True
shifted_sensitivity|Camelyon17-WILDS|seed=6|fraction=1|gamma=1.01|tau=0.05|lambda=0.6,shifted_sensitivity,Camelyon17-WILDS,6,1.0,8000,1.01,0.05,0.6,always_deploy_balanced,True,"MANCE++::epsilon=0.05,steps=3",MANCE++,0.0,False,NA,False,True,False,True
shifted_sensitivity|Camelyon17-WILDS|seed=6|fraction=1|gamma=1.01|tau=0.05|lambda=0.6,shifted_sensitivity,Camelyon17-WILDS,6,1.0,8000,1.01,0.05,0.6,point_selection_balanced,False,,,0.0,False,NA,False,False,False,True
shifted_sensitivity|Camelyon17-WILDS|seed=6|fraction=1|gamma=1.01|tau=0.05|lambda=0.6,shifted_sensitivity,Camelyon17-WILDS,6,1.0,8000,1.01,0.05,0.6,vera_balanced_iut,False,,,0.0,False,NA,False,False,True,True
shifted_sensitivity|Camelyon17-WILDS|seed=6|fraction=1|gamma=1.01|tau=0.05|lambda=0.6,shifted_sensitivity,Camelyon17-WILDS,6,1.0,8000,1.01,0.05,0.6,vera_balanced_envelope,False,,,0.0,False,NA,False,False,True,True
shifted_sensitivity|Camelyon17-WILDS|seed=6|fraction=1|gamma=1.01|tau=0.05|lambda=0.6,shifted_sensitivity,Camelyon17-WILDS,6,1.0,8000,1.01,0.05,0.6,external_balanced_oracle,False,,,0.0,False,NA,False,False,False,True
shifted_sensitivity|Camelyon17-WILDS|seed=6|fraction=1|gamma=1.01|tau=0.05|lambda=0.7,shifted_sensitivity,Camelyon17-WILDS,6,1.0,8000,1.01,0.05,0.7,always_deploy_balanced,True,"MANCE++::epsilon=0.05,steps=3",MANCE++,0.0,False,NA,False,True,False,True
shifted_sensitivity|Camelyon17-WILDS|seed=6|fraction=1|gamma=1.01|tau=0.05|lambda=0.7,shifted_sensitivity,Camelyon17-WILDS,6,1.0,8000,1.01,0.05,0.7,point_selection_balanced,False,,,0.0,False,NA,False,False,False,True
shifted_sensitivity|Camelyon17-WILDS|seed=6|fraction=1|gamma=1.01|tau=0.05|lambda=0.7,shifted_sensitivity,Camelyon17-WILDS,6,1.0,8000,1.01,0.05,0.7,vera_balanced_iut,False,,,0.0,False,NA,False,False,True,True
shifted_sensitivity|Camelyon17-WILDS|seed=6|fraction=1|gamma=1.01|tau=0.05|lambda=0.7,shifted_sensitivity,Camelyon17-WILDS,6,1.0,8000,1.01,0.05,0.7,vera_balanced_envelope,False,,,0.0,False,NA,False,False,True,True
shifted_sensitivity|Camelyon17-WILDS|seed=6|fraction=1|gamma=1.01|tau=0.05|lambda=0.7,shifted_sensitivity,Camelyon17-WILDS,6,1.0,8000,1.01,0.05,0.7,external_balanced_oracle,False,,,0.0,False,NA,False,False,False,True
shifted_sensitivity|Camelyon17-WILDS|seed=6|fraction=1|gamma=1.01|tau=0.05|lambda=0.8,shifted_sensitivity,Camelyon17-WILDS,6,1.0,8000,1.01,0.05,0.8,always_deploy_balanced,True,"MANCE++::epsilon=0.05,steps=3",MANCE++,0.0,False,NA,False,True,False,True
shifted_sensitivity|Camelyon17-WILDS|seed=6|fraction=1|gamma=1.01|tau=0.05|lambda=0.8,shifted_sensitivity,Camelyon17-WILDS,6,1.0,8000,1.01,0.05,0.8,point_selection_balanced,True,"MANCE++::epsilon=0.05,steps=3",MANCE++,0.0,False,NA,False,True,False,True
shifted_sensitivity|Camelyon17-WILDS|seed=6|fraction=1|gamma=1.01|tau=0.05|lambda=0.8,shifted_sensitivity,Camelyon17-WILDS,6,1.0,8000,1.01,0.05,0.8,vera_balanced_iut,False,,,0.0,False,NA,False,False,True,True
shifted_sensitivity|Camelyon17-WILDS|seed=6|fraction=1|gamma=1.01|tau=0.05|lambda=0.8,shifted_sensitivity,Camelyon17-WILDS,6,1.0,8000,1.01,0.05,0.8,vera_balanced_envelope,False,,,0.0,False,NA,False,False,True,True
shifted_sensitivity|Camelyon17-WILDS|seed=6|fraction=1|gamma=1.01|tau=0.05|lambda=0.8,shifted_sensitivity,Camelyon17-WILDS,6,1.0,8000,1.01,0.05,0.8,external_balanced_oracle,False,,,0.0,False,NA,False,False,False,True
shifted_sensitivity|Camelyon17-WILDS|seed=6|fraction=1|gamma=1.01|tau=0.1|lambda=0.6,shifted_sensitivity,Camelyon17-WILDS,6,1.0,8000,1.01,0.1,0.6,always_deploy_balanced,True,"MANCE++::epsilon=0.05,steps=3",MANCE++,0.0,False,NA,False,True,False,True
shifted_sensitivity|Camelyon17-WILDS|seed=6|fraction=1|gamma=1.01|tau=0.1|lambda=0.6,shifted_sensitivity,Camelyon17-WILDS,6,1.0,8000,1.01,0.1,0.6,point_selection_balanced,False,,,0.0,False,NA,False,False,False,True
shifted_sensitivity|Camelyon17-WILDS|seed=6|fraction=1|gamma=1.01|tau=0.1|lambda=0.6,shifted_sensitivity,Camelyon17-WILDS,6,1.0,8000,1.01,0.1,0.6,vera_balanced_iut,False,,,0.0,False,NA,False,False,True,True
shifted_sensitivity|Camelyon17-WILDS|seed=6|fraction=1|gamma=1.01|tau=0.1|lambda=0.6,shifted_sensitivity,Camelyon17-WILDS,6,1.0,8000,1.01,0.1,0.6,vera_balanced_envelope,False,,,0.0,False,NA,False,False,True,True
shifted_sensitivity|Camelyon17-WILDS|seed=6|fraction=1|gamma=1.01|tau=0.1|lambda=0.6,shifted_sensitivity,Camelyon17-WILDS,6,1.0,8000,1.01,0.1,0.6,external_balanced_oracle,False,,,0.0,False,NA,False,False,False,True
shifted_sensitivity|Camelyon17-WILDS|seed=6|fraction=1|gamma=1.01|tau=0.1|lambda=0.7,shifted_sensitivity,Camelyon17-WILDS,6,1.0,8000,1.01,0.1,0.7,always_deploy_balanced,True,"MANCE++::epsilon=0.05,steps=3",MANCE++,0.0,False,NA,False,True,False,True
shifted_sensitivity|Camelyon17-WILDS|seed=6|fraction=1|gamma=1.01|tau=0.1|lambda=0.7,shifted_sensitivity,Camelyon17-WILDS,6,1.0,8000,1.01,0.1,0.7,point_selection_balanced,False,,,0.0,False,NA,False,False,False,True
shifted_sensitivity|Camelyon17-WILDS|seed=6|fraction=1|gamma=1.01|tau=0.1|lambda=0.7,shifted_sensitivity,Camelyon17-WILDS,6,1.0,8000,1.01,0.1,0.7,vera_balanced_iut,False,,,0.0,False,NA,False,False,True,True
shifted_sensitivity|Camelyon17-WILDS|seed=6|fraction=1|gamma=1.01|tau=0.1|lambda=0.7,shifted_sensitivity,Camelyon17-WILDS,6,1.0,8000,1.01,0.1,0.7,vera_balanced_envelope,False,,,0.0,False,NA,False,False,True,True
shifted_sensitivity|Camelyon17-WILDS|seed=6|fraction=1|gamma=1.01|tau=0.1|lambda=0.7,shifted_sensitivity,Camelyon17-WILDS,6,1.0,8000,1.01,0.1,0.7,external_balanced_oracle,False,,,0.0,False,NA,False,False,False,True
shifted_sensitivity|Camelyon17-WILDS|seed=6|fraction=1|gamma=1.01|tau=0.1|lambda=0.8,shifted_sensitivity,Camelyon17-WILDS,6,1.0,8000,1.01,0.1,0.8,always_deploy_balanced,True,"MANCE++::epsilon=0.05,steps=3",MANCE++,0.0,False,NA,False,True,False,True
shifted_sensitivity|Camelyon17-WILDS|seed=6|fraction=1|gamma=1.01|tau=0.1|lambda=0.8,shifted_sensitivity,Camelyon17-WILDS,6,1.0,8000,1.01,0.1,0.8,point_selection_balanced,True,"MANCE++::epsilon=0.05,steps=3",MANCE++,0.0,False,NA,False,True,False,True
shifted_sensitivity|Camelyon17-WILDS|seed=6|fraction=1|gamma=1.01|tau=0.1|lambda=0.8,shifted_sensitivity,Camelyon17-WILDS,6,1.0,8000,1.01,0.1,0.8,vera_balanced_iut,False,,,0.0,False,NA,False,False,True,True
shifted_sensitivity|Camelyon17-WILDS|seed=6|fraction=1|gamma=1.01|tau=0.1|lambda=0.8,shifted_sensitivity,Camelyon17-WILDS,6,1.0,8000,1.01,0.1,0.8,vera_balanced_envelope,False,,,0.0,False,NA,False,False,True,True
shifted_sensitivity|Camelyon17-WILDS|seed=6|fraction=1|gamma=1.01|tau=0.1|lambda=0.8,shifted_sensitivity,Camelyon17-WILDS,6,1.0,8000,1.01,0.1,0.8,external_balanced_oracle,False,,,0.0,False,NA,False,False,False,True
shifted_sensitivity|Camelyon17-WILDS|seed=6|fraction=1|gamma=1.01|tau=0.2|lambda=0.6,shifted_sensitivity,Camelyon17-WILDS,6,1.0,8000,1.01,0.2,0.6,always_deploy_balanced,True,"MANCE++::epsilon=0.05,steps=3",MANCE++,0.0,False,NA,False,True,False,True
shifted_sensitivity|Camelyon17-WILDS|seed=6|fraction=1|gamma=1.01|tau=0.2|lambda=0.6,shifted_sensitivity,Camelyon17-WILDS,6,1.0,8000,1.01,0.2,0.6,point_selection_balanced,False,,,0.0,False,NA,False,False,False,True
shifted_sensitivity|Camelyon17-WILDS|seed=6|fraction=1|gamma=1.01|tau=0.2|lambda=0.6,shifted_sensitivity,Camelyon17-WILDS,6,1.0,8000,1.01,0.2,0.6,vera_balanced_iut,False,,,0.0,False,NA,False,False,True,True
shifted_sensitivity|Camelyon17-WILDS|seed=6|fraction=1|gamma=1.01|tau=0.2|lambda=0.6,shifted_sensitivity,Camelyon17-WILDS,6,1.0,8000,1.01,0.2,0.6,vera_balanced_envelope,False,,,0.0,False,NA,False,False,True,True
shifted_sensitivity|Camelyon17-WILDS|seed=6|fraction=1|gamma=1.01|tau=0.2|lambda=0.6,shifted_sensitivity,Camelyon17-WILDS,6,1.0,8000,1.01,0.2,0.6,external_balanced_oracle,False,,,0.0,False,NA,False,False,False,True
shifted_sensitivity|Camelyon17-WILDS|seed=6|fraction=1|gamma=1.01|tau=0.2|lambda=0.7,shifted_sensitivity,Camelyon17-WILDS,6,1.0,8000,1.01,0.2,0.7,always_deploy_balanced,True,"MANCE++::epsilon=0.05,steps=3",MANCE++,0.0,False,NA,False,True,False,True
shifted_sensitivity|Camelyon17-WILDS|seed=6|fraction=1|gamma=1.01|tau=0.2|lambda=0.7,shifted_sensitivity,Camelyon17-WILDS,6,1.0,8000,1.01,0.2,0.7,point_selection_balanced,False,,,0.0,False,NA,False,False,False,True
shifted_sensitivity|Camelyon17-WILDS|seed=6|fraction=1|gamma=1.01|tau=0.2|lambda=0.7,shifted_sensitivity,Camelyon17-WILDS,6,1.0,8000,1.01,0.2,0.7,vera_balanced_iut,False,,,0.0,False,NA,False,False,True,True
shifted_sensitivity|Camelyon17-WILDS|seed=6|fraction=1|gamma=1.01|tau=0.2|lambda=0.7,shifted_sensitivity,Camelyon17-WILDS,6,1.0,8000,1.01,0.2,0.7,vera_balanced_envelope,False,,,0.0,False,NA,False,False,True,True
shifted_sensitivity|Camelyon17-WILDS|seed=6|fraction=1|gamma=1.01|tau=0.2|lambda=0.7,shifted_sensitivity,Camelyon17-WILDS,6,1.0,8000,1.01,0.2,0.7,external_balanced_oracle,False,,,0.0,False,NA,False,False,False,True
shifted_sensitivity|Camelyon17-WILDS|seed=6|fraction=1|gamma=1.01|tau=0.2|lambda=0.8,shifted_sensitivity,Camelyon17-WILDS,6,1.0,8000,1.01,0.2,0.8,always_deploy_balanced,True,"MANCE++::epsilon=0.05,steps=3",MANCE++,0.0,False,NA,False,True,False,True
shifted_sensitivity|Camelyon17-WILDS|seed=6|fraction=1|gamma=1.01|tau=0.2|lambda=0.8,shifted_sensitivity,Camelyon17-WILDS,6,1.0,8000,1.01,0.2,0.8,point_selection_balanced,True,"MANCE++::epsilon=0.05,steps=3",MANCE++,0.0,False,NA,False,True,False,True
shifted_sensitivity|Camelyon17-WILDS|seed=6|fraction=1|gamma=1.01|tau=0.2|lambda=0.8,shifted_sensitivity,Camelyon17-WILDS,6,1.0,8000,1.01,0.2,0.8,vera_balanced_iut,False,,,0.0,False,NA,False,False,True,True
shifted_sensitivity|Camelyon17-WILDS|seed=6|fraction=1|gamma=1.01|tau=0.2|lambda=0.8,shifted_sensitivity,Camelyon17-WILDS,6,1.0,8000,1.01,0.2,0.8,vera_balanced_envelope,False,,,0.0,False,NA,False,False,True,True
shifted_sensitivity|Camelyon17-WILDS|seed=6|fraction=1|gamma=1.01|tau=0.2|lambda=0.8,shifted_sensitivity,Camelyon17-WILDS,6,1.0,8000,1.01,0.2,0.8,external_balanced_oracle,False,,,0.0,False,NA,False,False,False,True
learning_curve|Camelyon17-WILDS|seed=7|fraction=0.05|gamma=1|tau=0.05|lambda=0.6,learning_curve,Camelyon17-WILDS,7,0.05,395,1.0,0.05,0.6,always_deploy_balanced,True,"MANCE++::epsilon=0.05,steps=3",MANCE++,0.0,False,NA,False,True,False,True
learning_curve|Camelyon17-WILDS|seed=7|fraction=0.05|gamma=1|tau=0.05|lambda=0.6,learning_curve,Camelyon17-WILDS,7,0.05,395,1.0,0.05,0.6,point_selection_balanced,False,,,0.0,False,NA,False,False,False,True
learning_curve|Camelyon17-WILDS|seed=7|fraction=0.05|gamma=1|tau=0.05|lambda=0.6,learning_curve,Camelyon17-WILDS,7,0.05,395,1.0,0.05,0.6,vera_balanced_iut,False,,,0.0,False,NA,False,False,True,True
learning_curve|Camelyon17-WILDS|seed=7|fraction=0.05|gamma=1|tau=0.05|lambda=0.6,learning_curve,Camelyon17-WILDS,7,0.05,395,1.0,0.05,0.6,vera_balanced_envelope,False,,,0.0,False,NA,False,False,True,True
learning_curve|Camelyon17-WILDS|seed=7|fraction=0.05|gamma=1|tau=0.05|lambda=0.6,learning_curve,Camelyon17-WILDS,7,0.05,395,1.0,0.05,0.6,external_balanced_oracle,False,,,0.0,False,NA,False,False,False,True
learning_curve|Camelyon17-WILDS|seed=7|fraction=0.05|gamma=1|tau=0.05|lambda=0.7,learning_curve,Camelyon17-WILDS,7,0.05,395,1.0,0.05,0.7,always_deploy_balanced,True,"MANCE++::epsilon=0.05,steps=3",MANCE++,0.0,False,NA,False,True,False,True
learning_curve|Camelyon17-WILDS|seed=7|fraction=0.05|gamma=1|tau=0.05|lambda=0.7,learning_curve,Camelyon17-WILDS,7,0.05,395,1.0,0.05,0.7,point_selection_balanced,False,,,0.0,False,NA,False,False,False,True
learning_curve|Camelyon17-WILDS|seed=7|fraction=0.05|gamma=1|tau=0.05|lambda=0.7,learning_curve,Camelyon17-WILDS,7,0.05,395,1.0,0.05,0.7,vera_balanced_iut,False,,,0.0,False,NA,False,False,True,True
learning_curve|Camelyon17-WILDS|seed=7|fraction=0.05|gamma=1|tau=0.05|lambda=0.7,learning_curve,Camelyon17-WILDS,7,0.05,395,1.0,0.05,0.7,vera_balanced_envelope,False,,,0.0,False,NA,False,False,True,True
learning_curve|Camelyon17-WILDS|seed=7|fraction=0.05|gamma=1|tau=0.05|lambda=0.7,learning_curve,Camelyon17-WILDS,7,0.05,395,1.0,0.05,0.7,external_balanced_oracle,False,,,0.0,False,NA,False,False,False,True
learning_curve|Camelyon17-WILDS|seed=7|fraction=0.05|gamma=1|tau=0.05|lambda=0.8,learning_curve,Camelyon17-WILDS,7,0.05,395,1.0,0.05,0.8,always_deploy_balanced,True,"MANCE++::epsilon=0.05,steps=3",MANCE++,0.0,False,NA,False,True,False,True
learning_curve|Camelyon17-WILDS|seed=7|fraction=0.05|gamma=1|tau=0.05|lambda=0.8,learning_curve,Camelyon17-WILDS,7,0.05,395,1.0,0.05,0.8,point_selection_balanced,True,RLACE::rank=1,RLACE,0.0,False,NA,False,True,False,True
learning_curve|Camelyon17-WILDS|seed=7|fraction=0.05|gamma=1|tau=0.05|lambda=0.8,learning_curve,Camelyon17-WILDS,7,0.05,395,1.0,0.05,0.8,vera_balanced_iut,False,,,0.0,False,NA,False,False,True,True
learning_curve|Camelyon17-WILDS|seed=7|fraction=0.05|gamma=1|tau=0.05|lambda=0.8,learning_curve,Camelyon17-WILDS,7,0.05,395,1.0,0.05,0.8,vera_balanced_envelope,False,,,0.0,False,NA,False,False,True,True
learning_curve|Camelyon17-WILDS|seed=7|fraction=0.05|gamma=1|tau=0.05|lambda=0.8,learning_curve,Camelyon17-WILDS,7,0.05,395,1.0,0.05,0.8,external_balanced_oracle,False,,,0.0,False,NA,False,False,False,True
learning_curve|Camelyon17-WILDS|seed=7|fraction=0.05|gamma=1|tau=0.1|lambda=0.6,learning_curve,Camelyon17-WILDS,7,0.05,395,1.0,0.1,0.6,always_deploy_balanced,True,"MANCE++::epsilon=0.05,steps=3",MANCE++,0.0,False,NA,False,True,False,True
learning_curve|Camelyon17-WILDS|seed=7|fraction=0.05|gamma=1|tau=0.1|lambda=0.6,learning_curve,Camelyon17-WILDS,7,0.05,395,1.0,0.1,0.6,point_selection_balanced,False,,,0.0,False,NA,False,False,False,True
learning_curve|Camelyon17-WILDS|seed=7|fraction=0.05|gamma=1|tau=0.1|lambda=0.6,learning_curve,Camelyon17-WILDS,7,0.05,395,1.0,0.1,0.6,vera_balanced_iut,False,,,0.0,False,NA,False,False,True,True
learning_curve|Camelyon17-WILDS|seed=7|fraction=0.05|gamma=1|tau=0.1|lambda=0.6,learning_curve,Camelyon17-WILDS,7,0.05,395,1.0,0.1,0.6,vera_balanced_envelope,False,,,0.0,False,NA,False,False,True,True
learning_curve|Camelyon17-WILDS|seed=7|fraction=0.05|gamma=1|tau=0.1|lambda=0.6,learning_curve,Camelyon17-WILDS,7,0.05,395,1.0,0.1,0.6,external_balanced_oracle,False,,,0.0,False,NA,False,False,False,True
learning_curve|Camelyon17-WILDS|seed=7|fraction=0.05|gamma=1|tau=0.1|lambda=0.7,learning_curve,Camelyon17-WILDS,7,0.05,395,1.0,0.1,0.7,always_deploy_balanced,True,"MANCE++::epsilon=0.05,steps=3",MANCE++,0.0,False,NA,False,True,False,True
learning_curve|Camelyon17-WILDS|seed=7|fraction=0.05|gamma=1|tau=0.1|lambda=0.7,learning_curve,Camelyon17-WILDS,7,0.05,395,1.0,0.1,0.7,point_selection_balanced,False,,,0.0,False,NA,False,False,False,True
learning_curve|Camelyon17-WILDS|seed=7|fraction=0.05|gamma=1|tau=0.1|lambda=0.7,learning_curve,Camelyon17-WILDS,7,0.05,395,1.0,0.1,0.7,vera_balanced_iut,False,,,0.0,False,NA,False,False,True,True
learning_curve|Camelyon17-WILDS|seed=7|fraction=0.05|gamma=1|tau=0.1|lambda=0.7,learning_curve,Camelyon17-WILDS,7,0.05,395,1.0,0.1,0.7,vera_balanced_envelope,False,,,0.0,False,NA,False,False,True,True
learning_curve|Camelyon17-WILDS|seed=7|fraction=0.05|gamma=1|tau=0.1|lambda=0.7,learning_curve,Camelyon17-WILDS,7,0.05,395,1.0,0.1,0.7,external_balanced_oracle,False,,,0.0,False,NA,False,False,False,True
learning_curve|Camelyon17-WILDS|seed=7|fraction=0.05|gamma=1|tau=0.1|lambda=0.8,learning_curve,Camelyon17-WILDS,7,0.05,395,1.0,0.1,0.8,always_deploy_balanced,True,"MANCE++::epsilon=0.05,steps=3",MANCE++,0.0,False,NA,False,True,False,True
learning_curve|Camelyon17-WILDS|seed=7|fraction=0.05|gamma=1|tau=0.1|lambda=0.8,learning_curve,Camelyon17-WILDS,7,0.05,395,1.0,0.1,0.8,point_selection_balanced,True,"MANCE++::epsilon=0.05,steps=3",MANCE++,0.0,False,NA,False,True,False,True
learning_curve|Camelyon17-WILDS|seed=7|fraction=0.05|gamma=1|tau=0.1|lambda=0.8,learning_curve,Camelyon17-WILDS,7,0.05,395,1.0,0.1,0.8,vera_balanced_iut,False,,,0.0,False,NA,False,False,True,True
learning_curve|Camelyon17-WILDS|seed=7|fraction=0.05|gamma=1|tau=0.1|lambda=0.8,learning_curve,Camelyon17-WILDS,7,0.05,395,1.0,0.1,0.8,vera_balanced_envelope,False,,,0.0,False,NA,False,False,True,True
learning_curve|Camelyon17-WILDS|seed=7|fraction=0.05|gamma=1|tau=0.1|lambda=0.8,learning_curve,Camelyon17-WILDS,7,0.05,395,1.0,0.1,0.8,external_balanced_oracle,False,,,0.0,False,NA,False,False,False,True
learning_curve|Camelyon17-WILDS|seed=7|fraction=0.05|gamma=1|tau=0.2|lambda=0.6,learning_curve,Camelyon17-WILDS,7,0.05,395,1.0,0.2,0.6,always_deploy_balanced,True,"MANCE++::epsilon=0.05,steps=3",MANCE++,0.0,False,NA,False,True,False,True
learning_curve|Camelyon17-WILDS|seed=7|fraction=0.05|gamma=1|tau=0.2|lambda=0.6,learning_curve,Camelyon17-WILDS,7,0.05,395,1.0,0.2,0.6,point_selection_balanced,False,,,0.0,False,NA,False,False,False,True
learning_curve|Camelyon17-WILDS|seed=7|fraction=0.05|gamma=1|tau=0.2|lambda=0.6,learning_curve,Camelyon17-WILDS,7,0.05,395,1.0,0.2,0.6,vera_balanced_iut,False,,,0.0,False,NA,False,False,True,True
learning_curve|Camelyon17-WILDS|seed=7|fraction=0.05|gamma=1|tau=0.2|lambda=0.6,learning_curve,Camelyon17-WILDS,7,0.05,395,1.0,0.2,0.6,vera_balanced_envelope,False,,,0.0,False,NA,False,False,True,True
learning_curve|Camelyon17-WILDS|seed=7|fraction=0.05|gamma=1|tau=0.2|lambda=0.6,learning_curve,Camelyon17-WILDS,7,0.05,395,1.0,0.2,0.6,external_balanced_oracle,False,,,0.0,False,NA,False,False,False,True
learning_curve|Camelyon17-WILDS|seed=7|fraction=0.05|gamma=1|tau=0.2|lambda=0.7,learning_curve,Camelyon17-WILDS,7,0.05,395,1.0,0.2,0.7,always_deploy_balanced,True,"MANCE++::epsilon=0.05,steps=3",MANCE++,0.0,False,NA,False,True,False,True
learning_curve|Camelyon17-WILDS|seed=7|fraction=0.05|gamma=1|tau=0.2|lambda=0.7,learning_curve,Camelyon17-WILDS,7,0.05,395,1.0,0.2,0.7,point_selection_balanced,False,,,0.0,False,NA,False,False,False,True
learning_curve|Camelyon17-WILDS|seed=7|fraction=0.05|gamma=1|tau=0.2|lambda=0.7,learning_curve,Camelyon17-WILDS,7,0.05,395,1.0,0.2,0.7,vera_balanced_iut,False,,,0.0,False,NA,False,False,True,True
learning_curve|Camelyon17-WILDS|seed=7|fraction=0.05|gamma=1|tau=0.2|lambda=0.7,learning_curve,Camelyon17-WILDS,7,0.05,395,1.0,0.2,0.7,vera_balanced_envelope,False,,,0.0,False,NA,False,False,True,True
learning_curve|Camelyon17-WILDS|seed=7|fraction=0.05|gamma=1|tau=0.2|lambda=0.7,learning_curve,Camelyon17-WILDS,7,0.05,395,1.0,0.2,0.7,external_balanced_oracle,False,,,0.0,False,NA,False,False,False,True
learning_curve|Camelyon17-WILDS|seed=7|fraction=0.05|gamma=1|tau=0.2|lambda=0.8,learning_curve,Camelyon17-WILDS,7,0.05,395,1.0,0.2,0.8,always_deploy_balanced,True,"MANCE++::epsilon=0.05,steps=3",MANCE++,0.0,False,NA,False,True,False,True
learning_curve|Camelyon17-WILDS|seed=7|fraction=0.05|gamma=1|tau=0.2|lambda=0.8,learning_curve,Camelyon17-WILDS,7,0.05,395,1.0,0.2,0.8,point_selection_balanced,True,"MANCE++::epsilon=0.05,steps=3",MANCE++,0.0,False,NA,False,True,False,True
learning_curve|Camelyon17-WILDS|seed=7|fraction=0.05|gamma=1|tau=0.2|lambda=0.8,learning_curve,Camelyon17-WILDS,7,0.05,395,1.0,0.2,0.8,vera_balanced_iut,False,,,0.0,False,NA,False,False,True,True
learning_curve|Camelyon17-WILDS|seed=7|fraction=0.05|gamma=1|tau=0.2|lambda=0.8,learning_curve,Camelyon17-WILDS,7,0.05,395,1.0,0.2,0.8,vera_balanced_envelope,False,,,0.0,False,NA,False,False,True,True
learning_curve|Camelyon17-WILDS|seed=7|fraction=0.05|gamma=1|tau=0.2|lambda=0.8,learning_curve,Camelyon17-WILDS,7,0.05,395,1.0,0.2,0.8,external_balanced_oracle,False,,,0.0,False,NA,False,False,False,True
learning_curve|Camelyon17-WILDS|seed=7|fraction=0.1|gamma=1|tau=0.05|lambda=0.6,learning_curve,Camelyon17-WILDS,7,0.1,796,1.0,0.05,0.6,always_deploy_balanced,True,"MANCE++::epsilon=0.05,steps=3",MANCE++,0.0,False,NA,False,True,False,True
learning_curve|Camelyon17-WILDS|seed=7|fraction=0.1|gamma=1|tau=0.05|lambda=0.6,learning_curve,Camelyon17-WILDS,7,0.1,796,1.0,0.05,0.6,point_selection_balanced,False,,,0.0,False,NA,False,False,False,True
learning_curve|Camelyon17-WILDS|seed=7|fraction=0.1|gamma=1|tau=0.05|lambda=0.6,learning_curve,Camelyon17-WILDS,7,0.1,796,1.0,0.05,0.6,vera_balanced_iut,False,,,0.0,False,NA,False,False,True,True
learning_curve|Camelyon17-WILDS|seed=7|fraction=0.1|gamma=1|tau=0.05|lambda=0.6,learning_curve,Camelyon17-WILDS,7,0.1,796,1.0,0.05,0.6,vera_balanced_envelope,False,,,0.0,False,NA,False,False,True,True
learning_curve|Camelyon17-WILDS|seed=7|fraction=0.1|gamma=1|tau=0.05|lambda=0.6,learning_curve,Camelyon17-WILDS,7,0.1,796,1.0,0.05,0.6,external_balanced_oracle,False,,,0.0,False,NA,False,False,False,True
learning_curve|Camelyon17-WILDS|seed=7|fraction=0.1|gamma=1|tau=0.05|lambda=0.7,learning_curve,Camelyon17-WILDS,7,0.1,796,1.0,0.05,0.7,always_deploy_balanced,True,"MANCE++::epsilon=0.05,steps=3",MANCE++,0.0,False,NA,False,True,False,True
learning_curve|Camelyon17-WILDS|seed=7|fraction=0.1|gamma=1|tau=0.05|lambda=0.7,learning_curve,Camelyon17-WILDS,7,0.1,796,1.0,0.05,0.7,point_selection_balanced,False,,,0.0,False,NA,False,False,False,True
learning_curve|Camelyon17-WILDS|seed=7|fraction=0.1|gamma=1|tau=0.05|lambda=0.7,learning_curve,Camelyon17-WILDS,7,0.1,796,1.0,0.05,0.7,vera_balanced_iut,False,,,0.0,False,NA,False,False,True,True
learning_curve|Camelyon17-WILDS|seed=7|fraction=0.1|gamma=1|tau=0.05|lambda=0.7,learning_curve,Camelyon17-WILDS,7,0.1,796,1.0,0.05,0.7,vera_balanced_envelope,False,,,0.0,False,NA,False,False,True,True
learning_curve|Camelyon17-WILDS|seed=7|fraction=0.1|gamma=1|tau=0.05|lambda=0.7,learning_curve,Camelyon17-WILDS,7,0.1,796,1.0,0.05,0.7,external_balanced_oracle,False,,,0.0,False,NA,False,False,False,True
learning_curve|Camelyon17-WILDS|seed=7|fraction=0.1|gamma=1|tau=0.05|lambda=0.8,learning_curve,Camelyon17-WILDS,7,0.1,796,1.0,0.05,0.8,always_deploy_balanced,True,"MANCE++::epsilon=0.05,steps=3",MANCE++,0.0,False,NA,False,True,False,True
learning_curve|Camelyon17-WILDS|seed=7|fraction=0.1|gamma=1|tau=0.05|lambda=0.8,learning_curve,Camelyon17-WILDS,7,0.1,796,1.0,0.05,0.8,point_selection_balanced,True,LEACE::closed_form,LEACE,0.0,False,NA,False,True,False,True
learning_curve|Camelyon17-WILDS|seed=7|fraction=0.1|gamma=1|tau=0.05|lambda=0.8,learning_curve,Camelyon17-WILDS,7,0.1,796,1.0,0.05,0.8,vera_balanced_iut,False,,,0.0,False,NA,False,False,True,True
learning_curve|Camelyon17-WILDS|seed=7|fraction=0.1|gamma=1|tau=0.05|lambda=0.8,learning_curve,Camelyon17-WILDS,7,0.1,796,1.0,0.05,0.8,vera_balanced_envelope,False,,,0.0,False,NA,False,False,True,True
learning_curve|Camelyon17-WILDS|seed=7|fraction=0.1|gamma=1|tau=0.05|lambda=0.8,learning_curve,Camelyon17-WILDS,7,0.1,796,1.0,0.05,0.8,external_balanced_oracle,False,,,0.0,False,NA,False,False,False,True
learning_curve|Camelyon17-WILDS|seed=7|fraction=0.1|gamma=1|tau=0.1|lambda=0.6,learning_curve,Camelyon17-WILDS,7,0.1,796,1.0,0.1,0.6,always_deploy_balanced,True,"MANCE++::epsilon=0.05,steps=3",MANCE++,0.0,False,NA,False,True,False,True
learning_curve|Camelyon17-WILDS|seed=7|fraction=0.1|gamma=1|tau=0.1|lambda=0.6,learning_curve,Camelyon17-WILDS,7,0.1,796,1.0,0.1,0.6,point_selection_balanced,False,,,0.0,False,NA,False,False,False,True
learning_curve|Camelyon17-WILDS|seed=7|fraction=0.1|gamma=1|tau=0.1|lambda=0.6,learning_curve,Camelyon17-WILDS,7,0.1,796,1.0,0.1,0.6,vera_balanced_iut,False,,,0.0,False,NA,False,False,True,True
learning_curve|Camelyon17-WILDS|seed=7|fraction=0.1|gamma=1|tau=0.1|lambda=0.6,learning_curve,Camelyon17-WILDS,7,0.1,796,1.0,0.1,0.6,vera_balanced_envelope,False,,,0.0,False,NA,False,False,True,True
learning_curve|Camelyon17-WILDS|seed=7|fraction=0.1|gamma=1|tau=0.1|lambda=0.6,learning_curve,Camelyon17-WILDS,7,0.1,796,1.0,0.1,0.6,external_balanced_oracle,False,,,0.0,False,NA,False,False,False,True
learning_curve|Camelyon17-WILDS|seed=7|fraction=0.1|gamma=1|tau=0.1|lambda=0.7,learning_curve,Camelyon17-WILDS,7,0.1,796,1.0,0.1,0.7,always_deploy_balanced,True,"MANCE++::epsilon=0.05,steps=3",MANCE++,0.0,False,NA,False,True,False,True
learning_curve|Camelyon17-WILDS|seed=7|fraction=0.1|gamma=1|tau=0.1|lambda=0.7,learning_curve,Camelyon17-WILDS,7,0.1,796,1.0,0.1,0.7,point_selection_balanced,False,,,0.0,False,NA,False,False,False,True
learning_curve|Camelyon17-WILDS|seed=7|fraction=0.1|gamma=1|tau=0.1|lambda=0.7,learning_curve,Camelyon17-WILDS,7,0.1,796,1.0,0.1,0.7,vera_balanced_iut,False,,,0.0,False,NA,False,False,True,True
learning_curve|Camelyon17-WILDS|seed=7|fraction=0.1|gamma=1|tau=0.1|lambda=0.7,learning_curve,Camelyon17-WILDS,7,0.1,796,1.0,0.1,0.7,vera_balanced_envelope,False,,,0.0,False,NA,False,False,True,True
learning_curve|Camelyon17-WILDS|seed=7|fraction=0.1|gamma=1|tau=0.1|lambda=0.7,learning_curve,Camelyon17-WILDS,7,0.1,796,1.0,0.1,0.7,external_balanced_oracle,False,,,0.0,False,NA,False,False,False,True
learning_curve|Camelyon17-WILDS|seed=7|fraction=0.1|gamma=1|tau=0.1|lambda=0.8,learning_curve,Camelyon17-WILDS,7,0.1,796,1.0,0.1,0.8,always_deploy_balanced,True,"MANCE++::epsilon=0.05,steps=3",MANCE++,0.0,False,NA,False,True,False,True
learning_curve|Camelyon17-WILDS|seed=7|fraction=0.1|gamma=1|tau=0.1|lambda=0.8,learning_curve,Camelyon17-WILDS,7,0.1,796,1.0,0.1,0.8,point_selection_balanced,True,"MANCE++::epsilon=0.05,steps=3",MANCE++,0.0,False,NA,False,True,False,True
learning_curve|Camelyon17-WILDS|seed=7|fraction=0.1|gamma=1|tau=0.1|lambda=0.8,learning_curve,Camelyon17-WILDS,7,0.1,796,1.0,0.1,0.8,vera_balanced_iut,False,,,0.0,False,NA,False,False,True,True
learning_curve|Camelyon17-WILDS|seed=7|fraction=0.1|gamma=1|tau=0.1|lambda=0.8,learning_curve,Camelyon17-WILDS,7,0.1,796,1.0,0.1,0.8,vera_balanced_envelope,False,,,0.0,False,NA,False,False,True,True
learning_curve|Camelyon17-WILDS|seed=7|fraction=0.1|gamma=1|tau=0.1|lambda=0.8,learning_curve,Camelyon17-WILDS,7,0.1,796,1.0,0.1,0.8,external_balanced_oracle,False,,,0.0,False,NA,False,False,False,True
learning_curve|Camelyon17-WILDS|seed=7|fraction=0.1|gamma=1|tau=0.2|lambda=0.6,learning_curve,Camelyon17-WILDS,7,0.1,796,1.0,0.2,0.6,always_deploy_balanced,True,"MANCE++::epsilon=0.05,steps=3",MANCE++,0.0,False,NA,False,True,False,True
learning_curve|Camelyon17-WILDS|seed=7|fraction=0.1|gamma=1|tau=0.2|lambda=0.6,learning_curve,Camelyon17-WILDS,7,0.1,796,1.0,0.2,0.6,point_selection_balanced,False,,,0.0,False,NA,False,False,False,True
learning_curve|Camelyon17-WILDS|seed=7|fraction=0.1|gamma=1|tau=0.2|lambda=0.6,learning_curve,Camelyon17-WILDS,7,0.1,796,1.0,0.2,0.6,vera_balanced_iut,False,,,0.0,False,NA,False,False,True,True
learning_curve|Camelyon17-WILDS|seed=7|fraction=0.1|gamma=1|tau=0.2|lambda=0.6,learning_curve,Camelyon17-WILDS,7,0.1,796,1.0,0.2,0.6,vera_balanced_envelope,False,,,0.0,False,NA,False,False,True,True
learning_curve|Camelyon17-WILDS|seed=7|fraction=0.1|gamma=1|tau=0.2|lambda=0.6,learning_curve,Camelyon17-WILDS,7,0.1,796,1.0,0.2,0.6,external_balanced_oracle,False,,,0.0,False,NA,False,False,False,True
learning_curve|Camelyon17-WILDS|seed=7|fraction=0.1|gamma=1|tau=0.2|lambda=0.7,learning_curve,Camelyon17-WILDS,7,0.1,796,1.0,0.2,0.7,always_deploy_balanced,True,"MANCE++::epsilon=0.05,steps=3",MANCE++,0.0,False,NA,False,True,False,True
learning_curve|Camelyon17-WILDS|seed=7|fraction=0.1|gamma=1|tau=0.2|lambda=0.7,learning_curve,Camelyon17-WILDS,7,0.1,796,1.0,0.2,0.7,point_selection_balanced,False,,,0.0,False,NA,False,False,False,True
learning_curve|Camelyon17-WILDS|seed=7|fraction=0.1|gamma=1|tau=0.2|lambda=0.7,learning_curve,Camelyon17-WILDS,7,0.1,796,1.0,0.2,0.7,vera_balanced_iut,False,,,0.0,False,NA,False,False,True,True
learning_curve|Camelyon17-WILDS|seed=7|fraction=0.1|gamma=1|tau=0.2|lambda=0.7,learning_curve,Camelyon17-WILDS,7,0.1,796,1.0,0.2,0.7,vera_balanced_envelope,False,,,0.0,False,NA,False,False,True,True
learning_curve|Camelyon17-WILDS|seed=7|fraction=0.1|gamma=1|tau=0.2|lambda=0.7,learning_curve,Camelyon17-WILDS,7,0.1,796,1.0,0.2,0.7,external_balanced_oracle,False,,,0.0,False,NA,False,False,False,True
learning_curve|Camelyon17-WILDS|seed=7|fraction=0.1|gamma=1|tau=0.2|lambda=0.8,learning_curve,Camelyon17-WILDS,7,0.1,796,1.0,0.2,0.8,always_deploy_balanced,True,"MANCE++::epsilon=0.05,steps=3",MANCE++,0.0,False,NA,False,True,False,True
learning_curve|Camelyon17-WILDS|seed=7|fraction=0.1|gamma=1|tau=0.2|lambda=0.8,learning_curve,Camelyon17-WILDS,7,0.1,796,1.0,0.2,0.8,point_selection_balanced,True,"MANCE++::epsilon=0.05,steps=3",MANCE++,0.0,False,NA,False,True,False,True
learning_curve|Camelyon17-WILDS|seed=7|fraction=0.1|gamma=1|tau=0.2|lambda=0.8,learning_curve,Camelyon17-WILDS,7,0.1,796,1.0,0.2,0.8,vera_balanced_iut,False,,,0.0,False,NA,False,False,True,True
learning_curve|Camelyon17-WILDS|seed=7|fraction=0.1|gamma=1|tau=0.2|lambda=0.8,learning_curve,Camelyon17-WILDS,7,0.1,796,1.0,0.2,0.8,vera_balanced_envelope,False,,,0.0,False,NA,False,False,True,True
learning_curve|Camelyon17-WILDS|seed=7|fraction=0.1|gamma=1|tau=0.2|lambda=0.8,learning_curve,Camelyon17-WILDS,7,0.1,796,1.0,0.2,0.8,external_balanced_oracle,False,,,0.0,False,NA,False,False,False,True
learning_curve|Camelyon17-WILDS|seed=7|fraction=0.25|gamma=1|tau=0.05|lambda=0.6,learning_curve,Camelyon17-WILDS,7,0.25,1997,1.0,0.05,0.6,always_deploy_balanced,True,"MANCE++::epsilon=0.05,steps=3",MANCE++,0.0,False,NA,False,True,False,True
learning_curve|Camelyon17-WILDS|seed=7|fraction=0.25|gamma=1|tau=0.05|lambda=0.6,learning_curve,Camelyon17-WILDS,7,0.25,1997,1.0,0.05,0.6,point_selection_balanced,False,,,0.0,False,NA,False,False,False,True
learning_curve|Camelyon17-WILDS|seed=7|fraction=0.25|gamma=1|tau=0.05|lambda=0.6,learning_curve,Camelyon17-WILDS,7,0.25,1997,1.0,0.05,0.6,vera_balanced_iut,False,,,0.0,False,NA,False,False,True,True
learning_curve|Camelyon17-WILDS|seed=7|fraction=0.25|gamma=1|tau=0.05|lambda=0.6,learning_curve,Camelyon17-WILDS,7,0.25,1997,1.0,0.05,0.6,vera_balanced_envelope,False,,,0.0,False,NA,False,False,True,True
learning_curve|Camelyon17-WILDS|seed=7|fraction=0.25|gamma=1|tau=0.05|lambda=0.6,learning_curve,Camelyon17-WILDS,7,0.25,1997,1.0,0.05,0.6,external_balanced_oracle,False,,,0.0,False,NA,False,False,False,True
learning_curve|Camelyon17-WILDS|seed=7|fraction=0.25|gamma=1|tau=0.05|lambda=0.7,learning_curve,Camelyon17-WILDS,7,0.25,1997,1.0,0.05,0.7,always_deploy_balanced,True,"MANCE++::epsilon=0.05,steps=3",MANCE++,0.0,False,NA,False,True,False,True
learning_curve|Camelyon17-WILDS|seed=7|fraction=0.25|gamma=1|tau=0.05|lambda=0.7,learning_curve,Camelyon17-WILDS,7,0.25,1997,1.0,0.05,0.7,point_selection_balanced,False,,,0.0,False,NA,False,False,False,True
learning_curve|Camelyon17-WILDS|seed=7|fraction=0.25|gamma=1|tau=0.05|lambda=0.7,learning_curve,Camelyon17-WILDS,7,0.25,1997,1.0,0.05,0.7,vera_balanced_iut,False,,,0.0,False,NA,False,False,True,True
learning_curve|Camelyon17-WILDS|seed=7|fraction=0.25|gamma=1|tau=0.05|lambda=0.7,learning_curve,Camelyon17-WILDS,7,0.25,1997,1.0,0.05,0.7,vera_balanced_envelope,False,,,0.0,False,NA,False,False,True,True
learning_curve|Camelyon17-WILDS|seed=7|fraction=0.25|gamma=1|tau=0.05|lambda=0.7,learning_curve,Camelyon17-WILDS,7,0.25,1997,1.0,0.05,0.7,external_balanced_oracle,False,,,0.0,False,NA,False,False,False,True
learning_curve|Camelyon17-WILDS|seed=7|fraction=0.25|gamma=1|tau=0.05|lambda=0.8,learning_curve,Camelyon17-WILDS,7,0.25,1997,1.0,0.05,0.8,always_deploy_balanced,True,"MANCE++::epsilon=0.05,steps=3",MANCE++,0.0,False,NA,False,True,False,True
learning_curve|Camelyon17-WILDS|seed=7|fraction=0.25|gamma=1|tau=0.05|lambda=0.8,learning_curve,Camelyon17-WILDS,7,0.25,1997,1.0,0.05,0.8,point_selection_balanced,True,INLP::rank=8,INLP,0.0,False,NA,False,True,False,True
learning_curve|Camelyon17-WILDS|seed=7|fraction=0.25|gamma=1|tau=0.05|lambda=0.8,learning_curve,Camelyon17-WILDS,7,0.25,1997,1.0,0.05,0.8,vera_balanced_iut,False,,,0.0,False,NA,False,False,True,True
learning_curve|Camelyon17-WILDS|seed=7|fraction=0.25|gamma=1|tau=0.05|lambda=0.8,learning_curve,Camelyon17-WILDS,7,0.25,1997,1.0,0.05,0.8,vera_balanced_envelope,False,,,0.0,False,NA,False,False,True,True
learning_curve|Camelyon17-WILDS|seed=7|fraction=0.25|gamma=1|tau=0.05|lambda=0.8,learning_curve,Camelyon17-WILDS,7,0.25,1997,1.0,0.05,0.8,external_balanced_oracle,False,,,0.0,False,NA,False,False,False,True
learning_curve|Camelyon17-WILDS|seed=7|fraction=0.25|gamma=1|tau=0.1|lambda=0.6,learning_curve,Camelyon17-WILDS,7,0.25,1997,1.0,0.1,0.6,always_deploy_balanced,True,"MANCE++::epsilon=0.05,steps=3",MANCE++,0.0,False,NA,False,True,False,True
learning_curve|Camelyon17-WILDS|seed=7|fraction=0.25|gamma=1|tau=0.1|lambda=0.6,learning_curve,Camelyon17-WILDS,7,0.25,1997,1.0,0.1,0.6,point_selection_balanced,False,,,0.0,False,NA,False,False,False,True
learning_curve|Camelyon17-WILDS|seed=7|fraction=0.25|gamma=1|tau=0.1|lambda=0.6,learning_curve,Camelyon17-WILDS,7,0.25,1997,1.0,0.1,0.6,vera_balanced_iut,False,,,0.0,False,NA,False,False,True,True
learning_curve|Camelyon17-WILDS|seed=7|fraction=0.25|gamma=1|tau=0.1|lambda=0.6,learning_curve,Camelyon17-WILDS,7,0.25,1997,1.0,0.1,0.6,vera_balanced_envelope,False,,,0.0,False,NA,False,False,True,True
learning_curve|Camelyon17-WILDS|seed=7|fraction=0.25|gamma=1|tau=0.1|lambda=0.6,learning_curve,Camelyon17-WILDS,7,0.25,1997,1.0,0.1,0.6,external_balanced_oracle,False,,,0.0,False,NA,False,False,False,True
learning_curve|Camelyon17-WILDS|seed=7|fraction=0.25|gamma=1|tau=0.1|lambda=0.7,learning_curve,Camelyon17-WILDS,7,0.25,1997,1.0,0.1,0.7,always_deploy_balanced,True,"MANCE++::epsilon=0.05,steps=3",MANCE++,0.0,False,NA,False,True,False,True
learning_curve|Camelyon17-WILDS|seed=7|fraction=0.25|gamma=1|tau=0.1|lambda=0.7,learning_curve,Camelyon17-WILDS,7,0.25,1997,1.0,0.1,0.7,point_selection_balanced,False,,,0.0,False,NA,False,False,False,True
learning_curve|Camelyon17-WILDS|seed=7|fraction=0.25|gamma=1|tau=0.1|lambda=0.7,learning_curve,Camelyon17-WILDS,7,0.25,1997,1.0,0.1,0.7,vera_balanced_iut,False,,,0.0,False,NA,False,False,True,True
learning_curve|Camelyon17-WILDS|seed=7|fraction=0.25|gamma=1|tau=0.1|lambda=0.7,learning_curve,Camelyon17-WILDS,7,0.25,1997,1.0,0.1,0.7,vera_balanced_envelope,False,,,0.0,False,NA,False,False,True,True
learning_curve|Camelyon17-WILDS|seed=7|fraction=0.25|gamma=1|tau=0.1|lambda=0.7,learning_curve,Camelyon17-WILDS,7,0.25,1997,1.0,0.1,0.7,external_balanced_oracle,False,,,0.0,False,NA,False,False,False,True
learning_curve|Camelyon17-WILDS|seed=7|fraction=0.25|gamma=1|tau=0.1|lambda=0.8,learning_curve,Camelyon17-WILDS,7,0.25,1997,1.0,0.1,0.8,always_deploy_balanced,True,"MANCE++::epsilon=0.05,steps=3",MANCE++,0.0,False,NA,False,True,False,True
learning_curve|Camelyon17-WILDS|seed=7|fraction=0.25|gamma=1|tau=0.1|lambda=0.8,learning_curve,Camelyon17-WILDS,7,0.25,1997,1.0,0.1,0.8,point_selection_balanced,True,"MANCE++::epsilon=0.05,steps=3",MANCE++,0.0,False,NA,False,True,False,True
learning_curve|Camelyon17-WILDS|seed=7|fraction=0.25|gamma=1|tau=0.1|lambda=0.8,learning_curve,Camelyon17-WILDS,7,0.25,1997,1.0,0.1,0.8,vera_balanced_iut,False,,,0.0,False,NA,False,False,True,True
learning_curve|Camelyon17-WILDS|seed=7|fraction=0.25|gamma=1|tau=0.1|lambda=0.8,learning_curve,Camelyon17-WILDS,7,0.25,1997,1.0,0.1,0.8,vera_balanced_envelope,False,,,0.0,False,NA,False,False,True,True
learning_curve|Camelyon17-WILDS|seed=7|fraction=0.25|gamma=1|tau=0.1|lambda=0.8,learning_curve,Camelyon17-WILDS,7,0.25,1997,1.0,0.1,0.8,external_balanced_oracle,False,,,0.0,False,NA,False,False,False,True
learning_curve|Camelyon17-WILDS|seed=7|fraction=0.25|gamma=1|tau=0.2|lambda=0.6,learning_curve,Camelyon17-WILDS,7,0.25,1997,1.0,0.2,0.6,always_deploy_balanced,True,"MANCE++::epsilon=0.05,steps=3",MANCE++,0.0,False,NA,False,True,False,True
learning_curve|Camelyon17-WILDS|seed=7|fraction=0.25|gamma=1|tau=0.2|lambda=0.6,learning_curve,Camelyon17-WILDS,7,0.25,1997,1.0,0.2,0.6,point_selection_balanced,False,,,0.0,False,NA,False,False,False,True
learning_curve|Camelyon17-WILDS|seed=7|fraction=0.25|gamma=1|tau=0.2|lambda=0.6,learning_curve,Camelyon17-WILDS,7,0.25,1997,1.0,0.2,0.6,vera_balanced_iut,False,,,0.0,False,NA,False,False,True,True
learning_curve|Camelyon17-WILDS|seed=7|fraction=0.25|gamma=1|tau=0.2|lambda=0.6,learning_curve,Camelyon17-WILDS,7,0.25,1997,1.0,0.2,0.6,vera_balanced_envelope,False,,,0.0,False,NA,False,False,True,True
learning_curve|Camelyon17-WILDS|seed=7|fraction=0.25|gamma=1|tau=0.2|lambda=0.6,learning_curve,Camelyon17-WILDS,7,0.25,1997,1.0,0.2,0.6,external_balanced_oracle,False,,,0.0,False,NA,False,False,False,True
learning_curve|Camelyon17-WILDS|seed=7|fraction=0.25|gamma=1|tau=0.2|lambda=0.7,learning_curve,Camelyon17-WILDS,7,0.25,1997,1.0,0.2,0.7,always_deploy_balanced,True,"MANCE++::epsilon=0.05,steps=3",MANCE++,0.0,False,NA,False,True,False,True
learning_curve|Camelyon17-WILDS|seed=7|fraction=0.25|gamma=1|tau=0.2|lambda=0.7,learning_curve,Camelyon17-WILDS,7,0.25,1997,1.0,0.2,0.7,point_selection_balanced,False,,,0.0,False,NA,False,False,False,True
learning_curve|Camelyon17-WILDS|seed=7|fraction=0.25|gamma=1|tau=0.2|lambda=0.7,learning_curve,Camelyon17-WILDS,7,0.25,1997,1.0,0.2,0.7,vera_balanced_iut,False,,,0.0,False,NA,False,False,True,True
learning_curve|Camelyon17-WILDS|seed=7|fraction=0.25|gamma=1|tau=0.2|lambda=0.7,learning_curve,Camelyon17-WILDS,7,0.25,1997,1.0,0.2,0.7,vera_balanced_envelope,False,,,0.0,False,NA,False,False,True,True
learning_curve|Camelyon17-WILDS|seed=7|fraction=0.25|gamma=1|tau=0.2|lambda=0.7,learning_curve,Camelyon17-WILDS,7,0.25,1997,1.0,0.2,0.7,external_balanced_oracle,False,,,0.0,False,NA,False,False,False,True
learning_curve|Camelyon17-WILDS|seed=7|fraction=0.25|gamma=1|tau=0.2|lambda=0.8,learning_curve,Camelyon17-WILDS,7,0.25,1997,1.0,0.2,0.8,always_deploy_balanced,True,"MANCE++::epsilon=0.05,steps=3",MANCE++,0.0,False,NA,False,True,False,True
learning_curve|Camelyon17-WILDS|seed=7|fraction=0.25|gamma=1|tau=0.2|lambda=0.8,learning_curve,Camelyon17-WILDS,7,0.25,1997,1.0,0.2,0.8,point_selection_balanced,True,"MANCE++::epsilon=0.05,steps=3",MANCE++,0.0,False,NA,False,True,False,True
learning_curve|Camelyon17-WILDS|seed=7|fraction=0.25|gamma=1|tau=0.2|lambda=0.8,learning_curve,Camelyon17-WILDS,7,0.25,1997,1.0,0.2,0.8,vera_balanced_iut,False,,,0.0,False,NA,False,False,True,True
learning_curve|Camelyon17-WILDS|seed=7|fraction=0.25|gamma=1|tau=0.2|lambda=0.8,learning_curve,Camelyon17-WILDS,7,0.25,1997,1.0,0.2,0.8,vera_balanced_envelope,False,,,0.0,False,NA,False,False,True,True
learning_curve|Camelyon17-WILDS|seed=7|fraction=0.25|gamma=1|tau=0.2|lambda=0.8,learning_curve,Camelyon17-WILDS,7,0.25,1997,1.0,0.2,0.8,external_balanced_oracle,False,,,0.0,False,NA,False,False,False,True
learning_curve|Camelyon17-WILDS|seed=7|fraction=0.5|gamma=1|tau=0.05|lambda=0.6,learning_curve,Camelyon17-WILDS,7,0.5,3997,1.0,0.05,0.6,always_deploy_balanced,True,"MANCE++::epsilon=0.05,steps=3",MANCE++,0.0,False,NA,False,True,False,True
learning_curve|Camelyon17-WILDS|seed=7|fraction=0.5|gamma=1|tau=0.05|lambda=0.6,learning_curve,Camelyon17-WILDS,7,0.5,3997,1.0,0.05,0.6,point_selection_balanced,False,,,0.0,False,NA,False,False,False,True
learning_curve|Camelyon17-WILDS|seed=7|fraction=0.5|gamma=1|tau=0.05|lambda=0.6,learning_curve,Camelyon17-WILDS,7,0.5,3997,1.0,0.05,0.6,vera_balanced_iut,False,,,0.0,False,NA,False,False,True,True
learning_curve|Camelyon17-WILDS|seed=7|fraction=0.5|gamma=1|tau=0.05|lambda=0.6,learning_curve,Camelyon17-WILDS,7,0.5,3997,1.0,0.05,0.6,vera_balanced_envelope,False,,,0.0,False,NA,False,False,True,True
learning_curve|Camelyon17-WILDS|seed=7|fraction=0.5|gamma=1|tau=0.05|lambda=0.6,learning_curve,Camelyon17-WILDS,7,0.5,3997,1.0,0.05,0.6,external_balanced_oracle,False,,,0.0,False,NA,False,False,False,True
learning_curve|Camelyon17-WILDS|seed=7|fraction=0.5|gamma=1|tau=0.05|lambda=0.7,learning_curve,Camelyon17-WILDS,7,0.5,3997,1.0,0.05,0.7,always_deploy_balanced,True,"MANCE++::epsilon=0.05,steps=3",MANCE++,0.0,False,NA,False,True,False,True
learning_curve|Camelyon17-WILDS|seed=7|fraction=0.5|gamma=1|tau=0.05|lambda=0.7,learning_curve,Camelyon17-WILDS,7,0.5,3997,1.0,0.05,0.7,point_selection_balanced,False,,,0.0,False,NA,False,False,False,True
learning_curve|Camelyon17-WILDS|seed=7|fraction=0.5|gamma=1|tau=0.05|lambda=0.7,learning_curve,Camelyon17-WILDS,7,0.5,3997,1.0,0.05,0.7,vera_balanced_iut,False,,,0.0,False,NA,False,False,True,True
learning_curve|Camelyon17-WILDS|seed=7|fraction=0.5|gamma=1|tau=0.05|lambda=0.7,learning_curve,Camelyon17-WILDS,7,0.5,3997,1.0,0.05,0.7,vera_balanced_envelope,False,,,0.0,False,NA,False,False,True,True
learning_curve|Camelyon17-WILDS|seed=7|fraction=0.5|gamma=1|tau=0.05|lambda=0.7,learning_curve,Camelyon17-WILDS,7,0.5,3997,1.0,0.05,0.7,external_balanced_oracle,False,,,0.0,False,NA,False,False,False,True
learning_curve|Camelyon17-WILDS|seed=7|fraction=0.5|gamma=1|tau=0.05|lambda=0.8,learning_curve,Camelyon17-WILDS,7,0.5,3997,1.0,0.05,0.8,always_deploy_balanced,True,"MANCE++::epsilon=0.05,steps=3",MANCE++,0.0,False,NA,False,True,False,True
learning_curve|Camelyon17-WILDS|seed=7|fraction=0.5|gamma=1|tau=0.05|lambda=0.8,learning_curve,Camelyon17-WILDS,7,0.5,3997,1.0,0.05,0.8,point_selection_balanced,True,INLP::rank=8,INLP,0.0,False,NA,False,True,False,True
learning_curve|Camelyon17-WILDS|seed=7|fraction=0.5|gamma=1|tau=0.05|lambda=0.8,learning_curve,Camelyon17-WILDS,7,0.5,3997,1.0,0.05,0.8,vera_balanced_iut,False,,,0.0,False,NA,False,False,True,True
learning_curve|Camelyon17-WILDS|seed=7|fraction=0.5|gamma=1|tau=0.05|lambda=0.8,learning_curve,Camelyon17-WILDS,7,0.5,3997,1.0,0.05,0.8,vera_balanced_envelope,False,,,0.0,False,NA,False,False,True,True
learning_curve|Camelyon17-WILDS|seed=7|fraction=0.5|gamma=1|tau=0.05|lambda=0.8,learning_curve,Camelyon17-WILDS,7,0.5,3997,1.0,0.05,0.8,external_balanced_oracle,False,,,0.0,False,NA,False,False,False,True
learning_curve|Camelyon17-WILDS|seed=7|fraction=0.5|gamma=1|tau=0.1|lambda=0.6,learning_curve,Camelyon17-WILDS,7,0.5,3997,1.0,0.1,0.6,always_deploy_balanced,True,"MANCE++::epsilon=0.05,steps=3",MANCE++,0.0,False,NA,False,True,False,True
learning_curve|Camelyon17-WILDS|seed=7|fraction=0.5|gamma=1|tau=0.1|lambda=0.6,learning_curve,Camelyon17-WILDS,7,0.5,3997,1.0,0.1,0.6,point_selection_balanced,False,,,0.0,False,NA,False,False,False,True
learning_curve|Camelyon17-WILDS|seed=7|fraction=0.5|gamma=1|tau=0.1|lambda=0.6,learning_curve,Camelyon17-WILDS,7,0.5,3997,1.0,0.1,0.6,vera_balanced_iut,False,,,0.0,False,NA,False,False,True,True
learning_curve|Camelyon17-WILDS|seed=7|fraction=0.5|gamma=1|tau=0.1|lambda=0.6,learning_curve,Camelyon17-WILDS,7,0.5,3997,1.0,0.1,0.6,vera_balanced_envelope,False,,,0.0,False,NA,False,False,True,True
learning_curve|Camelyon17-WILDS|seed=7|fraction=0.5|gamma=1|tau=0.1|lambda=0.6,learning_curve,Camelyon17-WILDS,7,0.5,3997,1.0,0.1,0.6,external_balanced_oracle,False,,,0.0,False,NA,False,False,False,True
learning_curve|Camelyon17-WILDS|seed=7|fraction=0.5|gamma=1|tau=0.1|lambda=0.7,learning_curve,Camelyon17-WILDS,7,0.5,3997,1.0,0.1,0.7,always_deploy_balanced,True,"MANCE++::epsilon=0.05,steps=3",MANCE++,0.0,False,NA,False,True,False,True
learning_curve|Camelyon17-WILDS|seed=7|fraction=0.5|gamma=1|tau=0.1|lambda=0.7,learning_curve,Camelyon17-WILDS,7,0.5,3997,1.0,0.1,0.7,point_selection_balanced,False,,,0.0,False,NA,False,False,False,True
learning_curve|Camelyon17-WILDS|seed=7|fraction=0.5|gamma=1|tau=0.1|lambda=0.7,learning_curve,Camelyon17-WILDS,7,0.5,3997,1.0,0.1,0.7,vera_balanced_iut,False,,,0.0,False,NA,False,False,True,True
learning_curve|Camelyon17-WILDS|seed=7|fraction=0.5|gamma=1|tau=0.1|lambda=0.7,learning_curve,Camelyon17-WILDS,7,0.5,3997,1.0,0.1,0.7,vera_balanced_envelope,False,,,0.0,False,NA,False,False,True,True
learning_curve|Camelyon17-WILDS|seed=7|fraction=0.5|gamma=1|tau=0.1|lambda=0.7,learning_curve,Camelyon17-WILDS,7,0.5,3997,1.0,0.1,0.7,external_balanced_oracle,False,,,0.0,False,NA,False,False,False,True
learning_curve|Camelyon17-WILDS|seed=7|fraction=0.5|gamma=1|tau=0.1|lambda=0.8,learning_curve,Camelyon17-WILDS,7,0.5,3997,1.0,0.1,0.8,always_deploy_balanced,True,"MANCE++::epsilon=0.05,steps=3",MANCE++,0.0,False,NA,False,True,False,True
learning_curve|Camelyon17-WILDS|seed=7|fraction=0.5|gamma=1|tau=0.1|lambda=0.8,learning_curve,Camelyon17-WILDS,7,0.5,3997,1.0,0.1,0.8,point_selection_balanced,True,"MANCE++::epsilon=0.05,steps=3",MANCE++,0.0,False,NA,False,True,False,True
learning_curve|Camelyon17-WILDS|seed=7|fraction=0.5|gamma=1|tau=0.1|lambda=0.8,learning_curve,Camelyon17-WILDS,7,0.5,3997,1.0,0.1,0.8,vera_balanced_iut,False,,,0.0,False,NA,False,False,True,True
learning_curve|Camelyon17-WILDS|seed=7|fraction=0.5|gamma=1|tau=0.1|lambda=0.8,learning_curve,Camelyon17-WILDS,7,0.5,3997,1.0,0.1,0.8,vera_balanced_envelope,False,,,0.0,False,NA,False,False,True,True
learning_curve|Camelyon17-WILDS|seed=7|fraction=0.5|gamma=1|tau=0.1|lambda=0.8,learning_curve,Camelyon17-WILDS,7,0.5,3997,1.0,0.1,0.8,external_balanced_oracle,False,,,0.0,False,NA,False,False,False,True
learning_curve|Camelyon17-WILDS|seed=7|fraction=0.5|gamma=1|tau=0.2|lambda=0.6,learning_curve,Camelyon17-WILDS,7,0.5,3997,1.0,0.2,0.6,always_deploy_balanced,True,"MANCE++::epsilon=0.05,steps=3",MANCE++,0.0,False,NA,False,True,False,True
learning_curve|Camelyon17-WILDS|seed=7|fraction=0.5|gamma=1|tau=0.2|lambda=0.6,learning_curve,Camelyon17-WILDS,7,0.5,3997,1.0,0.2,0.6,point_selection_balanced,False,,,0.0,False,NA,False,False,False,True
learning_curve|Camelyon17-WILDS|seed=7|fraction=0.5|gamma=1|tau=0.2|lambda=0.6,learning_curve,Camelyon17-WILDS,7,0.5,3997,1.0,0.2,0.6,vera_balanced_iut,False,,,0.0,False,NA,False,False,True,True
learning_curve|Camelyon17-WILDS|seed=7|fraction=0.5|gamma=1|tau=0.2|lambda=0.6,learning_curve,Camelyon17-WILDS,7,0.5,3997,1.0,0.2,0.6,vera_balanced_envelope,False,,,0.0,False,NA,False,False,True,True
learning_curve|Camelyon17-WILDS|seed=7|fraction=0.5|gamma=1|tau=0.2|lambda=0.6,learning_curve,Camelyon17-WILDS,7,0.5,3997,1.0,0.2,0.6,external_balanced_oracle,False,,,0.0,False,NA,False,False,False,True
learning_curve|Camelyon17-WILDS|seed=7|fraction=0.5|gamma=1|tau=0.2|lambda=0.7,learning_curve,Camelyon17-WILDS,7,0.5,3997,1.0,0.2,0.7,always_deploy_balanced,True,"MANCE++::epsilon=0.05,steps=3",MANCE++,0.0,False,NA,False,True,False,True
learning_curve|Camelyon17-WILDS|seed=7|fraction=0.5|gamma=1|tau=0.2|lambda=0.7,learning_curve,Camelyon17-WILDS,7,0.5,3997,1.0,0.2,0.7,point_selection_balanced,False,,,0.0,False,NA,False,False,False,True
learning_curve|Camelyon17-WILDS|seed=7|fraction=0.5|gamma=1|tau=0.2|lambda=0.7,learning_curve,Camelyon17-WILDS,7,0.5,3997,1.0,0.2,0.7,vera_balanced_iut,False,,,0.0,False,NA,False,False,True,True
learning_curve|Camelyon17-WILDS|seed=7|fraction=0.5|gamma=1|tau=0.2|lambda=0.7,learning_curve,Camelyon17-WILDS,7,0.5,3997,1.0,0.2,0.7,vera_balanced_envelope,False,,,0.0,False,NA,False,False,True,True
learning_curve|Camelyon17-WILDS|seed=7|fraction=0.5|gamma=1|tau=0.2|lambda=0.7,learning_curve,Camelyon17-WILDS,7,0.5,3997,1.0,0.2,0.7,external_balanced_oracle,False,,,0.0,False,NA,False,False,False,True
learning_curve|Camelyon17-WILDS|seed=7|fraction=0.5|gamma=1|tau=0.2|lambda=0.8,learning_curve,Camelyon17-WILDS,7,0.5,3997,1.0,0.2,0.8,always_deploy_balanced,True,"MANCE++::epsilon=0.05,steps=3",MANCE++,0.0,False,NA,False,True,False,True
learning_curve|Camelyon17-WILDS|seed=7|fraction=0.5|gamma=1|tau=0.2|lambda=0.8,learning_curve,Camelyon17-WILDS,7,0.5,3997,1.0,0.2,0.8,point_selection_balanced,True,"MANCE++::epsilon=0.05,steps=3",MANCE++,0.0,False,NA,False,True,False,True
learning_curve|Camelyon17-WILDS|seed=7|fraction=0.5|gamma=1|tau=0.2|lambda=0.8,learning_curve,Camelyon17-WILDS,7,0.5,3997,1.0,0.2,0.8,vera_balanced_iut,False,,,0.0,False,NA,False,False,True,True
learning_curve|Camelyon17-WILDS|seed=7|fraction=0.5|gamma=1|tau=0.2|lambda=0.8,learning_curve,Camelyon17-WILDS,7,0.5,3997,1.0,0.2,0.8,vera_balanced_envelope,False,,,0.0,False,NA,False,False,True,True
learning_curve|Camelyon17-WILDS|seed=7|fraction=0.5|gamma=1|tau=0.2|lambda=0.8,learning_curve,Camelyon17-WILDS,7,0.5,3997,1.0,0.2,0.8,external_balanced_oracle,False,,,0.0,False,NA,False,False,False,True
primary|Camelyon17-WILDS|seed=7|fraction=1|gamma=1|tau=0.05|lambda=0.6,primary,Camelyon17-WILDS,7,1.0,8000,1.0,0.05,0.6,always_deploy_balanced,True,"MANCE++::epsilon=0.05,steps=3",MANCE++,0.0,False,NA,False,True,False,True
primary|Camelyon17-WILDS|seed=7|fraction=1|gamma=1|tau=0.05|lambda=0.6,primary,Camelyon17-WILDS,7,1.0,8000,1.0,0.05,0.6,point_selection_balanced,False,,,0.0,False,NA,False,False,False,True
primary|Camelyon17-WILDS|seed=7|fraction=1|gamma=1|tau=0.05|lambda=0.6,primary,Camelyon17-WILDS,7,1.0,8000,1.0,0.05,0.6,vera_balanced_iut,False,,,0.0,False,NA,False,False,True,True
primary|Camelyon17-WILDS|seed=7|fraction=1|gamma=1|tau=0.05|lambda=0.6,primary,Camelyon17-WILDS,7,1.0,8000,1.0,0.05,0.6,vera_balanced_envelope,False,,,0.0,False,NA,False,False,True,True
primary|Camelyon17-WILDS|seed=7|fraction=1|gamma=1|tau=0.05|lambda=0.6,primary,Camelyon17-WILDS,7,1.0,8000,1.0,0.05,0.6,external_balanced_oracle,False,,,0.0,False,NA,False,False,False,True
primary|Camelyon17-WILDS|seed=7|fraction=1|gamma=1|tau=0.05|lambda=0.7,primary,Camelyon17-WILDS,7,1.0,8000,1.0,0.05,0.7,always_deploy_balanced,True,"MANCE++::epsilon=0.05,steps=3",MANCE++,0.0,False,NA,False,True,False,True
primary|Camelyon17-WILDS|seed=7|fraction=1|gamma=1|tau=0.05|lambda=0.7,primary,Camelyon17-WILDS,7,1.0,8000,1.0,0.05,0.7,point_selection_balanced,False,,,0.0,False,NA,False,False,False,True
primary|Camelyon17-WILDS|seed=7|fraction=1|gamma=1|tau=0.05|lambda=0.7,primary,Camelyon17-WILDS,7,1.0,8000,1.0,0.05,0.7,vera_balanced_iut,False,,,0.0,False,NA,False,False,True,True
primary|Camelyon17-WILDS|seed=7|fraction=1|gamma=1|tau=0.05|lambda=0.7,primary,Camelyon17-WILDS,7,1.0,8000,1.0,0.05,0.7,vera_balanced_envelope,False,,,0.0,False,NA,False,False,True,True
primary|Camelyon17-WILDS|seed=7|fraction=1|gamma=1|tau=0.05|lambda=0.7,primary,Camelyon17-WILDS,7,1.0,8000,1.0,0.05,0.7,external_balanced_oracle,False,,,0.0,False,NA,False,False,False,True
primary|Camelyon17-WILDS|seed=7|fraction=1|gamma=1|tau=0.05|lambda=0.8,primary,Camelyon17-WILDS,7,1.0,8000,1.0,0.05,0.8,always_deploy_balanced,True,"MANCE++::epsilon=0.05,steps=3",MANCE++,0.0,False,NA,False,True,False,True
primary|Camelyon17-WILDS|seed=7|fraction=1|gamma=1|tau=0.05|lambda=0.8,primary,Camelyon17-WILDS,7,1.0,8000,1.0,0.05,0.8,point_selection_balanced,False,,,0.0,False,NA,False,False,False,True
primary|Camelyon17-WILDS|seed=7|fraction=1|gamma=1|tau=0.05|lambda=0.8,primary,Camelyon17-WILDS,7,1.0,8000,1.0,0.05,0.8,vera_balanced_iut,False,,,0.0,False,NA,False,False,True,True
primary|Camelyon17-WILDS|seed=7|fraction=1|gamma=1|tau=0.05|lambda=0.8,primary,Camelyon17-WILDS,7,1.0,8000,1.0,0.05,0.8,vera_balanced_envelope,False,,,0.0,False,NA,False,False,True,True
primary|Camelyon17-WILDS|seed=7|fraction=1|gamma=1|tau=0.05|lambda=0.8,primary,Camelyon17-WILDS,7,1.0,8000,1.0,0.05,0.8,external_balanced_oracle,False,,,0.0,False,NA,False,False,False,True
primary|Camelyon17-WILDS|seed=7|fraction=1|gamma=1|tau=0.1|lambda=0.6,primary,Camelyon17-WILDS,7,1.0,8000,1.0,0.1,0.6,always_deploy_balanced,True,"MANCE++::epsilon=0.05,steps=3",MANCE++,0.0,False,NA,False,True,False,True
primary|Camelyon17-WILDS|seed=7|fraction=1|gamma=1|tau=0.1|lambda=0.6,primary,Camelyon17-WILDS,7,1.0,8000,1.0,0.1,0.6,point_selection_balanced,False,,,0.0,False,NA,False,False,False,True
primary|Camelyon17-WILDS|seed=7|fraction=1|gamma=1|tau=0.1|lambda=0.6,primary,Camelyon17-WILDS,7,1.0,8000,1.0,0.1,0.6,vera_balanced_iut,False,,,0.0,False,NA,False,False,True,True
primary|Camelyon17-WILDS|seed=7|fraction=1|gamma=1|tau=0.1|lambda=0.6,primary,Camelyon17-WILDS,7,1.0,8000,1.0,0.1,0.6,vera_balanced_envelope,False,,,0.0,False,NA,False,False,True,True
primary|Camelyon17-WILDS|seed=7|fraction=1|gamma=1|tau=0.1|lambda=0.6,primary,Camelyon17-WILDS,7,1.0,8000,1.0,0.1,0.6,external_balanced_oracle,False,,,0.0,False,NA,False,False,False,True
primary|Camelyon17-WILDS|seed=7|fraction=1|gamma=1|tau=0.1|lambda=0.7,primary,Camelyon17-WILDS,7,1.0,8000,1.0,0.1,0.7,always_deploy_balanced,True,"MANCE++::epsilon=0.05,steps=3",MANCE++,0.0,False,NA,False,True,False,True
primary|Camelyon17-WILDS|seed=7|fraction=1|gamma=1|tau=0.1|lambda=0.7,primary,Camelyon17-WILDS,7,1.0,8000,1.0,0.1,0.7,point_selection_balanced,False,,,0.0,False,NA,False,False,False,True
primary|Camelyon17-WILDS|seed=7|fraction=1|gamma=1|tau=0.1|lambda=0.7,primary,Camelyon17-WILDS,7,1.0,8000,1.0,0.1,0.7,vera_balanced_iut,False,,,0.0,False,NA,False,False,True,True
primary|Camelyon17-WILDS|seed=7|fraction=1|gamma=1|tau=0.1|lambda=0.7,primary,Camelyon17-WILDS,7,1.0,8000,1.0,0.1,0.7,vera_balanced_envelope,False,,,0.0,False,NA,False,False,True,True
primary|Camelyon17-WILDS|seed=7|fraction=1|gamma=1|tau=0.1|lambda=0.7,primary,Camelyon17-WILDS,7,1.0,8000,1.0,0.1,0.7,external_balanced_oracle,False,,,0.0,False,NA,False,False,False,True
primary|Camelyon17-WILDS|seed=7|fraction=1|gamma=1|tau=0.1|lambda=0.8,primary,Camelyon17-WILDS,7,1.0,8000,1.0,0.1,0.8,always_deploy_balanced,True,"MANCE++::epsilon=0.05,steps=3",MANCE++,0.0,False,NA,False,True,False,True
primary|Camelyon17-WILDS|seed=7|fraction=1|gamma=1|tau=0.1|lambda=0.8,primary,Camelyon17-WILDS,7,1.0,8000,1.0,0.1,0.8,point_selection_balanced,True,"MANCE++::epsilon=0.05,steps=3",MANCE++,0.0,False,NA,False,True,False,True
primary|Camelyon17-WILDS|seed=7|fraction=1|gamma=1|tau=0.1|lambda=0.8,primary,Camelyon17-WILDS,7,1.0,8000,1.0,0.1,0.8,vera_balanced_iut,False,,,0.0,False,NA,False,False,True,True
primary|Camelyon17-WILDS|seed=7|fraction=1|gamma=1|tau=0.1|lambda=0.8,primary,Camelyon17-WILDS,7,1.0,8000,1.0,0.1,0.8,vera_balanced_envelope,False,,,0.0,False,NA,False,False,True,True
primary|Camelyon17-WILDS|seed=7|fraction=1|gamma=1|tau=0.1|lambda=0.8,primary,Camelyon17-WILDS,7,1.0,8000,1.0,0.1,0.8,external_balanced_oracle,False,,,0.0,False,NA,False,False,False,True
primary|Camelyon17-WILDS|seed=7|fraction=1|gamma=1|tau=0.2|lambda=0.6,primary,Camelyon17-WILDS,7,1.0,8000,1.0,0.2,0.6,always_deploy_balanced,True,"MANCE++::epsilon=0.05,steps=3",MANCE++,0.0,False,NA,False,True,False,True
primary|Camelyon17-WILDS|seed=7|fraction=1|gamma=1|tau=0.2|lambda=0.6,primary,Camelyon17-WILDS,7,1.0,8000,1.0,0.2,0.6,point_selection_balanced,False,,,0.0,False,NA,False,False,False,True
primary|Camelyon17-WILDS|seed=7|fraction=1|gamma=1|tau=0.2|lambda=0.6,primary,Camelyon17-WILDS,7,1.0,8000,1.0,0.2,0.6,vera_balanced_iut,False,,,0.0,False,NA,False,False,True,True
primary|Camelyon17-WILDS|seed=7|fraction=1|gamma=1|tau=0.2|lambda=0.6,primary,Camelyon17-WILDS,7,1.0,8000,1.0,0.2,0.6,vera_balanced_envelope,False,,,0.0,False,NA,False,False,True,True
primary|Camelyon17-WILDS|seed=7|fraction=1|gamma=1|tau=0.2|lambda=0.6,primary,Camelyon17-WILDS,7,1.0,8000,1.0,0.2,0.6,external_balanced_oracle,False,,,0.0,False,NA,False,False,False,True
primary|Camelyon17-WILDS|seed=7|fraction=1|gamma=1|tau=0.2|lambda=0.7,primary,Camelyon17-WILDS,7,1.0,8000,1.0,0.2,0.7,always_deploy_balanced,True,"MANCE++::epsilon=0.05,steps=3",MANCE++,0.0,False,NA,False,True,False,True
primary|Camelyon17-WILDS|seed=7|fraction=1|gamma=1|tau=0.2|lambda=0.7,primary,Camelyon17-WILDS,7,1.0,8000,1.0,0.2,0.7,point_selection_balanced,False,,,0.0,False,NA,False,False,False,True
primary|Camelyon17-WILDS|seed=7|fraction=1|gamma=1|tau=0.2|lambda=0.7,primary,Camelyon17-WILDS,7,1.0,8000,1.0,0.2,0.7,vera_balanced_iut,False,,,0.0,False,NA,False,False,True,True
primary|Camelyon17-WILDS|seed=7|fraction=1|gamma=1|tau=0.2|lambda=0.7,primary,Camelyon17-WILDS,7,1.0,8000,1.0,0.2,0.7,vera_balanced_envelope,False,,,0.0,False,NA,False,False,True,True
primary|Camelyon17-WILDS|seed=7|fraction=1|gamma=1|tau=0.2|lambda=0.7,primary,Camelyon17-WILDS,7,1.0,8000,1.0,0.2,0.7,external_balanced_oracle,False,,,0.0,False,NA,False,False,False,True
primary|Camelyon17-WILDS|seed=7|fraction=1|gamma=1|tau=0.2|lambda=0.8,primary,Camelyon17-WILDS,7,1.0,8000,1.0,0.2,0.8,always_deploy_balanced,True,"MANCE++::epsilon=0.05,steps=3",MANCE++,0.0,False,NA,False,True,False,True
primary|Camelyon17-WILDS|seed=7|fraction=1|gamma=1|tau=0.2|lambda=0.8,primary,Camelyon17-WILDS,7,1.0,8000,1.0,0.2,0.8,point_selection_balanced,True,"MANCE++::epsilon=0.05,steps=3",MANCE++,0.0,False,NA,False,True,False,True
primary|Camelyon17-WILDS|seed=7|fraction=1|gamma=1|tau=0.2|lambda=0.8,primary,Camelyon17-WILDS,7,1.0,8000,1.0,0.2,0.8,vera_balanced_iut,False,,,0.0,False,NA,False,False,True,True
primary|Camelyon17-WILDS|seed=7|fraction=1|gamma=1|tau=0.2|lambda=0.8,primary,Camelyon17-WILDS,7,1.0,8000,1.0,0.2,0.8,vera_balanced_envelope,False,,,0.0,False,NA,False,False,True,True
primary|Camelyon17-WILDS|seed=7|fraction=1|gamma=1|tau=0.2|lambda=0.8,primary,Camelyon17-WILDS,7,1.0,8000,1.0,0.2,0.8,external_balanced_oracle,False,,,0.0,False,NA,False,False,False,True
shifted_sensitivity|Camelyon17-WILDS|seed=7|fraction=1|gamma=1.01|tau=0.05|lambda=0.6,shifted_sensitivity,Camelyon17-WILDS,7,1.0,8000,1.01,0.05,0.6,always_deploy_balanced,True,"MANCE++::epsilon=0.05,steps=3",MANCE++,0.0,False,NA,False,True,False,True
shifted_sensitivity|Camelyon17-WILDS|seed=7|fraction=1|gamma=1.01|tau=0.05|lambda=0.6,shifted_sensitivity,Camelyon17-WILDS,7,1.0,8000,1.01,0.05,0.6,point_selection_balanced,False,,,0.0,False,NA,False,False,False,True
shifted_sensitivity|Camelyon17-WILDS|seed=7|fraction=1|gamma=1.01|tau=0.05|lambda=0.6,shifted_sensitivity,Camelyon17-WILDS,7,1.0,8000,1.01,0.05,0.6,vera_balanced_iut,False,,,0.0,False,NA,False,False,True,True
shifted_sensitivity|Camelyon17-WILDS|seed=7|fraction=1|gamma=1.01|tau=0.05|lambda=0.6,shifted_sensitivity,Camelyon17-WILDS,7,1.0,8000,1.01,0.05,0.6,vera_balanced_envelope,False,,,0.0,False,NA,False,False,True,True
shifted_sensitivity|Camelyon17-WILDS|seed=7|fraction=1|gamma=1.01|tau=0.05|lambda=0.6,shifted_sensitivity,Camelyon17-WILDS,7,1.0,8000,1.01,0.05,0.6,external_balanced_oracle,False,,,0.0,False,NA,False,False,False,True
shifted_sensitivity|Camelyon17-WILDS|seed=7|fraction=1|gamma=1.01|tau=0.05|lambda=0.7,shifted_sensitivity,Camelyon17-WILDS,7,1.0,8000,1.01,0.05,0.7,always_deploy_balanced,True,"MANCE++::epsilon=0.05,steps=3",MANCE++,0.0,False,NA,False,True,False,True
shifted_sensitivity|Camelyon17-WILDS|seed=7|fraction=1|gamma=1.01|tau=0.05|lambda=0.7,shifted_sensitivity,Camelyon17-WILDS,7,1.0,8000,1.01,0.05,0.7,point_selection_balanced,False,,,0.0,False,NA,False,False,False,True
shifted_sensitivity|Camelyon17-WILDS|seed=7|fraction=1|gamma=1.01|tau=0.05|lambda=0.7,shifted_sensitivity,Camelyon17-WILDS,7,1.0,8000,1.01,0.05,0.7,vera_balanced_iut,False,,,0.0,False,NA,False,False,True,True
shifted_sensitivity|Camelyon17-WILDS|seed=7|fraction=1|gamma=1.01|tau=0.05|lambda=0.7,shifted_sensitivity,Camelyon17-WILDS,7,1.0,8000,1.01,0.05,0.7,vera_balanced_envelope,False,,,0.0,False,NA,False,False,True,True
shifted_sensitivity|Camelyon17-WILDS|seed=7|fraction=1|gamma=1.01|tau=0.05|lambda=0.7,shifted_sensitivity,Camelyon17-WILDS,7,1.0,8000,1.01,0.05,0.7,external_balanced_oracle,False,,,0.0,False,NA,False,False,False,True
shifted_sensitivity|Camelyon17-WILDS|seed=7|fraction=1|gamma=1.01|tau=0.05|lambda=0.8,shifted_sensitivity,Camelyon17-WILDS,7,1.0,8000,1.01,0.05,0.8,always_deploy_balanced,True,"MANCE++::epsilon=0.05,steps=3",MANCE++,0.0,False,NA,False,True,False,True
shifted_sensitivity|Camelyon17-WILDS|seed=7|fraction=1|gamma=1.01|tau=0.05|lambda=0.8,shifted_sensitivity,Camelyon17-WILDS,7,1.0,8000,1.01,0.05,0.8,point_selection_balanced,False,,,0.0,False,NA,False,False,False,True
shifted_sensitivity|Camelyon17-WILDS|seed=7|fraction=1|gamma=1.01|tau=0.05|lambda=0.8,shifted_sensitivity,Camelyon17-WILDS,7,1.0,8000,1.01,0.05,0.8,vera_balanced_iut,False,,,0.0,False,NA,False,False,True,True
shifted_sensitivity|Camelyon17-WILDS|seed=7|fraction=1|gamma=1.01|tau=0.05|lambda=0.8,shifted_sensitivity,Camelyon17-WILDS,7,1.0,8000,1.01,0.05,0.8,vera_balanced_envelope,False,,,0.0,False,NA,False,False,True,True
shifted_sensitivity|Camelyon17-WILDS|seed=7|fraction=1|gamma=1.01|tau=0.05|lambda=0.8,shifted_sensitivity,Camelyon17-WILDS,7,1.0,8000,1.01,0.05,0.8,external_balanced_oracle,False,,,0.0,False,NA,False,False,False,True
shifted_sensitivity|Camelyon17-WILDS|seed=7|fraction=1|gamma=1.01|tau=0.1|lambda=0.6,shifted_sensitivity,Camelyon17-WILDS,7,1.0,8000,1.01,0.1,0.6,always_deploy_balanced,True,"MANCE++::epsilon=0.05,steps=3",MANCE++,0.0,False,NA,False,True,False,True
shifted_sensitivity|Camelyon17-WILDS|seed=7|fraction=1|gamma=1.01|tau=0.1|lambda=0.6,shifted_sensitivity,Camelyon17-WILDS,7,1.0,8000,1.01,0.1,0.6,point_selection_balanced,False,,,0.0,False,NA,False,False,False,True
shifted_sensitivity|Camelyon17-WILDS|seed=7|fraction=1|gamma=1.01|tau=0.1|lambda=0.6,shifted_sensitivity,Camelyon17-WILDS,7,1.0,8000,1.01,0.1,0.6,vera_balanced_iut,False,,,0.0,False,NA,False,False,True,True
shifted_sensitivity|Camelyon17-WILDS|seed=7|fraction=1|gamma=1.01|tau=0.1|lambda=0.6,shifted_sensitivity,Camelyon17-WILDS,7,1.0,8000,1.01,0.1,0.6,vera_balanced_envelope,False,,,0.0,False,NA,False,False,True,True
shifted_sensitivity|Camelyon17-WILDS|seed=7|fraction=1|gamma=1.01|tau=0.1|lambda=0.6,shifted_sensitivity,Camelyon17-WILDS,7,1.0,8000,1.01,0.1,0.6,external_balanced_oracle,False,,,0.0,False,NA,False,False,False,True
shifted_sensitivity|Camelyon17-WILDS|seed=7|fraction=1|gamma=1.01|tau=0.1|lambda=0.7,shifted_sensitivity,Camelyon17-WILDS,7,1.0,8000,1.01,0.1,0.7,always_deploy_balanced,True,"MANCE++::epsilon=0.05,steps=3",MANCE++,0.0,False,NA,False,True,False,True
shifted_sensitivity|Camelyon17-WILDS|seed=7|fraction=1|gamma=1.01|tau=0.1|lambda=0.7,shifted_sensitivity,Camelyon17-WILDS,7,1.0,8000,1.01,0.1,0.7,point_selection_balanced,False,,,0.0,False,NA,False,False,False,True
shifted_sensitivity|Camelyon17-WILDS|seed=7|fraction=1|gamma=1.01|tau=0.1|lambda=0.7,shifted_sensitivity,Camelyon17-WILDS,7,1.0,8000,1.01,0.1,0.7,vera_balanced_iut,False,,,0.0,False,NA,False,False,True,True
shifted_sensitivity|Camelyon17-WILDS|seed=7|fraction=1|gamma=1.01|tau=0.1|lambda=0.7,shifted_sensitivity,Camelyon17-WILDS,7,1.0,8000,1.01,0.1,0.7,vera_balanced_envelope,False,,,0.0,False,NA,False,False,True,True
shifted_sensitivity|Camelyon17-WILDS|seed=7|fraction=1|gamma=1.01|tau=0.1|lambda=0.7,shifted_sensitivity,Camelyon17-WILDS,7,1.0,8000,1.01,0.1,0.7,external_balanced_oracle,False,,,0.0,False,NA,False,False,False,True
shifted_sensitivity|Camelyon17-WILDS|seed=7|fraction=1|gamma=1.01|tau=0.1|lambda=0.8,shifted_sensitivity,Camelyon17-WILDS,7,1.0,8000,1.01,0.1,0.8,always_deploy_balanced,True,"MANCE++::epsilon=0.05,steps=3",MANCE++,0.0,False,NA,False,True,False,True
shifted_sensitivity|Camelyon17-WILDS|seed=7|fraction=1|gamma=1.01|tau=0.1|lambda=0.8,shifted_sensitivity,Camelyon17-WILDS,7,1.0,8000,1.01,0.1,0.8,point_selection_balanced,True,"MANCE++::epsilon=0.05,steps=3",MANCE++,0.0,False,NA,False,True,False,True
shifted_sensitivity|Camelyon17-WILDS|seed=7|fraction=1|gamma=1.01|tau=0.1|lambda=0.8,shifted_sensitivity,Camelyon17-WILDS,7,1.0,8000,1.01,0.1,0.8,vera_balanced_iut,False,,,0.0,False,NA,False,False,True,True
shifted_sensitivity|Camelyon17-WILDS|seed=7|fraction=1|gamma=1.01|tau=0.1|lambda=0.8,shifted_sensitivity,Camelyon17-WILDS,7,1.0,8000,1.01,0.1,0.8,vera_balanced_envelope,False,,,0.0,False,NA,False,False,True,True
shifted_sensitivity|Camelyon17-WILDS|seed=7|fraction=1|gamma=1.01|tau=0.1|lambda=0.8,shifted_sensitivity,Camelyon17-WILDS,7,1.0,8000,1.01,0.1,0.8,external_balanced_oracle,False,,,0.0,False,NA,False,False,False,True
shifted_sensitivity|Camelyon17-WILDS|seed=7|fraction=1|gamma=1.01|tau=0.2|lambda=0.6,shifted_sensitivity,Camelyon17-WILDS,7,1.0,8000,1.01,0.2,0.6,always_deploy_balanced,True,"MANCE++::epsilon=0.05,steps=3",MANCE++,0.0,False,NA,False,True,False,True
shifted_sensitivity|Camelyon17-WILDS|seed=7|fraction=1|gamma=1.01|tau=0.2|lambda=0.6,shifted_sensitivity,Camelyon17-WILDS,7,1.0,8000,1.01,0.2,0.6,point_selection_balanced,False,,,0.0,False,NA,False,False,False,True
shifted_sensitivity|Camelyon17-WILDS|seed=7|fraction=1|gamma=1.01|tau=0.2|lambda=0.6,shifted_sensitivity,Camelyon17-WILDS,7,1.0,8000,1.01,0.2,0.6,vera_balanced_iut,False,,,0.0,False,NA,False,False,True,True
shifted_sensitivity|Camelyon17-WILDS|seed=7|fraction=1|gamma=1.01|tau=0.2|lambda=0.6,shifted_sensitivity,Camelyon17-WILDS,7,1.0,8000,1.01,0.2,0.6,vera_balanced_envelope,False,,,0.0,False,NA,False,False,True,True
shifted_sensitivity|Camelyon17-WILDS|seed=7|fraction=1|gamma=1.01|tau=0.2|lambda=0.6,shifted_sensitivity,Camelyon17-WILDS,7,1.0,8000,1.01,0.2,0.6,external_balanced_oracle,False,,,0.0,False,NA,False,False,False,True
shifted_sensitivity|Camelyon17-WILDS|seed=7|fraction=1|gamma=1.01|tau=0.2|lambda=0.7,shifted_sensitivity,Camelyon17-WILDS,7,1.0,8000,1.01,0.2,0.7,always_deploy_balanced,True,"MANCE++::epsilon=0.05,steps=3",MANCE++,0.0,False,NA,False,True,False,True
shifted_sensitivity|Camelyon17-WILDS|seed=7|fraction=1|gamma=1.01|tau=0.2|lambda=0.7,shifted_sensitivity,Camelyon17-WILDS,7,1.0,8000,1.01,0.2,0.7,point_selection_balanced,False,,,0.0,False,NA,False,False,False,True
shifted_sensitivity|Camelyon17-WILDS|seed=7|fraction=1|gamma=1.01|tau=0.2|lambda=0.7,shifted_sensitivity,Camelyon17-WILDS,7,1.0,8000,1.01,0.2,0.7,vera_balanced_iut,False,,,0.0,False,NA,False,False,True,True
shifted_sensitivity|Camelyon17-WILDS|seed=7|fraction=1|gamma=1.01|tau=0.2|lambda=0.7,shifted_sensitivity,Camelyon17-WILDS,7,1.0,8000,1.01,0.2,0.7,vera_balanced_envelope,False,,,0.0,False,NA,False,False,True,True
shifted_sensitivity|Camelyon17-WILDS|seed=7|fraction=1|gamma=1.01|tau=0.2|lambda=0.7,shifted_sensitivity,Camelyon17-WILDS,7,1.0,8000,1.01,0.2,0.7,external_balanced_oracle,False,,,0.0,False,NA,False,False,False,True
shifted_sensitivity|Camelyon17-WILDS|seed=7|fraction=1|gamma=1.01|tau=0.2|lambda=0.8,shifted_sensitivity,Camelyon17-WILDS,7,1.0,8000,1.01,0.2,0.8,always_deploy_balanced,True,"MANCE++::epsilon=0.05,steps=3",MANCE++,0.0,False,NA,False,True,False,True
shifted_sensitivity|Camelyon17-WILDS|seed=7|fraction=1|gamma=1.01|tau=0.2|lambda=0.8,shifted_sensitivity,Camelyon17-WILDS,7,1.0,8000,1.01,0.2,0.8,point_selection_balanced,True,"MANCE++::epsilon=0.05,steps=3",MANCE++,0.0,False,NA,False,True,False,True
shifted_sensitivity|Camelyon17-WILDS|seed=7|fraction=1|gamma=1.01|tau=0.2|lambda=0.8,shifted_sensitivity,Camelyon17-WILDS,7,1.0,8000,1.01,0.2,0.8,vera_balanced_iut,False,,,0.0,False,NA,False,False,True,True
shifted_sensitivity|Camelyon17-WILDS|seed=7|fraction=1|gamma=1.01|tau=0.2|lambda=0.8,shifted_sensitivity,Camelyon17-WILDS,7,1.0,8000,1.01,0.2,0.8,vera_balanced_envelope,False,,,0.0,False,NA,False,False,True,True
shifted_sensitivity|Camelyon17-WILDS|seed=7|fraction=1|gamma=1.01|tau=0.2|lambda=0.8,shifted_sensitivity,Camelyon17-WILDS,7,1.0,8000,1.01,0.2,0.8,external_balanced_oracle,False,,,0.0,False,NA,False,False,False,True
learning_curve|Camelyon17-WILDS|seed=8|fraction=0.05|gamma=1|tau=0.05|lambda=0.6,learning_curve,Camelyon17-WILDS,8,0.05,397,1.0,0.05,0.6,always_deploy_balanced,True,"MANCE++::epsilon=0.05,steps=3",MANCE++,0.0,False,NA,False,True,False,True
learning_curve|Camelyon17-WILDS|seed=8|fraction=0.05|gamma=1|tau=0.05|lambda=0.6,learning_curve,Camelyon17-WILDS,8,0.05,397,1.0,0.05,0.6,point_selection_balanced,False,,,0.0,False,NA,False,False,False,True
learning_curve|Camelyon17-WILDS|seed=8|fraction=0.05|gamma=1|tau=0.05|lambda=0.6,learning_curve,Camelyon17-WILDS,8,0.05,397,1.0,0.05,0.6,vera_balanced_iut,False,,,0.0,False,NA,False,False,True,True
learning_curve|Camelyon17-WILDS|seed=8|fraction=0.05|gamma=1|tau=0.05|lambda=0.6,learning_curve,Camelyon17-WILDS,8,0.05,397,1.0,0.05,0.6,vera_balanced_envelope,False,,,0.0,False,NA,False,False,True,True
learning_curve|Camelyon17-WILDS|seed=8|fraction=0.05|gamma=1|tau=0.05|lambda=0.6,learning_curve,Camelyon17-WILDS,8,0.05,397,1.0,0.05,0.6,external_balanced_oracle,False,,,0.0,False,NA,False,False,False,True
learning_curve|Camelyon17-WILDS|seed=8|fraction=0.05|gamma=1|tau=0.05|lambda=0.7,learning_curve,Camelyon17-WILDS,8,0.05,397,1.0,0.05,0.7,always_deploy_balanced,True,"MANCE++::epsilon=0.05,steps=3",MANCE++,0.0,False,NA,False,True,False,True
learning_curve|Camelyon17-WILDS|seed=8|fraction=0.05|gamma=1|tau=0.05|lambda=0.7,learning_curve,Camelyon17-WILDS,8,0.05,397,1.0,0.05,0.7,point_selection_balanced,False,,,0.0,False,NA,False,False,False,True
learning_curve|Camelyon17-WILDS|seed=8|fraction=0.05|gamma=1|tau=0.05|lambda=0.7,learning_curve,Camelyon17-WILDS,8,0.05,397,1.0,0.05,0.7,vera_balanced_iut,False,,,0.0,False,NA,False,False,True,True
learning_curve|Camelyon17-WILDS|seed=8|fraction=0.05|gamma=1|tau=0.05|lambda=0.7,learning_curve,Camelyon17-WILDS,8,0.05,397,1.0,0.05,0.7,vera_balanced_envelope,False,,,0.0,False,NA,False,False,True,True
learning_curve|Camelyon17-WILDS|seed=8|fraction=0.05|gamma=1|tau=0.05|lambda=0.7,learning_curve,Camelyon17-WILDS,8,0.05,397,1.0,0.05,0.7,external_balanced_oracle,False,,,0.0,False,NA,False,False,False,True
learning_curve|Camelyon17-WILDS|seed=8|fraction=0.05|gamma=1|tau=0.05|lambda=0.8,learning_curve,Camelyon17-WILDS,8,0.05,397,1.0,0.05,0.8,always_deploy_balanced,True,"MANCE++::epsilon=0.05,steps=3",MANCE++,0.0,False,NA,False,True,False,True
learning_curve|Camelyon17-WILDS|seed=8|fraction=0.05|gamma=1|tau=0.05|lambda=0.8,learning_curve,Camelyon17-WILDS,8,0.05,397,1.0,0.05,0.8,point_selection_balanced,True,"MANCE++::epsilon=0.05,steps=3",MANCE++,0.0,False,NA,False,True,False,True
learning_curve|Camelyon17-WILDS|seed=8|fraction=0.05|gamma=1|tau=0.05|lambda=0.8,learning_curve,Camelyon17-WILDS,8,0.05,397,1.0,0.05,0.8,vera_balanced_iut,False,,,0.0,False,NA,False,False,True,True
learning_curve|Camelyon17-WILDS|seed=8|fraction=0.05|gamma=1|tau=0.05|lambda=0.8,learning_curve,Camelyon17-WILDS,8,0.05,397,1.0,0.05,0.8,vera_balanced_envelope,False,,,0.0,False,NA,False,False,True,True
learning_curve|Camelyon17-WILDS|seed=8|fraction=0.05|gamma=1|tau=0.05|lambda=0.8,learning_curve,Camelyon17-WILDS,8,0.05,397,1.0,0.05,0.8,external_balanced_oracle,False,,,0.0,False,NA,False,False,False,True
learning_curve|Camelyon17-WILDS|seed=8|fraction=0.05|gamma=1|tau=0.1|lambda=0.6,learning_curve,Camelyon17-WILDS,8,0.05,397,1.0,0.1,0.6,always_deploy_balanced,True,"MANCE++::epsilon=0.05,steps=3",MANCE++,0.0,False,NA,False,True,False,True
learning_curve|Camelyon17-WILDS|seed=8|fraction=0.05|gamma=1|tau=0.1|lambda=0.6,learning_curve,Camelyon17-WILDS,8,0.05,397,1.0,0.1,0.6,point_selection_balanced,False,,,0.0,False,NA,False,False,False,True
learning_curve|Camelyon17-WILDS|seed=8|fraction=0.05|gamma=1|tau=0.1|lambda=0.6,learning_curve,Camelyon17-WILDS,8,0.05,397,1.0,0.1,0.6,vera_balanced_iut,False,,,0.0,False,NA,False,False,True,True
learning_curve|Camelyon17-WILDS|seed=8|fraction=0.05|gamma=1|tau=0.1|lambda=0.6,learning_curve,Camelyon17-WILDS,8,0.05,397,1.0,0.1,0.6,vera_balanced_envelope,False,,,0.0,False,NA,False,False,True,True
learning_curve|Camelyon17-WILDS|seed=8|fraction=0.05|gamma=1|tau=0.1|lambda=0.6,learning_curve,Camelyon17-WILDS,8,0.05,397,1.0,0.1,0.6,external_balanced_oracle,False,,,0.0,False,NA,False,False,False,True
learning_curve|Camelyon17-WILDS|seed=8|fraction=0.05|gamma=1|tau=0.1|lambda=0.7,learning_curve,Camelyon17-WILDS,8,0.05,397,1.0,0.1,0.7,always_deploy_balanced,True,"MANCE++::epsilon=0.05,steps=3",MANCE++,0.0,False,NA,False,True,False,True
learning_curve|Camelyon17-WILDS|seed=8|fraction=0.05|gamma=1|tau=0.1|lambda=0.7,learning_curve,Camelyon17-WILDS,8,0.05,397,1.0,0.1,0.7,point_selection_balanced,False,,,0.0,False,NA,False,False,False,True
learning_curve|Camelyon17-WILDS|seed=8|fraction=0.05|gamma=1|tau=0.1|lambda=0.7,learning_curve,Camelyon17-WILDS,8,0.05,397,1.0,0.1,0.7,vera_balanced_iut,False,,,0.0,False,NA,False,False,True,True
learning_curve|Camelyon17-WILDS|seed=8|fraction=0.05|gamma=1|tau=0.1|lambda=0.7,learning_curve,Camelyon17-WILDS,8,0.05,397,1.0,0.1,0.7,vera_balanced_envelope,False,,,0.0,False,NA,False,False,True,True
learning_curve|Camelyon17-WILDS|seed=8|fraction=0.05|gamma=1|tau=0.1|lambda=0.7,learning_curve,Camelyon17-WILDS,8,0.05,397,1.0,0.1,0.7,external_balanced_oracle,False,,,0.0,False,NA,False,False,False,True
learning_curve|Camelyon17-WILDS|seed=8|fraction=0.05|gamma=1|tau=0.1|lambda=0.8,learning_curve,Camelyon17-WILDS,8,0.05,397,1.0,0.1,0.8,always_deploy_balanced,True,"MANCE++::epsilon=0.05,steps=3",MANCE++,0.0,False,NA,False,True,False,True
learning_curve|Camelyon17-WILDS|seed=8|fraction=0.05|gamma=1|tau=0.1|lambda=0.8,learning_curve,Camelyon17-WILDS,8,0.05,397,1.0,0.1,0.8,point_selection_balanced,True,"MANCE++::epsilon=0.05,steps=3",MANCE++,0.0,False,NA,False,True,False,True
learning_curve|Camelyon17-WILDS|seed=8|fraction=0.05|gamma=1|tau=0.1|lambda=0.8,learning_curve,Camelyon17-WILDS,8,0.05,397,1.0,0.1,0.8,vera_balanced_iut,False,,,0.0,False,NA,False,False,True,True
learning_curve|Camelyon17-WILDS|seed=8|fraction=0.05|gamma=1|tau=0.1|lambda=0.8,learning_curve,Camelyon17-WILDS,8,0.05,397,1.0,0.1,0.8,vera_balanced_envelope,False,,,0.0,False,NA,False,False,True,True
learning_curve|Camelyon17-WILDS|seed=8|fraction=0.05|gamma=1|tau=0.1|lambda=0.8,learning_curve,Camelyon17-WILDS,8,0.05,397,1.0,0.1,0.8,external_balanced_oracle,False,,,0.0,False,NA,False,False,False,True
learning_curve|Camelyon17-WILDS|seed=8|fraction=0.05|gamma=1|tau=0.2|lambda=0.6,learning_curve,Camelyon17-WILDS,8,0.05,397,1.0,0.2,0.6,always_deploy_balanced,True,"MANCE++::epsilon=0.05,steps=3",MANCE++,0.0,False,NA,False,True,False,True
learning_curve|Camelyon17-WILDS|seed=8|fraction=0.05|gamma=1|tau=0.2|lambda=0.6,learning_curve,Camelyon17-WILDS,8,0.05,397,1.0,0.2,0.6,point_selection_balanced,False,,,0.0,False,NA,False,False,False,True
learning_curve|Camelyon17-WILDS|seed=8|fraction=0.05|gamma=1|tau=0.2|lambda=0.6,learning_curve,Camelyon17-WILDS,8,0.05,397,1.0,0.2,0.6,vera_balanced_iut,False,,,0.0,False,NA,False,False,True,True
learning_curve|Camelyon17-WILDS|seed=8|fraction=0.05|gamma=1|tau=0.2|lambda=0.6,learning_curve,Camelyon17-WILDS,8,0.05,397,1.0,0.2,0.6,vera_balanced_envelope,False,,,0.0,False,NA,False,False,True,True
learning_curve|Camelyon17-WILDS|seed=8|fraction=0.05|gamma=1|tau=0.2|lambda=0.6,learning_curve,Camelyon17-WILDS,8,0.05,397,1.0,0.2,0.6,external_balanced_oracle,False,,,0.0,False,NA,False,False,False,True
learning_curve|Camelyon17-WILDS|seed=8|fraction=0.05|gamma=1|tau=0.2|lambda=0.7,learning_curve,Camelyon17-WILDS,8,0.05,397,1.0,0.2,0.7,always_deploy_balanced,True,"MANCE++::epsilon=0.05,steps=3",MANCE++,0.0,False,NA,False,True,False,True
learning_curve|Camelyon17-WILDS|seed=8|fraction=0.05|gamma=1|tau=0.2|lambda=0.7,learning_curve,Camelyon17-WILDS,8,0.05,397,1.0,0.2,0.7,point_selection_balanced,False,,,0.0,False,NA,False,False,False,True
learning_curve|Camelyon17-WILDS|seed=8|fraction=0.05|gamma=1|tau=0.2|lambda=0.7,learning_curve,Camelyon17-WILDS,8,0.05,397,1.0,0.2,0.7,vera_balanced_iut,False,,,0.0,False,NA,False,False,True,True
learning_curve|Camelyon17-WILDS|seed=8|fraction=0.05|gamma=1|tau=0.2|lambda=0.7,learning_curve,Camelyon17-WILDS,8,0.05,397,1.0,0.2,0.7,vera_balanced_envelope,False,,,0.0,False,NA,False,False,True,True
learning_curve|Camelyon17-WILDS|seed=8|fraction=0.05|gamma=1|tau=0.2|lambda=0.7,learning_curve,Camelyon17-WILDS,8,0.05,397,1.0,0.2,0.7,external_balanced_oracle,False,,,0.0,False,NA,False,False,False,True
learning_curve|Camelyon17-WILDS|seed=8|fraction=0.05|gamma=1|tau=0.2|lambda=0.8,learning_curve,Camelyon17-WILDS,8,0.05,397,1.0,0.2,0.8,always_deploy_balanced,True,"MANCE++::epsilon=0.05,steps=3",MANCE++,0.0,False,NA,False,True,False,True
learning_curve|Camelyon17-WILDS|seed=8|fraction=0.05|gamma=1|tau=0.2|lambda=0.8,learning_curve,Camelyon17-WILDS,8,0.05,397,1.0,0.2,0.8,point_selection_balanced,True,"MANCE++::epsilon=0.05,steps=3",MANCE++,0.0,False,NA,False,True,False,True
learning_curve|Camelyon17-WILDS|seed=8|fraction=0.05|gamma=1|tau=0.2|lambda=0.8,learning_curve,Camelyon17-WILDS,8,0.05,397,1.0,0.2,0.8,vera_balanced_iut,False,,,0.0,False,NA,False,False,True,True
learning_curve|Camelyon17-WILDS|seed=8|fraction=0.05|gamma=1|tau=0.2|lambda=0.8,learning_curve,Camelyon17-WILDS,8,0.05,397,1.0,0.2,0.8,vera_balanced_envelope,False,,,0.0,False,NA,False,False,True,True
learning_curve|Camelyon17-WILDS|seed=8|fraction=0.05|gamma=1|tau=0.2|lambda=0.8,learning_curve,Camelyon17-WILDS,8,0.05,397,1.0,0.2,0.8,external_balanced_oracle,False,,,0.0,False,NA,False,False,False,True
learning_curve|Camelyon17-WILDS|seed=8|fraction=0.1|gamma=1|tau=0.05|lambda=0.6,learning_curve,Camelyon17-WILDS,8,0.1,796,1.0,0.05,0.6,always_deploy_balanced,True,"MANCE++::epsilon=0.05,steps=3",MANCE++,0.0,False,NA,False,True,False,True
learning_curve|Camelyon17-WILDS|seed=8|fraction=0.1|gamma=1|tau=0.05|lambda=0.6,learning_curve,Camelyon17-WILDS,8,0.1,796,1.0,0.05,0.6,point_selection_balanced,False,,,0.0,False,NA,False,False,False,True
learning_curve|Camelyon17-WILDS|seed=8|fraction=0.1|gamma=1|tau=0.05|lambda=0.6,learning_curve,Camelyon17-WILDS,8,0.1,796,1.0,0.05,0.6,vera_balanced_iut,False,,,0.0,False,NA,False,False,True,True
learning_curve|Camelyon17-WILDS|seed=8|fraction=0.1|gamma=1|tau=0.05|lambda=0.6,learning_curve,Camelyon17-WILDS,8,0.1,796,1.0,0.05,0.6,vera_balanced_envelope,False,,,0.0,False,NA,False,False,True,True
learning_curve|Camelyon17-WILDS|seed=8|fraction=0.1|gamma=1|tau=0.05|lambda=0.6,learning_curve,Camelyon17-WILDS,8,0.1,796,1.0,0.05,0.6,external_balanced_oracle,False,,,0.0,False,NA,False,False,False,True
learning_curve|Camelyon17-WILDS|seed=8|fraction=0.1|gamma=1|tau=0.05|lambda=0.7,learning_curve,Camelyon17-WILDS,8,0.1,796,1.0,0.05,0.7,always_deploy_balanced,True,"MANCE++::epsilon=0.05,steps=3",MANCE++,0.0,False,NA,False,True,False,True
learning_curve|Camelyon17-WILDS|seed=8|fraction=0.1|gamma=1|tau=0.05|lambda=0.7,learning_curve,Camelyon17-WILDS,8,0.1,796,1.0,0.05,0.7,point_selection_balanced,False,,,0.0,False,NA,False,False,False,True
learning_curve|Camelyon17-WILDS|seed=8|fraction=0.1|gamma=1|tau=0.05|lambda=0.7,learning_curve,Camelyon17-WILDS,8,0.1,796,1.0,0.05,0.7,vera_balanced_iut,False,,,0.0,False,NA,False,False,True,True
learning_curve|Camelyon17-WILDS|seed=8|fraction=0.1|gamma=1|tau=0.05|lambda=0.7,learning_curve,Camelyon17-WILDS,8,0.1,796,1.0,0.05,0.7,vera_balanced_envelope,False,,,0.0,False,NA,False,False,True,True
learning_curve|Camelyon17-WILDS|seed=8|fraction=0.1|gamma=1|tau=0.05|lambda=0.7,learning_curve,Camelyon17-WILDS,8,0.1,796,1.0,0.05,0.7,external_balanced_oracle,False,,,0.0,False,NA,False,False,False,True
learning_curve|Camelyon17-WILDS|seed=8|fraction=0.1|gamma=1|tau=0.05|lambda=0.8,learning_curve,Camelyon17-WILDS,8,0.1,796,1.0,0.05,0.8,always_deploy_balanced,True,"MANCE++::epsilon=0.05,steps=3",MANCE++,0.0,False,NA,False,True,False,True
learning_curve|Camelyon17-WILDS|seed=8|fraction=0.1|gamma=1|tau=0.05|lambda=0.8,learning_curve,Camelyon17-WILDS,8,0.1,796,1.0,0.05,0.8,point_selection_balanced,True,"MANCE++::epsilon=0.05,steps=3",MANCE++,0.0,False,NA,False,True,False,True
learning_curve|Camelyon17-WILDS|seed=8|fraction=0.1|gamma=1|tau=0.05|lambda=0.8,learning_curve,Camelyon17-WILDS,8,0.1,796,1.0,0.05,0.8,vera_balanced_iut,False,,,0.0,False,NA,False,False,True,True
learning_curve|Camelyon17-WILDS|seed=8|fraction=0.1|gamma=1|tau=0.05|lambda=0.8,learning_curve,Camelyon17-WILDS,8,0.1,796,1.0,0.05,0.8,vera_balanced_envelope,False,,,0.0,False,NA,False,False,True,True
learning_curve|Camelyon17-WILDS|seed=8|fraction=0.1|gamma=1|tau=0.05|lambda=0.8,learning_curve,Camelyon17-WILDS,8,0.1,796,1.0,0.05,0.8,external_balanced_oracle,False,,,0.0,False,NA,False,False,False,True
learning_curve|Camelyon17-WILDS|seed=8|fraction=0.1|gamma=1|tau=0.1|lambda=0.6,learning_curve,Camelyon17-WILDS,8,0.1,796,1.0,0.1,0.6,always_deploy_balanced,True,"MANCE++::epsilon=0.05,steps=3",MANCE++,0.0,False,NA,False,True,False,True
learning_curve|Camelyon17-WILDS|seed=8|fraction=0.1|gamma=1|tau=0.1|lambda=0.6,learning_curve,Camelyon17-WILDS,8,0.1,796,1.0,0.1,0.6,point_selection_balanced,False,,,0.0,False,NA,False,False,False,True
learning_curve|Camelyon17-WILDS|seed=8|fraction=0.1|gamma=1|tau=0.1|lambda=0.6,learning_curve,Camelyon17-WILDS,8,0.1,796,1.0,0.1,0.6,vera_balanced_iut,False,,,0.0,False,NA,False,False,True,True
learning_curve|Camelyon17-WILDS|seed=8|fraction=0.1|gamma=1|tau=0.1|lambda=0.6,learning_curve,Camelyon17-WILDS,8,0.1,796,1.0,0.1,0.6,vera_balanced_envelope,False,,,0.0,False,NA,False,False,True,True
learning_curve|Camelyon17-WILDS|seed=8|fraction=0.1|gamma=1|tau=0.1|lambda=0.6,learning_curve,Camelyon17-WILDS,8,0.1,796,1.0,0.1,0.6,external_balanced_oracle,False,,,0.0,False,NA,False,False,False,True
learning_curve|Camelyon17-WILDS|seed=8|fraction=0.1|gamma=1|tau=0.1|lambda=0.7,learning_curve,Camelyon17-WILDS,8,0.1,796,1.0,0.1,0.7,always_deploy_balanced,True,"MANCE++::epsilon=0.05,steps=3",MANCE++,0.0,False,NA,False,True,False,True
learning_curve|Camelyon17-WILDS|seed=8|fraction=0.1|gamma=1|tau=0.1|lambda=0.7,learning_curve,Camelyon17-WILDS,8,0.1,796,1.0,0.1,0.7,point_selection_balanced,False,,,0.0,False,NA,False,False,False,True
learning_curve|Camelyon17-WILDS|seed=8|fraction=0.1|gamma=1|tau=0.1|lambda=0.7,learning_curve,Camelyon17-WILDS,8,0.1,796,1.0,0.1,0.7,vera_balanced_iut,False,,,0.0,False,NA,False,False,True,True
learning_curve|Camelyon17-WILDS|seed=8|fraction=0.1|gamma=1|tau=0.1|lambda=0.7,learning_curve,Camelyon17-WILDS,8,0.1,796,1.0,0.1,0.7,vera_balanced_envelope,False,,,0.0,False,NA,False,False,True,True
learning_curve|Camelyon17-WILDS|seed=8|fraction=0.1|gamma=1|tau=0.1|lambda=0.7,learning_curve,Camelyon17-WILDS,8,0.1,796,1.0,0.1,0.7,external_balanced_oracle,False,,,0.0,False,NA,False,False,False,True
learning_curve|Camelyon17-WILDS|seed=8|fraction=0.1|gamma=1|tau=0.1|lambda=0.8,learning_curve,Camelyon17-WILDS,8,0.1,796,1.0,0.1,0.8,always_deploy_balanced,True,"MANCE++::epsilon=0.05,steps=3",MANCE++,0.0,False,NA,False,True,False,True
learning_curve|Camelyon17-WILDS|seed=8|fraction=0.1|gamma=1|tau=0.1|lambda=0.8,learning_curve,Camelyon17-WILDS,8,0.1,796,1.0,0.1,0.8,point_selection_balanced,True,"MANCE++::epsilon=0.05,steps=3",MANCE++,0.0,False,NA,False,True,False,True
learning_curve|Camelyon17-WILDS|seed=8|fraction=0.1|gamma=1|tau=0.1|lambda=0.8,learning_curve,Camelyon17-WILDS,8,0.1,796,1.0,0.1,0.8,vera_balanced_iut,False,,,0.0,False,NA,False,False,True,True
learning_curve|Camelyon17-WILDS|seed=8|fraction=0.1|gamma=1|tau=0.1|lambda=0.8,learning_curve,Camelyon17-WILDS,8,0.1,796,1.0,0.1,0.8,vera_balanced_envelope,False,,,0.0,False,NA,False,False,True,True
learning_curve|Camelyon17-WILDS|seed=8|fraction=0.1|gamma=1|tau=0.1|lambda=0.8,learning_curve,Camelyon17-WILDS,8,0.1,796,1.0,0.1,0.8,external_balanced_oracle,False,,,0.0,False,NA,False,False,False,True
learning_curve|Camelyon17-WILDS|seed=8|fraction=0.1|gamma=1|tau=0.2|lambda=0.6,learning_curve,Camelyon17-WILDS,8,0.1,796,1.0,0.2,0.6,always_deploy_balanced,True,"MANCE++::epsilon=0.05,steps=3",MANCE++,0.0,False,NA,False,True,False,True
learning_curve|Camelyon17-WILDS|seed=8|fraction=0.1|gamma=1|tau=0.2|lambda=0.6,learning_curve,Camelyon17-WILDS,8,0.1,796,1.0,0.2,0.6,point_selection_balanced,False,,,0.0,False,NA,False,False,False,True
learning_curve|Camelyon17-WILDS|seed=8|fraction=0.1|gamma=1|tau=0.2|lambda=0.6,learning_curve,Camelyon17-WILDS,8,0.1,796,1.0,0.2,0.6,vera_balanced_iut,False,,,0.0,False,NA,False,False,True,True
learning_curve|Camelyon17-WILDS|seed=8|fraction=0.1|gamma=1|tau=0.2|lambda=0.6,learning_curve,Camelyon17-WILDS,8,0.1,796,1.0,0.2,0.6,vera_balanced_envelope,False,,,0.0,False,NA,False,False,True,True
learning_curve|Camelyon17-WILDS|seed=8|fraction=0.1|gamma=1|tau=0.2|lambda=0.6,learning_curve,Camelyon17-WILDS,8,0.1,796,1.0,0.2,0.6,external_balanced_oracle,False,,,0.0,False,NA,False,False,False,True
learning_curve|Camelyon17-WILDS|seed=8|fraction=0.1|gamma=1|tau=0.2|lambda=0.7,learning_curve,Camelyon17-WILDS,8,0.1,796,1.0,0.2,0.7,always_deploy_balanced,True,"MANCE++::epsilon=0.05,steps=3",MANCE++,0.0,False,NA,False,True,False,True
learning_curve|Camelyon17-WILDS|seed=8|fraction=0.1|gamma=1|tau=0.2|lambda=0.7,learning_curve,Camelyon17-WILDS,8,0.1,796,1.0,0.2,0.7,point_selection_balanced,False,,,0.0,False,NA,False,False,False,True
learning_curve|Camelyon17-WILDS|seed=8|fraction=0.1|gamma=1|tau=0.2|lambda=0.7,learning_curve,Camelyon17-WILDS,8,0.1,796,1.0,0.2,0.7,vera_balanced_iut,False,,,0.0,False,NA,False,False,True,True
learning_curve|Camelyon17-WILDS|seed=8|fraction=0.1|gamma=1|tau=0.2|lambda=0.7,learning_curve,Camelyon17-WILDS,8,0.1,796,1.0,0.2,0.7,vera_balanced_envelope,False,,,0.0,False,NA,False,False,True,True
learning_curve|Camelyon17-WILDS|seed=8|fraction=0.1|gamma=1|tau=0.2|lambda=0.7,learning_curve,Camelyon17-WILDS,8,0.1,796,1.0,0.2,0.7,external_balanced_oracle,False,,,0.0,False,NA,False,False,False,True
learning_curve|Camelyon17-WILDS|seed=8|fraction=0.1|gamma=1|tau=0.2|lambda=0.8,learning_curve,Camelyon17-WILDS,8,0.1,796,1.0,0.2,0.8,always_deploy_balanced,True,"MANCE++::epsilon=0.05,steps=3",MANCE++,0.0,False,NA,False,True,False,True
learning_curve|Camelyon17-WILDS|seed=8|fraction=0.1|gamma=1|tau=0.2|lambda=0.8,learning_curve,Camelyon17-WILDS,8,0.1,796,1.0,0.2,0.8,point_selection_balanced,True,"MANCE++::epsilon=0.05,steps=3",MANCE++,0.0,False,NA,False,True,False,True
learning_curve|Camelyon17-WILDS|seed=8|fraction=0.1|gamma=1|tau=0.2|lambda=0.8,learning_curve,Camelyon17-WILDS,8,0.1,796,1.0,0.2,0.8,vera_balanced_iut,False,,,0.0,False,NA,False,False,True,True
learning_curve|Camelyon17-WILDS|seed=8|fraction=0.1|gamma=1|tau=0.2|lambda=0.8,learning_curve,Camelyon17-WILDS,8,0.1,796,1.0,0.2,0.8,vera_balanced_envelope,False,,,0.0,False,NA,False,False,True,True
learning_curve|Camelyon17-WILDS|seed=8|fraction=0.1|gamma=1|tau=0.2|lambda=0.8,learning_curve,Camelyon17-WILDS,8,0.1,796,1.0,0.2,0.8,external_balanced_oracle,False,,,0.0,False,NA,False,False,False,True
learning_curve|Camelyon17-WILDS|seed=8|fraction=0.25|gamma=1|tau=0.05|lambda=0.6,learning_curve,Camelyon17-WILDS,8,0.25,1997,1.0,0.05,0.6,always_deploy_balanced,True,"MANCE++::epsilon=0.05,steps=3",MANCE++,0.0,False,NA,False,True,False,True
learning_curve|Camelyon17-WILDS|seed=8|fraction=0.25|gamma=1|tau=0.05|lambda=0.6,learning_curve,Camelyon17-WILDS,8,0.25,1997,1.0,0.05,0.6,point_selection_balanced,False,,,0.0,False,NA,False,False,False,True
learning_curve|Camelyon17-WILDS|seed=8|fraction=0.25|gamma=1|tau=0.05|lambda=0.6,learning_curve,Camelyon17-WILDS,8,0.25,1997,1.0,0.05,0.6,vera_balanced_iut,False,,,0.0,False,NA,False,False,True,True
learning_curve|Camelyon17-WILDS|seed=8|fraction=0.25|gamma=1|tau=0.05|lambda=0.6,learning_curve,Camelyon17-WILDS,8,0.25,1997,1.0,0.05,0.6,vera_balanced_envelope,False,,,0.0,False,NA,False,False,True,True
learning_curve|Camelyon17-WILDS|seed=8|fraction=0.25|gamma=1|tau=0.05|lambda=0.6,learning_curve,Camelyon17-WILDS,8,0.25,1997,1.0,0.05,0.6,external_balanced_oracle,False,,,0.0,False,NA,False,False,False,True
learning_curve|Camelyon17-WILDS|seed=8|fraction=0.25|gamma=1|tau=0.05|lambda=0.7,learning_curve,Camelyon17-WILDS,8,0.25,1997,1.0,0.05,0.7,always_deploy_balanced,True,"MANCE++::epsilon=0.05,steps=3",MANCE++,0.0,False,NA,False,True,False,True
learning_curve|Camelyon17-WILDS|seed=8|fraction=0.25|gamma=1|tau=0.05|lambda=0.7,learning_curve,Camelyon17-WILDS,8,0.25,1997,1.0,0.05,0.7,point_selection_balanced,False,,,0.0,False,NA,False,False,False,True
learning_curve|Camelyon17-WILDS|seed=8|fraction=0.25|gamma=1|tau=0.05|lambda=0.7,learning_curve,Camelyon17-WILDS,8,0.25,1997,1.0,0.05,0.7,vera_balanced_iut,False,,,0.0,False,NA,False,False,True,True
learning_curve|Camelyon17-WILDS|seed=8|fraction=0.25|gamma=1|tau=0.05|lambda=0.7,learning_curve,Camelyon17-WILDS,8,0.25,1997,1.0,0.05,0.7,vera_balanced_envelope,False,,,0.0,False,NA,False,False,True,True
learning_curve|Camelyon17-WILDS|seed=8|fraction=0.25|gamma=1|tau=0.05|lambda=0.7,learning_curve,Camelyon17-WILDS,8,0.25,1997,1.0,0.05,0.7,external_balanced_oracle,False,,,0.0,False,NA,False,False,False,True
learning_curve|Camelyon17-WILDS|seed=8|fraction=0.25|gamma=1|tau=0.05|lambda=0.8,learning_curve,Camelyon17-WILDS,8,0.25,1997,1.0,0.05,0.8,always_deploy_balanced,True,"MANCE++::epsilon=0.05,steps=3",MANCE++,0.0,False,NA,False,True,False,True
learning_curve|Camelyon17-WILDS|seed=8|fraction=0.25|gamma=1|tau=0.05|lambda=0.8,learning_curve,Camelyon17-WILDS,8,0.25,1997,1.0,0.05,0.8,point_selection_balanced,True,"MANCE++::epsilon=0.05,steps=3",MANCE++,0.0,False,NA,False,True,False,True
learning_curve|Camelyon17-WILDS|seed=8|fraction=0.25|gamma=1|tau=0.05|lambda=0.8,learning_curve,Camelyon17-WILDS,8,0.25,1997,1.0,0.05,0.8,vera_balanced_iut,False,,,0.0,False,NA,False,False,True,True
learning_curve|Camelyon17-WILDS|seed=8|fraction=0.25|gamma=1|tau=0.05|lambda=0.8,learning_curve,Camelyon17-WILDS,8,0.25,1997,1.0,0.05,0.8,vera_balanced_envelope,False,,,0.0,False,NA,False,False,True,True
learning_curve|Camelyon17-WILDS|seed=8|fraction=0.25|gamma=1|tau=0.05|lambda=0.8,learning_curve,Camelyon17-WILDS,8,0.25,1997,1.0,0.05,0.8,external_balanced_oracle,False,,,0.0,False,NA,False,False,False,True
learning_curve|Camelyon17-WILDS|seed=8|fraction=0.25|gamma=1|tau=0.1|lambda=0.6,learning_curve,Camelyon17-WILDS,8,0.25,1997,1.0,0.1,0.6,always_deploy_balanced,True,"MANCE++::epsilon=0.05,steps=3",MANCE++,0.0,False,NA,False,True,False,True
learning_curve|Camelyon17-WILDS|seed=8|fraction=0.25|gamma=1|tau=0.1|lambda=0.6,learning_curve,Camelyon17-WILDS,8,0.25,1997,1.0,0.1,0.6,point_selection_balanced,False,,,0.0,False,NA,False,False,False,True
learning_curve|Camelyon17-WILDS|seed=8|fraction=0.25|gamma=1|tau=0.1|lambda=0.6,learning_curve,Camelyon17-WILDS,8,0.25,1997,1.0,0.1,0.6,vera_balanced_iut,False,,,0.0,False,NA,False,False,True,True
learning_curve|Camelyon17-WILDS|seed=8|fraction=0.25|gamma=1|tau=0.1|lambda=0.6,learning_curve,Camelyon17-WILDS,8,0.25,1997,1.0,0.1,0.6,vera_balanced_envelope,False,,,0.0,False,NA,False,False,True,True
learning_curve|Camelyon17-WILDS|seed=8|fraction=0.25|gamma=1|tau=0.1|lambda=0.6,learning_curve,Camelyon17-WILDS,8,0.25,1997,1.0,0.1,0.6,external_balanced_oracle,False,,,0.0,False,NA,False,False,False,True
learning_curve|Camelyon17-WILDS|seed=8|fraction=0.25|gamma=1|tau=0.1|lambda=0.7,learning_curve,Camelyon17-WILDS,8,0.25,1997,1.0,0.1,0.7,always_deploy_balanced,True,"MANCE++::epsilon=0.05,steps=3",MANCE++,0.0,False,NA,False,True,False,True
learning_curve|Camelyon17-WILDS|seed=8|fraction=0.25|gamma=1|tau=0.1|lambda=0.7,learning_curve,Camelyon17-WILDS,8,0.25,1997,1.0,0.1,0.7,point_selection_balanced,False,,,0.0,False,NA,False,False,False,True
learning_curve|Camelyon17-WILDS|seed=8|fraction=0.25|gamma=1|tau=0.1|lambda=0.7,learning_curve,Camelyon17-WILDS,8,0.25,1997,1.0,0.1,0.7,vera_balanced_iut,False,,,0.0,False,NA,False,False,True,True
learning_curve|Camelyon17-WILDS|seed=8|fraction=0.25|gamma=1|tau=0.1|lambda=0.7,learning_curve,Camelyon17-WILDS,8,0.25,1997,1.0,0.1,0.7,vera_balanced_envelope,False,,,0.0,False,NA,False,False,True,True
learning_curve|Camelyon17-WILDS|seed=8|fraction=0.25|gamma=1|tau=0.1|lambda=0.7,learning_curve,Camelyon17-WILDS,8,0.25,1997,1.0,0.1,0.7,external_balanced_oracle,False,,,0.0,False,NA,False,False,False,True
learning_curve|Camelyon17-WILDS|seed=8|fraction=0.25|gamma=1|tau=0.1|lambda=0.8,learning_curve,Camelyon17-WILDS,8,0.25,1997,1.0,0.1,0.8,always_deploy_balanced,True,"MANCE++::epsilon=0.05,steps=3",MANCE++,0.0,False,NA,False,True,False,True
learning_curve|Camelyon17-WILDS|seed=8|fraction=0.25|gamma=1|tau=0.1|lambda=0.8,learning_curve,Camelyon17-WILDS,8,0.25,1997,1.0,0.1,0.8,point_selection_balanced,True,"MANCE++::epsilon=0.05,steps=3",MANCE++,0.0,False,NA,False,True,False,True
learning_curve|Camelyon17-WILDS|seed=8|fraction=0.25|gamma=1|tau=0.1|lambda=0.8,learning_curve,Camelyon17-WILDS,8,0.25,1997,1.0,0.1,0.8,vera_balanced_iut,False,,,0.0,False,NA,False,False,True,True
learning_curve|Camelyon17-WILDS|seed=8|fraction=0.25|gamma=1|tau=0.1|lambda=0.8,learning_curve,Camelyon17-WILDS,8,0.25,1997,1.0,0.1,0.8,vera_balanced_envelope,False,,,0.0,False,NA,False,False,True,True
learning_curve|Camelyon17-WILDS|seed=8|fraction=0.25|gamma=1|tau=0.1|lambda=0.8,learning_curve,Camelyon17-WILDS,8,0.25,1997,1.0,0.1,0.8,external_balanced_oracle,False,,,0.0,False,NA,False,False,False,True
learning_curve|Camelyon17-WILDS|seed=8|fraction=0.25|gamma=1|tau=0.2|lambda=0.6,learning_curve,Camelyon17-WILDS,8,0.25,1997,1.0,0.2,0.6,always_deploy_balanced,True,"MANCE++::epsilon=0.05,steps=3",MANCE++,0.0,False,NA,False,True,False,True
learning_curve|Camelyon17-WILDS|seed=8|fraction=0.25|gamma=1|tau=0.2|lambda=0.6,learning_curve,Camelyon17-WILDS,8,0.25,1997,1.0,0.2,0.6,point_selection_balanced,False,,,0.0,False,NA,False,False,False,True
learning_curve|Camelyon17-WILDS|seed=8|fraction=0.25|gamma=1|tau=0.2|lambda=0.6,learning_curve,Camelyon17-WILDS,8,0.25,1997,1.0,0.2,0.6,vera_balanced_iut,False,,,0.0,False,NA,False,False,True,True
learning_curve|Camelyon17-WILDS|seed=8|fraction=0.25|gamma=1|tau=0.2|lambda=0.6,learning_curve,Camelyon17-WILDS,8,0.25,1997,1.0,0.2,0.6,vera_balanced_envelope,False,,,0.0,False,NA,False,False,True,True
learning_curve|Camelyon17-WILDS|seed=8|fraction=0.25|gamma=1|tau=0.2|lambda=0.6,learning_curve,Camelyon17-WILDS,8,0.25,1997,1.0,0.2,0.6,external_balanced_oracle,False,,,0.0,False,NA,False,False,False,True
learning_curve|Camelyon17-WILDS|seed=8|fraction=0.25|gamma=1|tau=0.2|lambda=0.7,learning_curve,Camelyon17-WILDS,8,0.25,1997,1.0,0.2,0.7,always_deploy_balanced,True,"MANCE++::epsilon=0.05,steps=3",MANCE++,0.0,False,NA,False,True,False,True
learning_curve|Camelyon17-WILDS|seed=8|fraction=0.25|gamma=1|tau=0.2|lambda=0.7,learning_curve,Camelyon17-WILDS,8,0.25,1997,1.0,0.2,0.7,point_selection_balanced,False,,,0.0,False,NA,False,False,False,True
learning_curve|Camelyon17-WILDS|seed=8|fraction=0.25|gamma=1|tau=0.2|lambda=0.7,learning_curve,Camelyon17-WILDS,8,0.25,1997,1.0,0.2,0.7,vera_balanced_iut,False,,,0.0,False,NA,False,False,True,True
learning_curve|Camelyon17-WILDS|seed=8|fraction=0.25|gamma=1|tau=0.2|lambda=0.7,learning_curve,Camelyon17-WILDS,8,0.25,1997,1.0,0.2,0.7,vera_balanced_envelope,False,,,0.0,False,NA,False,False,True,True
learning_curve|Camelyon17-WILDS|seed=8|fraction=0.25|gamma=1|tau=0.2|lambda=0.7,learning_curve,Camelyon17-WILDS,8,0.25,1997,1.0,0.2,0.7,external_balanced_oracle,False,,,0.0,False,NA,False,False,False,True
learning_curve|Camelyon17-WILDS|seed=8|fraction=0.25|gamma=1|tau=0.2|lambda=0.8,learning_curve,Camelyon17-WILDS,8,0.25,1997,1.0,0.2,0.8,always_deploy_balanced,True,"MANCE++::epsilon=0.05,steps=3",MANCE++,0.0,False,NA,False,True,False,True
learning_curve|Camelyon17-WILDS|seed=8|fraction=0.25|gamma=1|tau=0.2|lambda=0.8,learning_curve,Camelyon17-WILDS,8,0.25,1997,1.0,0.2,0.8,point_selection_balanced,True,"MANCE++::epsilon=0.05,steps=3",MANCE++,0.0,False,NA,False,True,False,True
learning_curve|Camelyon17-WILDS|seed=8|fraction=0.25|gamma=1|tau=0.2|lambda=0.8,learning_curve,Camelyon17-WILDS,8,0.25,1997,1.0,0.2,0.8,vera_balanced_iut,False,,,0.0,False,NA,False,False,True,True
learning_curve|Camelyon17-WILDS|seed=8|fraction=0.25|gamma=1|tau=0.2|lambda=0.8,learning_curve,Camelyon17-WILDS,8,0.25,1997,1.0,0.2,0.8,vera_balanced_envelope,False,,,0.0,False,NA,False,False,True,True
learning_curve|Camelyon17-WILDS|seed=8|fraction=0.25|gamma=1|tau=0.2|lambda=0.8,learning_curve,Camelyon17-WILDS,8,0.25,1997,1.0,0.2,0.8,external_balanced_oracle,False,,,0.0,False,NA,False,False,False,True
learning_curve|Camelyon17-WILDS|seed=8|fraction=0.5|gamma=1|tau=0.05|lambda=0.6,learning_curve,Camelyon17-WILDS,8,0.5,3997,1.0,0.05,0.6,always_deploy_balanced,True,"MANCE++::epsilon=0.05,steps=3",MANCE++,0.0,False,NA,False,True,False,True
learning_curve|Camelyon17-WILDS|seed=8|fraction=0.5|gamma=1|tau=0.05|lambda=0.6,learning_curve,Camelyon17-WILDS,8,0.5,3997,1.0,0.05,0.6,point_selection_balanced,False,,,0.0,False,NA,False,False,False,True
learning_curve|Camelyon17-WILDS|seed=8|fraction=0.5|gamma=1|tau=0.05|lambda=0.6,learning_curve,Camelyon17-WILDS,8,0.5,3997,1.0,0.05,0.6,vera_balanced_iut,False,,,0.0,False,NA,False,False,True,True
learning_curve|Camelyon17-WILDS|seed=8|fraction=0.5|gamma=1|tau=0.05|lambda=0.6,learning_curve,Camelyon17-WILDS,8,0.5,3997,1.0,0.05,0.6,vera_balanced_envelope,False,,,0.0,False,NA,False,False,True,True
learning_curve|Camelyon17-WILDS|seed=8|fraction=0.5|gamma=1|tau=0.05|lambda=0.6,learning_curve,Camelyon17-WILDS,8,0.5,3997,1.0,0.05,0.6,external_balanced_oracle,False,,,0.0,False,NA,False,False,False,True
learning_curve|Camelyon17-WILDS|seed=8|fraction=0.5|gamma=1|tau=0.05|lambda=0.7,learning_curve,Camelyon17-WILDS,8,0.5,3997,1.0,0.05,0.7,always_deploy_balanced,True,"MANCE++::epsilon=0.05,steps=3",MANCE++,0.0,False,NA,False,True,False,True
learning_curve|Camelyon17-WILDS|seed=8|fraction=0.5|gamma=1|tau=0.05|lambda=0.7,learning_curve,Camelyon17-WILDS,8,0.5,3997,1.0,0.05,0.7,point_selection_balanced,False,,,0.0,False,NA,False,False,False,True
learning_curve|Camelyon17-WILDS|seed=8|fraction=0.5|gamma=1|tau=0.05|lambda=0.7,learning_curve,Camelyon17-WILDS,8,0.5,3997,1.0,0.05,0.7,vera_balanced_iut,False,,,0.0,False,NA,False,False,True,True
learning_curve|Camelyon17-WILDS|seed=8|fraction=0.5|gamma=1|tau=0.05|lambda=0.7,learning_curve,Camelyon17-WILDS,8,0.5,3997,1.0,0.05,0.7,vera_balanced_envelope,False,,,0.0,False,NA,False,False,True,True
learning_curve|Camelyon17-WILDS|seed=8|fraction=0.5|gamma=1|tau=0.05|lambda=0.7,learning_curve,Camelyon17-WILDS,8,0.5,3997,1.0,0.05,0.7,external_balanced_oracle,False,,,0.0,False,NA,False,False,False,True
learning_curve|Camelyon17-WILDS|seed=8|fraction=0.5|gamma=1|tau=0.05|lambda=0.8,learning_curve,Camelyon17-WILDS,8,0.5,3997,1.0,0.05,0.8,always_deploy_balanced,True,"MANCE++::epsilon=0.05,steps=3",MANCE++,0.0,False,NA,False,True,False,True
learning_curve|Camelyon17-WILDS|seed=8|fraction=0.5|gamma=1|tau=0.05|lambda=0.8,learning_curve,Camelyon17-WILDS,8,0.5,3997,1.0,0.05,0.8,point_selection_balanced,True,"MANCE++::epsilon=0.05,steps=3",MANCE++,0.0,False,NA,False,True,False,True
learning_curve|Camelyon17-WILDS|seed=8|fraction=0.5|gamma=1|tau=0.05|lambda=0.8,learning_curve,Camelyon17-WILDS,8,0.5,3997,1.0,0.05,0.8,vera_balanced_iut,False,,,0.0,False,NA,False,False,True,True
learning_curve|Camelyon17-WILDS|seed=8|fraction=0.5|gamma=1|tau=0.05|lambda=0.8,learning_curve,Camelyon17-WILDS,8,0.5,3997,1.0,0.05,0.8,vera_balanced_envelope,False,,,0.0,False,NA,False,False,True,True
learning_curve|Camelyon17-WILDS|seed=8|fraction=0.5|gamma=1|tau=0.05|lambda=0.8,learning_curve,Camelyon17-WILDS,8,0.5,3997,1.0,0.05,0.8,external_balanced_oracle,False,,,0.0,False,NA,False,False,False,True
learning_curve|Camelyon17-WILDS|seed=8|fraction=0.5|gamma=1|tau=0.1|lambda=0.6,learning_curve,Camelyon17-WILDS,8,0.5,3997,1.0,0.1,0.6,always_deploy_balanced,True,"MANCE++::epsilon=0.05,steps=3",MANCE++,0.0,False,NA,False,True,False,True
learning_curve|Camelyon17-WILDS|seed=8|fraction=0.5|gamma=1|tau=0.1|lambda=0.6,learning_curve,Camelyon17-WILDS,8,0.5,3997,1.0,0.1,0.6,point_selection_balanced,False,,,0.0,False,NA,False,False,False,True
learning_curve|Camelyon17-WILDS|seed=8|fraction=0.5|gamma=1|tau=0.1|lambda=0.6,learning_curve,Camelyon17-WILDS,8,0.5,3997,1.0,0.1,0.6,vera_balanced_iut,False,,,0.0,False,NA,False,False,True,True
learning_curve|Camelyon17-WILDS|seed=8|fraction=0.5|gamma=1|tau=0.1|lambda=0.6,learning_curve,Camelyon17-WILDS,8,0.5,3997,1.0,0.1,0.6,vera_balanced_envelope,False,,,0.0,False,NA,False,False,True,True
learning_curve|Camelyon17-WILDS|seed=8|fraction=0.5|gamma=1|tau=0.1|lambda=0.6,learning_curve,Camelyon17-WILDS,8,0.5,3997,1.0,0.1,0.6,external_balanced_oracle,False,,,0.0,False,NA,False,False,False,True
learning_curve|Camelyon17-WILDS|seed=8|fraction=0.5|gamma=1|tau=0.1|lambda=0.7,learning_curve,Camelyon17-WILDS,8,0.5,3997,1.0,0.1,0.7,always_deploy_balanced,True,"MANCE++::epsilon=0.05,steps=3",MANCE++,0.0,False,NA,False,True,False,True
learning_curve|Camelyon17-WILDS|seed=8|fraction=0.5|gamma=1|tau=0.1|lambda=0.7,learning_curve,Camelyon17-WILDS,8,0.5,3997,1.0,0.1,0.7,point_selection_balanced,False,,,0.0,False,NA,False,False,False,True
learning_curve|Camelyon17-WILDS|seed=8|fraction=0.5|gamma=1|tau=0.1|lambda=0.7,learning_curve,Camelyon17-WILDS,8,0.5,3997,1.0,0.1,0.7,vera_balanced_iut,False,,,0.0,False,NA,False,False,True,True
learning_curve|Camelyon17-WILDS|seed=8|fraction=0.5|gamma=1|tau=0.1|lambda=0.7,learning_curve,Camelyon17-WILDS,8,0.5,3997,1.0,0.1,0.7,vera_balanced_envelope,False,,,0.0,False,NA,False,False,True,True
learning_curve|Camelyon17-WILDS|seed=8|fraction=0.5|gamma=1|tau=0.1|lambda=0.7,learning_curve,Camelyon17-WILDS,8,0.5,3997,1.0,0.1,0.7,external_balanced_oracle,False,,,0.0,False,NA,False,False,False,True
learning_curve|Camelyon17-WILDS|seed=8|fraction=0.5|gamma=1|tau=0.1|lambda=0.8,learning_curve,Camelyon17-WILDS,8,0.5,3997,1.0,0.1,0.8,always_deploy_balanced,True,"MANCE++::epsilon=0.05,steps=3",MANCE++,0.0,False,NA,False,True,False,True
learning_curve|Camelyon17-WILDS|seed=8|fraction=0.5|gamma=1|tau=0.1|lambda=0.8,learning_curve,Camelyon17-WILDS,8,0.5,3997,1.0,0.1,0.8,point_selection_balanced,True,"MANCE++::epsilon=0.05,steps=3",MANCE++,0.0,False,NA,False,True,False,True
learning_curve|Camelyon17-WILDS|seed=8|fraction=0.5|gamma=1|tau=0.1|lambda=0.8,learning_curve,Camelyon17-WILDS,8,0.5,3997,1.0,0.1,0.8,vera_balanced_iut,False,,,0.0,False,NA,False,False,True,True
learning_curve|Camelyon17-WILDS|seed=8|fraction=0.5|gamma=1|tau=0.1|lambda=0.8,learning_curve,Camelyon17-WILDS,8,0.5,3997,1.0,0.1,0.8,vera_balanced_envelope,False,,,0.0,False,NA,False,False,True,True
learning_curve|Camelyon17-WILDS|seed=8|fraction=0.5|gamma=1|tau=0.1|lambda=0.8,learning_curve,Camelyon17-WILDS,8,0.5,3997,1.0,0.1,0.8,external_balanced_oracle,False,,,0.0,False,NA,False,False,False,True
learning_curve|Camelyon17-WILDS|seed=8|fraction=0.5|gamma=1|tau=0.2|lambda=0.6,learning_curve,Camelyon17-WILDS,8,0.5,3997,1.0,0.2,0.6,always_deploy_balanced,True,"MANCE++::epsilon=0.05,steps=3",MANCE++,0.0,False,NA,False,True,False,True
learning_curve|Camelyon17-WILDS|seed=8|fraction=0.5|gamma=1|tau=0.2|lambda=0.6,learning_curve,Camelyon17-WILDS,8,0.5,3997,1.0,0.2,0.6,point_selection_balanced,False,,,0.0,False,NA,False,False,False,True
learning_curve|Camelyon17-WILDS|seed=8|fraction=0.5|gamma=1|tau=0.2|lambda=0.6,learning_curve,Camelyon17-WILDS,8,0.5,3997,1.0,0.2,0.6,vera_balanced_iut,False,,,0.0,False,NA,False,False,True,True
learning_curve|Camelyon17-WILDS|seed=8|fraction=0.5|gamma=1|tau=0.2|lambda=0.6,learning_curve,Camelyon17-WILDS,8,0.5,3997,1.0,0.2,0.6,vera_balanced_envelope,False,,,0.0,False,NA,False,False,True,True
learning_curve|Camelyon17-WILDS|seed=8|fraction=0.5|gamma=1|tau=0.2|lambda=0.6,learning_curve,Camelyon17-WILDS,8,0.5,3997,1.0,0.2,0.6,external_balanced_oracle,False,,,0.0,False,NA,False,False,False,True
learning_curve|Camelyon17-WILDS|seed=8|fraction=0.5|gamma=1|tau=0.2|lambda=0.7,learning_curve,Camelyon17-WILDS,8,0.5,3997,1.0,0.2,0.7,always_deploy_balanced,True,"MANCE++::epsilon=0.05,steps=3",MANCE++,0.0,False,NA,False,True,False,True
learning_curve|Camelyon17-WILDS|seed=8|fraction=0.5|gamma=1|tau=0.2|lambda=0.7,learning_curve,Camelyon17-WILDS,8,0.5,3997,1.0,0.2,0.7,point_selection_balanced,False,,,0.0,False,NA,False,False,False,True
learning_curve|Camelyon17-WILDS|seed=8|fraction=0.5|gamma=1|tau=0.2|lambda=0.7,learning_curve,Camelyon17-WILDS,8,0.5,3997,1.0,0.2,0.7,vera_balanced_iut,False,,,0.0,False,NA,False,False,True,True
learning_curve|Camelyon17-WILDS|seed=8|fraction=0.5|gamma=1|tau=0.2|lambda=0.7,learning_curve,Camelyon17-WILDS,8,0.5,3997,1.0,0.2,0.7,vera_balanced_envelope,False,,,0.0,False,NA,False,False,True,True
learning_curve|Camelyon17-WILDS|seed=8|fraction=0.5|gamma=1|tau=0.2|lambda=0.7,learning_curve,Camelyon17-WILDS,8,0.5,3997,1.0,0.2,0.7,external_balanced_oracle,False,,,0.0,False,NA,False,False,False,True
learning_curve|Camelyon17-WILDS|seed=8|fraction=0.5|gamma=1|tau=0.2|lambda=0.8,learning_curve,Camelyon17-WILDS,8,0.5,3997,1.0,0.2,0.8,always_deploy_balanced,True,"MANCE++::epsilon=0.05,steps=3",MANCE++,0.0,False,NA,False,True,False,True
learning_curve|Camelyon17-WILDS|seed=8|fraction=0.5|gamma=1|tau=0.2|lambda=0.8,learning_curve,Camelyon17-WILDS,8,0.5,3997,1.0,0.2,0.8,point_selection_balanced,True,"MANCE++::epsilon=0.05,steps=3",MANCE++,0.0,False,NA,False,True,False,True
learning_curve|Camelyon17-WILDS|seed=8|fraction=0.5|gamma=1|tau=0.2|lambda=0.8,learning_curve,Camelyon17-WILDS,8,0.5,3997,1.0,0.2,0.8,vera_balanced_iut,False,,,0.0,False,NA,False,False,True,True
learning_curve|Camelyon17-WILDS|seed=8|fraction=0.5|gamma=1|tau=0.2|lambda=0.8,learning_curve,Camelyon17-WILDS,8,0.5,3997,1.0,0.2,0.8,vera_balanced_envelope,False,,,0.0,False,NA,False,False,True,True
learning_curve|Camelyon17-WILDS|seed=8|fraction=0.5|gamma=1|tau=0.2|lambda=0.8,learning_curve,Camelyon17-WILDS,8,0.5,3997,1.0,0.2,0.8,external_balanced_oracle,False,,,0.0,False,NA,False,False,False,True
primary|Camelyon17-WILDS|seed=8|fraction=1|gamma=1|tau=0.05|lambda=0.6,primary,Camelyon17-WILDS,8,1.0,8000,1.0,0.05,0.6,always_deploy_balanced,True,"MANCE++::epsilon=0.05,steps=3",MANCE++,0.0,False,NA,False,True,False,True
primary|Camelyon17-WILDS|seed=8|fraction=1|gamma=1|tau=0.05|lambda=0.6,primary,Camelyon17-WILDS,8,1.0,8000,1.0,0.05,0.6,point_selection_balanced,False,,,0.0,False,NA,False,False,False,True
primary|Camelyon17-WILDS|seed=8|fraction=1|gamma=1|tau=0.05|lambda=0.6,primary,Camelyon17-WILDS,8,1.0,8000,1.0,0.05,0.6,vera_balanced_iut,False,,,0.0,False,NA,False,False,True,True
primary|Camelyon17-WILDS|seed=8|fraction=1|gamma=1|tau=0.05|lambda=0.6,primary,Camelyon17-WILDS,8,1.0,8000,1.0,0.05,0.6,vera_balanced_envelope,False,,,0.0,False,NA,False,False,True,True
primary|Camelyon17-WILDS|seed=8|fraction=1|gamma=1|tau=0.05|lambda=0.6,primary,Camelyon17-WILDS,8,1.0,8000,1.0,0.05,0.6,external_balanced_oracle,False,,,0.0,False,NA,False,False,False,True
primary|Camelyon17-WILDS|seed=8|fraction=1|gamma=1|tau=0.05|lambda=0.7,primary,Camelyon17-WILDS,8,1.0,8000,1.0,0.05,0.7,always_deploy_balanced,True,"MANCE++::epsilon=0.05,steps=3",MANCE++,0.0,False,NA,False,True,False,True
primary|Camelyon17-WILDS|seed=8|fraction=1|gamma=1|tau=0.05|lambda=0.7,primary,Camelyon17-WILDS,8,1.0,8000,1.0,0.05,0.7,point_selection_balanced,False,,,0.0,False,NA,False,False,False,True
primary|Camelyon17-WILDS|seed=8|fraction=1|gamma=1|tau=0.05|lambda=0.7,primary,Camelyon17-WILDS,8,1.0,8000,1.0,0.05,0.7,vera_balanced_iut,False,,,0.0,False,NA,False,False,True,True
primary|Camelyon17-WILDS|seed=8|fraction=1|gamma=1|tau=0.05|lambda=0.7,primary,Camelyon17-WILDS,8,1.0,8000,1.0,0.05,0.7,vera_balanced_envelope,False,,,0.0,False,NA,False,False,True,True
primary|Camelyon17-WILDS|seed=8|fraction=1|gamma=1|tau=0.05|lambda=0.7,primary,Camelyon17-WILDS,8,1.0,8000,1.0,0.05,0.7,external_balanced_oracle,False,,,0.0,False,NA,False,False,False,True
primary|Camelyon17-WILDS|seed=8|fraction=1|gamma=1|tau=0.05|lambda=0.8,primary,Camelyon17-WILDS,8,1.0,8000,1.0,0.05,0.8,always_deploy_balanced,True,"MANCE++::epsilon=0.05,steps=3",MANCE++,0.0,False,NA,False,True,False,True
primary|Camelyon17-WILDS|seed=8|fraction=1|gamma=1|tau=0.05|lambda=0.8,primary,Camelyon17-WILDS,8,1.0,8000,1.0,0.05,0.8,point_selection_balanced,True,"MANCE++::epsilon=0.05,steps=3",MANCE++,0.0,False,NA,False,True,False,True
primary|Camelyon17-WILDS|seed=8|fraction=1|gamma=1|tau=0.05|lambda=0.8,primary,Camelyon17-WILDS,8,1.0,8000,1.0,0.05,0.8,vera_balanced_iut,False,,,0.0,False,NA,False,False,True,True
primary|Camelyon17-WILDS|seed=8|fraction=1|gamma=1|tau=0.05|lambda=0.8,primary,Camelyon17-WILDS,8,1.0,8000,1.0,0.05,0.8,vera_balanced_envelope,False,,,0.0,False,NA,False,False,True,True
primary|Camelyon17-WILDS|seed=8|fraction=1|gamma=1|tau=0.05|lambda=0.8,primary,Camelyon17-WILDS,8,1.0,8000,1.0,0.05,0.8,external_balanced_oracle,False,,,0.0,False,NA,False,False,False,True
primary|Camelyon17-WILDS|seed=8|fraction=1|gamma=1|tau=0.1|lambda=0.6,primary,Camelyon17-WILDS,8,1.0,8000,1.0,0.1,0.6,always_deploy_balanced,True,"MANCE++::epsilon=0.05,steps=3",MANCE++,0.0,False,NA,False,True,False,True
primary|Camelyon17-WILDS|seed=8|fraction=1|gamma=1|tau=0.1|lambda=0.6,primary,Camelyon17-WILDS,8,1.0,8000,1.0,0.1,0.6,point_selection_balanced,False,,,0.0,False,NA,False,False,False,True
primary|Camelyon17-WILDS|seed=8|fraction=1|gamma=1|tau=0.1|lambda=0.6,primary,Camelyon17-WILDS,8,1.0,8000,1.0,0.1,0.6,vera_balanced_iut,False,,,0.0,False,NA,False,False,True,True
primary|Camelyon17-WILDS|seed=8|fraction=1|gamma=1|tau=0.1|lambda=0.6,primary,Camelyon17-WILDS,8,1.0,8000,1.0,0.1,0.6,vera_balanced_envelope,False,,,0.0,False,NA,False,False,True,True
primary|Camelyon17-WILDS|seed=8|fraction=1|gamma=1|tau=0.1|lambda=0.6,primary,Camelyon17-WILDS,8,1.0,8000,1.0,0.1,0.6,external_balanced_oracle,False,,,0.0,False,NA,False,False,False,True
primary|Camelyon17-WILDS|seed=8|fraction=1|gamma=1|tau=0.1|lambda=0.7,primary,Camelyon17-WILDS,8,1.0,8000,1.0,0.1,0.7,always_deploy_balanced,True,"MANCE++::epsilon=0.05,steps=3",MANCE++,0.0,False,NA,False,True,False,True
primary|Camelyon17-WILDS|seed=8|fraction=1|gamma=1|tau=0.1|lambda=0.7,primary,Camelyon17-WILDS,8,1.0,8000,1.0,0.1,0.7,point_selection_balanced,False,,,0.0,False,NA,False,False,False,True
primary|Camelyon17-WILDS|seed=8|fraction=1|gamma=1|tau=0.1|lambda=0.7,primary,Camelyon17-WILDS,8,1.0,8000,1.0,0.1,0.7,vera_balanced_iut,False,,,0.0,False,NA,False,False,True,True
primary|Camelyon17-WILDS|seed=8|fraction=1|gamma=1|tau=0.1|lambda=0.7,primary,Camelyon17-WILDS,8,1.0,8000,1.0,0.1,0.7,vera_balanced_envelope,False,,,0.0,False,NA,False,False,True,True
primary|Camelyon17-WILDS|seed=8|fraction=1|gamma=1|tau=0.1|lambda=0.7,primary,Camelyon17-WILDS,8,1.0,8000,1.0,0.1,0.7,external_balanced_oracle,False,,,0.0,False,NA,False,False,False,True
primary|Camelyon17-WILDS|seed=8|fraction=1|gamma=1|tau=0.1|lambda=0.8,primary,Camelyon17-WILDS,8,1.0,8000,1.0,0.1,0.8,always_deploy_balanced,True,"MANCE++::epsilon=0.05,steps=3",MANCE++,0.0,False,NA,False,True,False,True
primary|Camelyon17-WILDS|seed=8|fraction=1|gamma=1|tau=0.1|lambda=0.8,primary,Camelyon17-WILDS,8,1.0,8000,1.0,0.1,0.8,point_selection_balanced,True,"MANCE++::epsilon=0.05,steps=3",MANCE++,0.0,False,NA,False,True,False,True
primary|Camelyon17-WILDS|seed=8|fraction=1|gamma=1|tau=0.1|lambda=0.8,primary,Camelyon17-WILDS,8,1.0,8000,1.0,0.1,0.8,vera_balanced_iut,False,,,0.0,False,NA,False,False,True,True
primary|Camelyon17-WILDS|seed=8|fraction=1|gamma=1|tau=0.1|lambda=0.8,primary,Camelyon17-WILDS,8,1.0,8000,1.0,0.1,0.8,vera_balanced_envelope,False,,,0.0,False,NA,False,False,True,True
primary|Camelyon17-WILDS|seed=8|fraction=1|gamma=1|tau=0.1|lambda=0.8,primary,Camelyon17-WILDS,8,1.0,8000,1.0,0.1,0.8,external_balanced_oracle,False,,,0.0,False,NA,False,False,False,True
primary|Camelyon17-WILDS|seed=8|fraction=1|gamma=1|tau=0.2|lambda=0.6,primary,Camelyon17-WILDS,8,1.0,8000,1.0,0.2,0.6,always_deploy_balanced,True,"MANCE++::epsilon=0.05,steps=3",MANCE++,0.0,False,NA,False,True,False,True
primary|Camelyon17-WILDS|seed=8|fraction=1|gamma=1|tau=0.2|lambda=0.6,primary,Camelyon17-WILDS,8,1.0,8000,1.0,0.2,0.6,point_selection_balanced,False,,,0.0,False,NA,False,False,False,True
primary|Camelyon17-WILDS|seed=8|fraction=1|gamma=1|tau=0.2|lambda=0.6,primary,Camelyon17-WILDS,8,1.0,8000,1.0,0.2,0.6,vera_balanced_iut,False,,,0.0,False,NA,False,False,True,True
primary|Camelyon17-WILDS|seed=8|fraction=1|gamma=1|tau=0.2|lambda=0.6,primary,Camelyon17-WILDS,8,1.0,8000,1.0,0.2,0.6,vera_balanced_envelope,False,,,0.0,False,NA,False,False,True,True
primary|Camelyon17-WILDS|seed=8|fraction=1|gamma=1|tau=0.2|lambda=0.6,primary,Camelyon17-WILDS,8,1.0,8000,1.0,0.2,0.6,external_balanced_oracle,False,,,0.0,False,NA,False,False,False,True
primary|Camelyon17-WILDS|seed=8|fraction=1|gamma=1|tau=0.2|lambda=0.7,primary,Camelyon17-WILDS,8,1.0,8000,1.0,0.2,0.7,always_deploy_balanced,True,"MANCE++::epsilon=0.05,steps=3",MANCE++,0.0,False,NA,False,True,False,True
primary|Camelyon17-WILDS|seed=8|fraction=1|gamma=1|tau=0.2|lambda=0.7,primary,Camelyon17-WILDS,8,1.0,8000,1.0,0.2,0.7,point_selection_balanced,False,,,0.0,False,NA,False,False,False,True
primary|Camelyon17-WILDS|seed=8|fraction=1|gamma=1|tau=0.2|lambda=0.7,primary,Camelyon17-WILDS,8,1.0,8000,1.0,0.2,0.7,vera_balanced_iut,False,,,0.0,False,NA,False,False,True,True
primary|Camelyon17-WILDS|seed=8|fraction=1|gamma=1|tau=0.2|lambda=0.7,primary,Camelyon17-WILDS,8,1.0,8000,1.0,0.2,0.7,vera_balanced_envelope,False,,,0.0,False,NA,False,False,True,True
primary|Camelyon17-WILDS|seed=8|fraction=1|gamma=1|tau=0.2|lambda=0.7,primary,Camelyon17-WILDS,8,1.0,8000,1.0,0.2,0.7,external_balanced_oracle,False,,,0.0,False,NA,False,False,False,True
primary|Camelyon17-WILDS|seed=8|fraction=1|gamma=1|tau=0.2|lambda=0.8,primary,Camelyon17-WILDS,8,1.0,8000,1.0,0.2,0.8,always_deploy_balanced,True,"MANCE++::epsilon=0.05,steps=3",MANCE++,0.0,False,NA,False,True,False,True
primary|Camelyon17-WILDS|seed=8|fraction=1|gamma=1|tau=0.2|lambda=0.8,primary,Camelyon17-WILDS,8,1.0,8000,1.0,0.2,0.8,point_selection_balanced,True,"MANCE++::epsilon=0.05,steps=3",MANCE++,0.0,False,NA,False,True,False,True
primary|Camelyon17-WILDS|seed=8|fraction=1|gamma=1|tau=0.2|lambda=0.8,primary,Camelyon17-WILDS,8,1.0,8000,1.0,0.2,0.8,vera_balanced_iut,False,,,0.0,False,NA,False,False,True,True
primary|Camelyon17-WILDS|seed=8|fraction=1|gamma=1|tau=0.2|lambda=0.8,primary,Camelyon17-WILDS,8,1.0,8000,1.0,0.2,0.8,vera_balanced_envelope,False,,,0.0,False,NA,False,False,True,True
primary|Camelyon17-WILDS|seed=8|fraction=1|gamma=1|tau=0.2|lambda=0.8,primary,Camelyon17-WILDS,8,1.0,8000,1.0,0.2,0.8,external_balanced_oracle,False,,,0.0,False,NA,False,False,False,True
shifted_sensitivity|Camelyon17-WILDS|seed=8|fraction=1|gamma=1.01|tau=0.05|lambda=0.6,shifted_sensitivity,Camelyon17-WILDS,8,1.0,8000,1.01,0.05,0.6,always_deploy_balanced,True,"MANCE++::epsilon=0.05,steps=3",MANCE++,0.0,False,NA,False,True,False,True
shifted_sensitivity|Camelyon17-WILDS|seed=8|fraction=1|gamma=1.01|tau=0.05|lambda=0.6,shifted_sensitivity,Camelyon17-WILDS,8,1.0,8000,1.01,0.05,0.6,point_selection_balanced,False,,,0.0,False,NA,False,False,False,True
shifted_sensitivity|Camelyon17-WILDS|seed=8|fraction=1|gamma=1.01|tau=0.05|lambda=0.6,shifted_sensitivity,Camelyon17-WILDS,8,1.0,8000,1.01,0.05,0.6,vera_balanced_iut,False,,,0.0,False,NA,False,False,True,True
shifted_sensitivity|Camelyon17-WILDS|seed=8|fraction=1|gamma=1.01|tau=0.05|lambda=0.6,shifted_sensitivity,Camelyon17-WILDS,8,1.0,8000,1.01,0.05,0.6,vera_balanced_envelope,False,,,0.0,False,NA,False,False,True,True
shifted_sensitivity|Camelyon17-WILDS|seed=8|fraction=1|gamma=1.01|tau=0.05|lambda=0.6,shifted_sensitivity,Camelyon17-WILDS,8,1.0,8000,1.01,0.05,0.6,external_balanced_oracle,False,,,0.0,False,NA,False,False,False,True
shifted_sensitivity|Camelyon17-WILDS|seed=8|fraction=1|gamma=1.01|tau=0.05|lambda=0.7,shifted_sensitivity,Camelyon17-WILDS,8,1.0,8000,1.01,0.05,0.7,always_deploy_balanced,True,"MANCE++::epsilon=0.05,steps=3",MANCE++,0.0,False,NA,False,True,False,True
shifted_sensitivity|Camelyon17-WILDS|seed=8|fraction=1|gamma=1.01|tau=0.05|lambda=0.7,shifted_sensitivity,Camelyon17-WILDS,8,1.0,8000,1.01,0.05,0.7,point_selection_balanced,False,,,0.0,False,NA,False,False,False,True
shifted_sensitivity|Camelyon17-WILDS|seed=8|fraction=1|gamma=1.01|tau=0.05|lambda=0.7,shifted_sensitivity,Camelyon17-WILDS,8,1.0,8000,1.01,0.05,0.7,vera_balanced_iut,False,,,0.0,False,NA,False,False,True,True
shifted_sensitivity|Camelyon17-WILDS|seed=8|fraction=1|gamma=1.01|tau=0.05|lambda=0.7,shifted_sensitivity,Camelyon17-WILDS,8,1.0,8000,1.01,0.05,0.7,vera_balanced_envelope,False,,,0.0,False,NA,False,False,True,True
shifted_sensitivity|Camelyon17-WILDS|seed=8|fraction=1|gamma=1.01|tau=0.05|lambda=0.7,shifted_sensitivity,Camelyon17-WILDS,8,1.0,8000,1.01,0.05,0.7,external_balanced_oracle,False,,,0.0,False,NA,False,False,False,True
shifted_sensitivity|Camelyon17-WILDS|seed=8|fraction=1|gamma=1.01|tau=0.05|lambda=0.8,shifted_sensitivity,Camelyon17-WILDS,8,1.0,8000,1.01,0.05,0.8,always_deploy_balanced,True,"MANCE++::epsilon=0.05,steps=3",MANCE++,0.0,False,NA,False,True,False,True
shifted_sensitivity|Camelyon17-WILDS|seed=8|fraction=1|gamma=1.01|tau=0.05|lambda=0.8,shifted_sensitivity,Camelyon17-WILDS,8,1.0,8000,1.01,0.05,0.8,point_selection_balanced,True,"MANCE++::epsilon=0.05,steps=3",MANCE++,0.0,False,NA,False,True,False,True
shifted_sensitivity|Camelyon17-WILDS|seed=8|fraction=1|gamma=1.01|tau=0.05|lambda=0.8,shifted_sensitivity,Camelyon17-WILDS,8,1.0,8000,1.01,0.05,0.8,vera_balanced_iut,False,,,0.0,False,NA,False,False,True,True
shifted_sensitivity|Camelyon17-WILDS|seed=8|fraction=1|gamma=1.01|tau=0.05|lambda=0.8,shifted_sensitivity,Camelyon17-WILDS,8,1.0,8000,1.01,0.05,0.8,vera_balanced_envelope,False,,,0.0,False,NA,False,False,True,True
shifted_sensitivity|Camelyon17-WILDS|seed=8|fraction=1|gamma=1.01|tau=0.05|lambda=0.8,shifted_sensitivity,Camelyon17-WILDS,8,1.0,8000,1.01,0.05,0.8,external_balanced_oracle,False,,,0.0,False,NA,False,False,False,True
shifted_sensitivity|Camelyon17-WILDS|seed=8|fraction=1|gamma=1.01|tau=0.1|lambda=0.6,shifted_sensitivity,Camelyon17-WILDS,8,1.0,8000,1.01,0.1,0.6,always_deploy_balanced,True,"MANCE++::epsilon=0.05,steps=3",MANCE++,0.0,False,NA,False,True,False,True
shifted_sensitivity|Camelyon17-WILDS|seed=8|fraction=1|gamma=1.01|tau=0.1|lambda=0.6,shifted_sensitivity,Camelyon17-WILDS,8,1.0,8000,1.01,0.1,0.6,point_selection_balanced,False,,,0.0,False,NA,False,False,False,True
shifted_sensitivity|Camelyon17-WILDS|seed=8|fraction=1|gamma=1.01|tau=0.1|lambda=0.6,shifted_sensitivity,Camelyon17-WILDS,8,1.0,8000,1.01,0.1,0.6,vera_balanced_iut,False,,,0.0,False,NA,False,False,True,True
shifted_sensitivity|Camelyon17-WILDS|seed=8|fraction=1|gamma=1.01|tau=0.1|lambda=0.6,shifted_sensitivity,Camelyon17-WILDS,8,1.0,8000,1.01,0.1,0.6,vera_balanced_envelope,False,,,0.0,False,NA,False,False,True,True
shifted_sensitivity|Camelyon17-WILDS|seed=8|fraction=1|gamma=1.01|tau=0.1|lambda=0.6,shifted_sensitivity,Camelyon17-WILDS,8,1.0,8000,1.01,0.1,0.6,external_balanced_oracle,False,,,0.0,False,NA,False,False,False,True
shifted_sensitivity|Camelyon17-WILDS|seed=8|fraction=1|gamma=1.01|tau=0.1|lambda=0.7,shifted_sensitivity,Camelyon17-WILDS,8,1.0,8000,1.01,0.1,0.7,always_deploy_balanced,True,"MANCE++::epsilon=0.05,steps=3",MANCE++,0.0,False,NA,False,True,False,True
shifted_sensitivity|Camelyon17-WILDS|seed=8|fraction=1|gamma=1.01|tau=0.1|lambda=0.7,shifted_sensitivity,Camelyon17-WILDS,8,1.0,8000,1.01,0.1,0.7,point_selection_balanced,False,,,0.0,False,NA,False,False,False,True
shifted_sensitivity|Camelyon17-WILDS|seed=8|fraction=1|gamma=1.01|tau=0.1|lambda=0.7,shifted_sensitivity,Camelyon17-WILDS,8,1.0,8000,1.01,0.1,0.7,vera_balanced_iut,False,,,0.0,False,NA,False,False,True,True
shifted_sensitivity|Camelyon17-WILDS|seed=8|fraction=1|gamma=1.01|tau=0.1|lambda=0.7,shifted_sensitivity,Camelyon17-WILDS,8,1.0,8000,1.01,0.1,0.7,vera_balanced_envelope,False,,,0.0,False,NA,False,False,True,True
shifted_sensitivity|Camelyon17-WILDS|seed=8|fraction=1|gamma=1.01|tau=0.1|lambda=0.7,shifted_sensitivity,Camelyon17-WILDS,8,1.0,8000,1.01,0.1,0.7,external_balanced_oracle,False,,,0.0,False,NA,False,False,False,True
shifted_sensitivity|Camelyon17-WILDS|seed=8|fraction=1|gamma=1.01|tau=0.1|lambda=0.8,shifted_sensitivity,Camelyon17-WILDS,8,1.0,8000,1.01,0.1,0.8,always_deploy_balanced,True,"MANCE++::epsilon=0.05,steps=3",MANCE++,0.0,False,NA,False,True,False,True
shifted_sensitivity|Camelyon17-WILDS|seed=8|fraction=1|gamma=1.01|tau=0.1|lambda=0.8,shifted_sensitivity,Camelyon17-WILDS,8,1.0,8000,1.01,0.1,0.8,point_selection_balanced,True,"MANCE++::epsilon=0.05,steps=3",MANCE++,0.0,False,NA,False,True,False,True
shifted_sensitivity|Camelyon17-WILDS|seed=8|fraction=1|gamma=1.01|tau=0.1|lambda=0.8,shifted_sensitivity,Camelyon17-WILDS,8,1.0,8000,1.01,0.1,0.8,vera_balanced_iut,False,,,0.0,False,NA,False,False,True,True
shifted_sensitivity|Camelyon17-WILDS|seed=8|fraction=1|gamma=1.01|tau=0.1|lambda=0.8,shifted_sensitivity,Camelyon17-WILDS,8,1.0,8000,1.01,0.1,0.8,vera_balanced_envelope,False,,,0.0,False,NA,False,False,True,True
shifted_sensitivity|Camelyon17-WILDS|seed=8|fraction=1|gamma=1.01|tau=0.1|lambda=0.8,shifted_sensitivity,Camelyon17-WILDS,8,1.0,8000,1.01,0.1,0.8,external_balanced_oracle,False,,,0.0,False,NA,False,False,False,True
shifted_sensitivity|Camelyon17-WILDS|seed=8|fraction=1|gamma=1.01|tau=0.2|lambda=0.6,shifted_sensitivity,Camelyon17-WILDS,8,1.0,8000,1.01,0.2,0.6,always_deploy_balanced,True,"MANCE++::epsilon=0.05,steps=3",MANCE++,0.0,False,NA,False,True,False,True
shifted_sensitivity|Camelyon17-WILDS|seed=8|fraction=1|gamma=1.01|tau=0.2|lambda=0.6,shifted_sensitivity,Camelyon17-WILDS,8,1.0,8000,1.01,0.2,0.6,point_selection_balanced,False,,,0.0,False,NA,False,False,False,True
shifted_sensitivity|Camelyon17-WILDS|seed=8|fraction=1|gamma=1.01|tau=0.2|lambda=0.6,shifted_sensitivity,Camelyon17-WILDS,8,1.0,8000,1.01,0.2,0.6,vera_balanced_iut,False,,,0.0,False,NA,False,False,True,True
shifted_sensitivity|Camelyon17-WILDS|seed=8|fraction=1|gamma=1.01|tau=0.2|lambda=0.6,shifted_sensitivity,Camelyon17-WILDS,8,1.0,8000,1.01,0.2,0.6,vera_balanced_envelope,False,,,0.0,False,NA,False,False,True,True
shifted_sensitivity|Camelyon17-WILDS|seed=8|fraction=1|gamma=1.01|tau=0.2|lambda=0.6,shifted_sensitivity,Camelyon17-WILDS,8,1.0,8000,1.01,0.2,0.6,external_balanced_oracle,False,,,0.0,False,NA,False,False,False,True
shifted_sensitivity|Camelyon17-WILDS|seed=8|fraction=1|gamma=1.01|tau=0.2|lambda=0.7,shifted_sensitivity,Camelyon17-WILDS,8,1.0,8000,1.01,0.2,0.7,always_deploy_balanced,True,"MANCE++::epsilon=0.05,steps=3",MANCE++,0.0,False,NA,False,True,False,True
shifted_sensitivity|Camelyon17-WILDS|seed=8|fraction=1|gamma=1.01|tau=0.2|lambda=0.7,shifted_sensitivity,Camelyon17-WILDS,8,1.0,8000,1.01,0.2,0.7,point_selection_balanced,False,,,0.0,False,NA,False,False,False,True
shifted_sensitivity|Camelyon17-WILDS|seed=8|fraction=1|gamma=1.01|tau=0.2|lambda=0.7,shifted_sensitivity,Camelyon17-WILDS,8,1.0,8000,1.01,0.2,0.7,vera_balanced_iut,False,,,0.0,False,NA,False,False,True,True
shifted_sensitivity|Camelyon17-WILDS|seed=8|fraction=1|gamma=1.01|tau=0.2|lambda=0.7,shifted_sensitivity,Camelyon17-WILDS,8,1.0,8000,1.01,0.2,0.7,vera_balanced_envelope,False,,,0.0,False,NA,False,False,True,True
shifted_sensitivity|Camelyon17-WILDS|seed=8|fraction=1|gamma=1.01|tau=0.2|lambda=0.7,shifted_sensitivity,Camelyon17-WILDS,8,1.0,8000,1.01,0.2,0.7,external_balanced_oracle,False,,,0.0,False,NA,False,False,False,True
shifted_sensitivity|Camelyon17-WILDS|seed=8|fraction=1|gamma=1.01|tau=0.2|lambda=0.8,shifted_sensitivity,Camelyon17-WILDS,8,1.0,8000,1.01,0.2,0.8,always_deploy_balanced,True,"MANCE++::epsilon=0.05,steps=3",MANCE++,0.0,False,NA,False,True,False,True
shifted_sensitivity|Camelyon17-WILDS|seed=8|fraction=1|gamma=1.01|tau=0.2|lambda=0.8,shifted_sensitivity,Camelyon17-WILDS,8,1.0,8000,1.01,0.2,0.8,point_selection_balanced,True,"MANCE++::epsilon=0.05,steps=3",MANCE++,0.0,False,NA,False,True,False,True
shifted_sensitivity|Camelyon17-WILDS|seed=8|fraction=1|gamma=1.01|tau=0.2|lambda=0.8,shifted_sensitivity,Camelyon17-WILDS,8,1.0,8000,1.01,0.2,0.8,vera_balanced_iut,False,,,0.0,False,NA,False,False,True,True
shifted_sensitivity|Camelyon17-WILDS|seed=8|fraction=1|gamma=1.01|tau=0.2|lambda=0.8,shifted_sensitivity,Camelyon17-WILDS,8,1.0,8000,1.01,0.2,0.8,vera_balanced_envelope,False,,,0.0,False,NA,False,False,True,True
shifted_sensitivity|Camelyon17-WILDS|seed=8|fraction=1|gamma=1.01|tau=0.2|lambda=0.8,shifted_sensitivity,Camelyon17-WILDS,8,1.0,8000,1.01,0.2,0.8,external_balanced_oracle,False,,,0.0,False,NA,False,False,False,True
learning_curve|Camelyon17-WILDS|seed=9|fraction=0.05|gamma=1|tau=0.05|lambda=0.6,learning_curve,Camelyon17-WILDS,9,0.05,398,1.0,0.05,0.6,always_deploy_balanced,True,TaCo::components_removed=5,TaCo,0.0,False,NA,False,True,False,True
learning_curve|Camelyon17-WILDS|seed=9|fraction=0.05|gamma=1|tau=0.05|lambda=0.6,learning_curve,Camelyon17-WILDS,9,0.05,398,1.0,0.05,0.6,point_selection_balanced,False,,,0.0,False,NA,False,False,False,True
learning_curve|Camelyon17-WILDS|seed=9|fraction=0.05|gamma=1|tau=0.05|lambda=0.6,learning_curve,Camelyon17-WILDS,9,0.05,398,1.0,0.05,0.6,vera_balanced_iut,False,,,0.0,False,NA,False,False,True,True
learning_curve|Camelyon17-WILDS|seed=9|fraction=0.05|gamma=1|tau=0.05|lambda=0.6,learning_curve,Camelyon17-WILDS,9,0.05,398,1.0,0.05,0.6,vera_balanced_envelope,False,,,0.0,False,NA,False,False,True,True
learning_curve|Camelyon17-WILDS|seed=9|fraction=0.05|gamma=1|tau=0.05|lambda=0.6,learning_curve,Camelyon17-WILDS,9,0.05,398,1.0,0.05,0.6,external_balanced_oracle,False,,,0.0,False,NA,False,False,False,True
learning_curve|Camelyon17-WILDS|seed=9|fraction=0.05|gamma=1|tau=0.05|lambda=0.7,learning_curve,Camelyon17-WILDS,9,0.05,398,1.0,0.05,0.7,always_deploy_balanced,True,TaCo::components_removed=5,TaCo,0.0,False,NA,False,True,False,True
learning_curve|Camelyon17-WILDS|seed=9|fraction=0.05|gamma=1|tau=0.05|lambda=0.7,learning_curve,Camelyon17-WILDS,9,0.05,398,1.0,0.05,0.7,point_selection_balanced,False,,,0.0,False,NA,False,False,False,True
learning_curve|Camelyon17-WILDS|seed=9|fraction=0.05|gamma=1|tau=0.05|lambda=0.7,learning_curve,Camelyon17-WILDS,9,0.05,398,1.0,0.05,0.7,vera_balanced_iut,False,,,0.0,False,NA,False,False,True,True
learning_curve|Camelyon17-WILDS|seed=9|fraction=0.05|gamma=1|tau=0.05|lambda=0.7,learning_curve,Camelyon17-WILDS,9,0.05,398,1.0,0.05,0.7,vera_balanced_envelope,False,,,0.0,False,NA,False,False,True,True
learning_curve|Camelyon17-WILDS|seed=9|fraction=0.05|gamma=1|tau=0.05|lambda=0.7,learning_curve,Camelyon17-WILDS,9,0.05,398,1.0,0.05,0.7,external_balanced_oracle,False,,,0.0,False,NA,False,False,False,True
learning_curve|Camelyon17-WILDS|seed=9|fraction=0.05|gamma=1|tau=0.05|lambda=0.8,learning_curve,Camelyon17-WILDS,9,0.05,398,1.0,0.05,0.8,always_deploy_balanced,True,TaCo::components_removed=5,TaCo,0.0,False,NA,False,True,False,True
learning_curve|Camelyon17-WILDS|seed=9|fraction=0.05|gamma=1|tau=0.05|lambda=0.8,learning_curve,Camelyon17-WILDS,9,0.05,398,1.0,0.05,0.8,point_selection_balanced,False,,,0.0,False,NA,False,False,False,True
learning_curve|Camelyon17-WILDS|seed=9|fraction=0.05|gamma=1|tau=0.05|lambda=0.8,learning_curve,Camelyon17-WILDS,9,0.05,398,1.0,0.05,0.8,vera_balanced_iut,False,,,0.0,False,NA,False,False,True,True
learning_curve|Camelyon17-WILDS|seed=9|fraction=0.05|gamma=1|tau=0.05|lambda=0.8,learning_curve,Camelyon17-WILDS,9,0.05,398,1.0,0.05,0.8,vera_balanced_envelope,False,,,0.0,False,NA,False,False,True,True
learning_curve|Camelyon17-WILDS|seed=9|fraction=0.05|gamma=1|tau=0.05|lambda=0.8,learning_curve,Camelyon17-WILDS,9,0.05,398,1.0,0.05,0.8,external_balanced_oracle,False,,,0.0,False,NA,False,False,False,True
learning_curve|Camelyon17-WILDS|seed=9|fraction=0.05|gamma=1|tau=0.1|lambda=0.6,learning_curve,Camelyon17-WILDS,9,0.05,398,1.0,0.1,0.6,always_deploy_balanced,True,TaCo::components_removed=5,TaCo,0.0,False,NA,False,True,False,True
learning_curve|Camelyon17-WILDS|seed=9|fraction=0.05|gamma=1|tau=0.1|lambda=0.6,learning_curve,Camelyon17-WILDS,9,0.05,398,1.0,0.1,0.6,point_selection_balanced,False,,,0.0,False,NA,False,False,False,True
learning_curve|Camelyon17-WILDS|seed=9|fraction=0.05|gamma=1|tau=0.1|lambda=0.6,learning_curve,Camelyon17-WILDS,9,0.05,398,1.0,0.1,0.6,vera_balanced_iut,False,,,0.0,False,NA,False,False,True,True
learning_curve|Camelyon17-WILDS|seed=9|fraction=0.05|gamma=1|tau=0.1|lambda=0.6,learning_curve,Camelyon17-WILDS,9,0.05,398,1.0,0.1,0.6,vera_balanced_envelope,False,,,0.0,False,NA,False,False,True,True
learning_curve|Camelyon17-WILDS|seed=9|fraction=0.05|gamma=1|tau=0.1|lambda=0.6,learning_curve,Camelyon17-WILDS,9,0.05,398,1.0,0.1,0.6,external_balanced_oracle,False,,,0.0,False,NA,False,False,False,True
learning_curve|Camelyon17-WILDS|seed=9|fraction=0.05|gamma=1|tau=0.1|lambda=0.7,learning_curve,Camelyon17-WILDS,9,0.05,398,1.0,0.1,0.7,always_deploy_balanced,True,TaCo::components_removed=5,TaCo,0.0,False,NA,False,True,False,True
learning_curve|Camelyon17-WILDS|seed=9|fraction=0.05|gamma=1|tau=0.1|lambda=0.7,learning_curve,Camelyon17-WILDS,9,0.05,398,1.0,0.1,0.7,point_selection_balanced,False,,,0.0,False,NA,False,False,False,True
learning_curve|Camelyon17-WILDS|seed=9|fraction=0.05|gamma=1|tau=0.1|lambda=0.7,learning_curve,Camelyon17-WILDS,9,0.05,398,1.0,0.1,0.7,vera_balanced_iut,False,,,0.0,False,NA,False,False,True,True
learning_curve|Camelyon17-WILDS|seed=9|fraction=0.05|gamma=1|tau=0.1|lambda=0.7,learning_curve,Camelyon17-WILDS,9,0.05,398,1.0,0.1,0.7,vera_balanced_envelope,False,,,0.0,False,NA,False,False,True,True
learning_curve|Camelyon17-WILDS|seed=9|fraction=0.05|gamma=1|tau=0.1|lambda=0.7,learning_curve,Camelyon17-WILDS,9,0.05,398,1.0,0.1,0.7,external_balanced_oracle,False,,,0.0,False,NA,False,False,False,True
learning_curve|Camelyon17-WILDS|seed=9|fraction=0.05|gamma=1|tau=0.1|lambda=0.8,learning_curve,Camelyon17-WILDS,9,0.05,398,1.0,0.1,0.8,always_deploy_balanced,True,TaCo::components_removed=5,TaCo,0.0,False,NA,False,True,False,True
learning_curve|Camelyon17-WILDS|seed=9|fraction=0.05|gamma=1|tau=0.1|lambda=0.8,learning_curve,Camelyon17-WILDS,9,0.05,398,1.0,0.1,0.8,point_selection_balanced,False,,,0.0,False,NA,False,False,False,True
learning_curve|Camelyon17-WILDS|seed=9|fraction=0.05|gamma=1|tau=0.1|lambda=0.8,learning_curve,Camelyon17-WILDS,9,0.05,398,1.0,0.1,0.8,vera_balanced_iut,False,,,0.0,False,NA,False,False,True,True
learning_curve|Camelyon17-WILDS|seed=9|fraction=0.05|gamma=1|tau=0.1|lambda=0.8,learning_curve,Camelyon17-WILDS,9,0.05,398,1.0,0.1,0.8,vera_balanced_envelope,False,,,0.0,False,NA,False,False,True,True
learning_curve|Camelyon17-WILDS|seed=9|fraction=0.05|gamma=1|tau=0.1|lambda=0.8,learning_curve,Camelyon17-WILDS,9,0.05,398,1.0,0.1,0.8,external_balanced_oracle,False,,,0.0,False,NA,False,False,False,True
learning_curve|Camelyon17-WILDS|seed=9|fraction=0.05|gamma=1|tau=0.2|lambda=0.6,learning_curve,Camelyon17-WILDS,9,0.05,398,1.0,0.2,0.6,always_deploy_balanced,True,TaCo::components_removed=5,TaCo,0.0,False,NA,False,True,False,True
learning_curve|Camelyon17-WILDS|seed=9|fraction=0.05|gamma=1|tau=0.2|lambda=0.6,learning_curve,Camelyon17-WILDS,9,0.05,398,1.0,0.2,0.6,point_selection_balanced,False,,,0.0,False,NA,False,False,False,True
learning_curve|Camelyon17-WILDS|seed=9|fraction=0.05|gamma=1|tau=0.2|lambda=0.6,learning_curve,Camelyon17-WILDS,9,0.05,398,1.0,0.2,0.6,vera_balanced_iut,False,,,0.0,False,NA,False,False,True,True
learning_curve|Camelyon17-WILDS|seed=9|fraction=0.05|gamma=1|tau=0.2|lambda=0.6,learning_curve,Camelyon17-WILDS,9,0.05,398,1.0,0.2,0.6,vera_balanced_envelope,False,,,0.0,False,NA,False,False,True,True
learning_curve|Camelyon17-WILDS|seed=9|fraction=0.05|gamma=1|tau=0.2|lambda=0.6,learning_curve,Camelyon17-WILDS,9,0.05,398,1.0,0.2,0.6,external_balanced_oracle,False,,,0.0,False,NA,False,False,False,True
learning_curve|Camelyon17-WILDS|seed=9|fraction=0.05|gamma=1|tau=0.2|lambda=0.7,learning_curve,Camelyon17-WILDS,9,0.05,398,1.0,0.2,0.7,always_deploy_balanced,True,TaCo::components_removed=5,TaCo,0.0,False,NA,False,True,False,True
learning_curve|Camelyon17-WILDS|seed=9|fraction=0.05|gamma=1|tau=0.2|lambda=0.7,learning_curve,Camelyon17-WILDS,9,0.05,398,1.0,0.2,0.7,point_selection_balanced,False,,,0.0,False,NA,False,False,False,True
learning_curve|Camelyon17-WILDS|seed=9|fraction=0.05|gamma=1|tau=0.2|lambda=0.7,learning_curve,Camelyon17-WILDS,9,0.05,398,1.0,0.2,0.7,vera_balanced_iut,False,,,0.0,False,NA,False,False,True,True
learning_curve|Camelyon17-WILDS|seed=9|fraction=0.05|gamma=1|tau=0.2|lambda=0.7,learning_curve,Camelyon17-WILDS,9,0.05,398,1.0,0.2,0.7,vera_balanced_envelope,False,,,0.0,False,NA,False,False,True,True
learning_curve|Camelyon17-WILDS|seed=9|fraction=0.05|gamma=1|tau=0.2|lambda=0.7,learning_curve,Camelyon17-WILDS,9,0.05,398,1.0,0.2,0.7,external_balanced_oracle,False,,,0.0,False,NA,False,False,False,True
learning_curve|Camelyon17-WILDS|seed=9|fraction=0.05|gamma=1|tau=0.2|lambda=0.8,learning_curve,Camelyon17-WILDS,9,0.05,398,1.0,0.2,0.8,always_deploy_balanced,True,TaCo::components_removed=5,TaCo,0.0,False,NA,False,True,False,True
learning_curve|Camelyon17-WILDS|seed=9|fraction=0.05|gamma=1|tau=0.2|lambda=0.8,learning_curve,Camelyon17-WILDS,9,0.05,398,1.0,0.2,0.8,point_selection_balanced,False,,,0.0,False,NA,False,False,False,True
learning_curve|Camelyon17-WILDS|seed=9|fraction=0.05|gamma=1|tau=0.2|lambda=0.8,learning_curve,Camelyon17-WILDS,9,0.05,398,1.0,0.2,0.8,vera_balanced_iut,False,,,0.0,False,NA,False,False,True,True
learning_curve|Camelyon17-WILDS|seed=9|fraction=0.05|gamma=1|tau=0.2|lambda=0.8,learning_curve,Camelyon17-WILDS,9,0.05,398,1.0,0.2,0.8,vera_balanced_envelope,False,,,0.0,False,NA,False,False,True,True
learning_curve|Camelyon17-WILDS|seed=9|fraction=0.05|gamma=1|tau=0.2|lambda=0.8,learning_curve,Camelyon17-WILDS,9,0.05,398,1.0,0.2,0.8,external_balanced_oracle,False,,,0.0,False,NA,False,False,False,True
learning_curve|Camelyon17-WILDS|seed=9|fraction=0.1|gamma=1|tau=0.05|lambda=0.6,learning_curve,Camelyon17-WILDS,9,0.1,798,1.0,0.05,0.6,always_deploy_balanced,True,"MANCE++::epsilon=0.05,steps=3",MANCE++,0.0,False,NA,False,True,False,True
learning_curve|Camelyon17-WILDS|seed=9|fraction=0.1|gamma=1|tau=0.05|lambda=0.6,learning_curve,Camelyon17-WILDS,9,0.1,798,1.0,0.05,0.6,point_selection_balanced,False,,,0.0,False,NA,False,False,False,True
learning_curve|Camelyon17-WILDS|seed=9|fraction=0.1|gamma=1|tau=0.05|lambda=0.6,learning_curve,Camelyon17-WILDS,9,0.1,798,1.0,0.05,0.6,vera_balanced_iut,False,,,0.0,False,NA,False,False,True,True
learning_curve|Camelyon17-WILDS|seed=9|fraction=0.1|gamma=1|tau=0.05|lambda=0.6,learning_curve,Camelyon17-WILDS,9,0.1,798,1.0,0.05,0.6,vera_balanced_envelope,False,,,0.0,False,NA,False,False,True,True
learning_curve|Camelyon17-WILDS|seed=9|fraction=0.1|gamma=1|tau=0.05|lambda=0.6,learning_curve,Camelyon17-WILDS,9,0.1,798,1.0,0.05,0.6,external_balanced_oracle,False,,,0.0,False,NA,False,False,False,True
learning_curve|Camelyon17-WILDS|seed=9|fraction=0.1|gamma=1|tau=0.05|lambda=0.7,learning_curve,Camelyon17-WILDS,9,0.1,798,1.0,0.05,0.7,always_deploy_balanced,True,"MANCE++::epsilon=0.05,steps=3",MANCE++,0.0,False,NA,False,True,False,True
learning_curve|Camelyon17-WILDS|seed=9|fraction=0.1|gamma=1|tau=0.05|lambda=0.7,learning_curve,Camelyon17-WILDS,9,0.1,798,1.0,0.05,0.7,point_selection_balanced,False,,,0.0,False,NA,False,False,False,True
learning_curve|Camelyon17-WILDS|seed=9|fraction=0.1|gamma=1|tau=0.05|lambda=0.7,learning_curve,Camelyon17-WILDS,9,0.1,798,1.0,0.05,0.7,vera_balanced_iut,False,,,0.0,False,NA,False,False,True,True
learning_curve|Camelyon17-WILDS|seed=9|fraction=0.1|gamma=1|tau=0.05|lambda=0.7,learning_curve,Camelyon17-WILDS,9,0.1,798,1.0,0.05,0.7,vera_balanced_envelope,False,,,0.0,False,NA,False,False,True,True
learning_curve|Camelyon17-WILDS|seed=9|fraction=0.1|gamma=1|tau=0.05|lambda=0.7,learning_curve,Camelyon17-WILDS,9,0.1,798,1.0,0.05,0.7,external_balanced_oracle,False,,,0.0,False,NA,False,False,False,True
learning_curve|Camelyon17-WILDS|seed=9|fraction=0.1|gamma=1|tau=0.05|lambda=0.8,learning_curve,Camelyon17-WILDS,9,0.1,798,1.0,0.05,0.8,always_deploy_balanced,True,"MANCE++::epsilon=0.05,steps=3",MANCE++,0.0,False,NA,False,True,False,True
learning_curve|Camelyon17-WILDS|seed=9|fraction=0.1|gamma=1|tau=0.05|lambda=0.8,learning_curve,Camelyon17-WILDS,9,0.1,798,1.0,0.05,0.8,point_selection_balanced,True,"MANCE++::epsilon=0.05,steps=3",MANCE++,0.0,False,NA,False,True,False,True
learning_curve|Camelyon17-WILDS|seed=9|fraction=0.1|gamma=1|tau=0.05|lambda=0.8,learning_curve,Camelyon17-WILDS,9,0.1,798,1.0,0.05,0.8,vera_balanced_iut,False,,,0.0,False,NA,False,False,True,True
learning_curve|Camelyon17-WILDS|seed=9|fraction=0.1|gamma=1|tau=0.05|lambda=0.8,learning_curve,Camelyon17-WILDS,9,0.1,798,1.0,0.05,0.8,vera_balanced_envelope,False,,,0.0,False,NA,False,False,True,True
learning_curve|Camelyon17-WILDS|seed=9|fraction=0.1|gamma=1|tau=0.05|lambda=0.8,learning_curve,Camelyon17-WILDS,9,0.1,798,1.0,0.05,0.8,external_balanced_oracle,False,,,0.0,False,NA,False,False,False,True
learning_curve|Camelyon17-WILDS|seed=9|fraction=0.1|gamma=1|tau=0.1|lambda=0.6,learning_curve,Camelyon17-WILDS,9,0.1,798,1.0,0.1,0.6,always_deploy_balanced,True,"MANCE++::epsilon=0.05,steps=3",MANCE++,0.0,False,NA,False,True,False,True
learning_curve|Camelyon17-WILDS|seed=9|fraction=0.1|gamma=1|tau=0.1|lambda=0.6,learning_curve,Camelyon17-WILDS,9,0.1,798,1.0,0.1,0.6,point_selection_balanced,False,,,0.0,False,NA,False,False,False,True
learning_curve|Camelyon17-WILDS|seed=9|fraction=0.1|gamma=1|tau=0.1|lambda=0.6,learning_curve,Camelyon17-WILDS,9,0.1,798,1.0,0.1,0.6,vera_balanced_iut,False,,,0.0,False,NA,False,False,True,True
learning_curve|Camelyon17-WILDS|seed=9|fraction=0.1|gamma=1|tau=0.1|lambda=0.6,learning_curve,Camelyon17-WILDS,9,0.1,798,1.0,0.1,0.6,vera_balanced_envelope,False,,,0.0,False,NA,False,False,True,True
learning_curve|Camelyon17-WILDS|seed=9|fraction=0.1|gamma=1|tau=0.1|lambda=0.6,learning_curve,Camelyon17-WILDS,9,0.1,798,1.0,0.1,0.6,external_balanced_oracle,False,,,0.0,False,NA,False,False,False,True
learning_curve|Camelyon17-WILDS|seed=9|fraction=0.1|gamma=1|tau=0.1|lambda=0.7,learning_curve,Camelyon17-WILDS,9,0.1,798,1.0,0.1,0.7,always_deploy_balanced,True,"MANCE++::epsilon=0.05,steps=3",MANCE++,0.0,False,NA,False,True,False,True
learning_curve|Camelyon17-WILDS|seed=9|fraction=0.1|gamma=1|tau=0.1|lambda=0.7,learning_curve,Camelyon17-WILDS,9,0.1,798,1.0,0.1,0.7,point_selection_balanced,False,,,0.0,False,NA,False,False,False,True
learning_curve|Camelyon17-WILDS|seed=9|fraction=0.1|gamma=1|tau=0.1|lambda=0.7,learning_curve,Camelyon17-WILDS,9,0.1,798,1.0,0.1,0.7,vera_balanced_iut,False,,,0.0,False,NA,False,False,True,True
learning_curve|Camelyon17-WILDS|seed=9|fraction=0.1|gamma=1|tau=0.1|lambda=0.7,learning_curve,Camelyon17-WILDS,9,0.1,798,1.0,0.1,0.7,vera_balanced_envelope,False,,,0.0,False,NA,False,False,True,True
learning_curve|Camelyon17-WILDS|seed=9|fraction=0.1|gamma=1|tau=0.1|lambda=0.7,learning_curve,Camelyon17-WILDS,9,0.1,798,1.0,0.1,0.7,external_balanced_oracle,False,,,0.0,False,NA,False,False,False,True
learning_curve|Camelyon17-WILDS|seed=9|fraction=0.1|gamma=1|tau=0.1|lambda=0.8,learning_curve,Camelyon17-WILDS,9,0.1,798,1.0,0.1,0.8,always_deploy_balanced,True,"MANCE++::epsilon=0.05,steps=3",MANCE++,0.0,False,NA,False,True,False,True
learning_curve|Camelyon17-WILDS|seed=9|fraction=0.1|gamma=1|tau=0.1|lambda=0.8,learning_curve,Camelyon17-WILDS,9,0.1,798,1.0,0.1,0.8,point_selection_balanced,True,"MANCE++::epsilon=0.05,steps=3",MANCE++,0.0,False,NA,False,True,False,True
learning_curve|Camelyon17-WILDS|seed=9|fraction=0.1|gamma=1|tau=0.1|lambda=0.8,learning_curve,Camelyon17-WILDS,9,0.1,798,1.0,0.1,0.8,vera_balanced_iut,False,,,0.0,False,NA,False,False,True,True
learning_curve|Camelyon17-WILDS|seed=9|fraction=0.1|gamma=1|tau=0.1|lambda=0.8,learning_curve,Camelyon17-WILDS,9,0.1,798,1.0,0.1,0.8,vera_balanced_envelope,False,,,0.0,False,NA,False,False,True,True
learning_curve|Camelyon17-WILDS|seed=9|fraction=0.1|gamma=1|tau=0.1|lambda=0.8,learning_curve,Camelyon17-WILDS,9,0.1,798,1.0,0.1,0.8,external_balanced_oracle,False,,,0.0,False,NA,False,False,False,True
learning_curve|Camelyon17-WILDS|seed=9|fraction=0.1|gamma=1|tau=0.2|lambda=0.6,learning_curve,Camelyon17-WILDS,9,0.1,798,1.0,0.2,0.6,always_deploy_balanced,True,"MANCE++::epsilon=0.05,steps=3",MANCE++,0.0,False,NA,False,True,False,True
learning_curve|Camelyon17-WILDS|seed=9|fraction=0.1|gamma=1|tau=0.2|lambda=0.6,learning_curve,Camelyon17-WILDS,9,0.1,798,1.0,0.2,0.6,point_selection_balanced,False,,,0.0,False,NA,False,False,False,True
learning_curve|Camelyon17-WILDS|seed=9|fraction=0.1|gamma=1|tau=0.2|lambda=0.6,learning_curve,Camelyon17-WILDS,9,0.1,798,1.0,0.2,0.6,vera_balanced_iut,False,,,0.0,False,NA,False,False,True,True
learning_curve|Camelyon17-WILDS|seed=9|fraction=0.1|gamma=1|tau=0.2|lambda=0.6,learning_curve,Camelyon17-WILDS,9,0.1,798,1.0,0.2,0.6,vera_balanced_envelope,False,,,0.0,False,NA,False,False,True,True
learning_curve|Camelyon17-WILDS|seed=9|fraction=0.1|gamma=1|tau=0.2|lambda=0.6,learning_curve,Camelyon17-WILDS,9,0.1,798,1.0,0.2,0.6,external_balanced_oracle,False,,,0.0,False,NA,False,False,False,True
learning_curve|Camelyon17-WILDS|seed=9|fraction=0.1|gamma=1|tau=0.2|lambda=0.7,learning_curve,Camelyon17-WILDS,9,0.1,798,1.0,0.2,0.7,always_deploy_balanced,True,"MANCE++::epsilon=0.05,steps=3",MANCE++,0.0,False,NA,False,True,False,True
learning_curve|Camelyon17-WILDS|seed=9|fraction=0.1|gamma=1|tau=0.2|lambda=0.7,learning_curve,Camelyon17-WILDS,9,0.1,798,1.0,0.2,0.7,point_selection_balanced,False,,,0.0,False,NA,False,False,False,True
learning_curve|Camelyon17-WILDS|seed=9|fraction=0.1|gamma=1|tau=0.2|lambda=0.7,learning_curve,Camelyon17-WILDS,9,0.1,798,1.0,0.2,0.7,vera_balanced_iut,False,,,0.0,False,NA,False,False,True,True
learning_curve|Camelyon17-WILDS|seed=9|fraction=0.1|gamma=1|tau=0.2|lambda=0.7,learning_curve,Camelyon17-WILDS,9,0.1,798,1.0,0.2,0.7,vera_balanced_envelope,False,,,0.0,False,NA,False,False,True,True
learning_curve|Camelyon17-WILDS|seed=9|fraction=0.1|gamma=1|tau=0.2|lambda=0.7,learning_curve,Camelyon17-WILDS,9,0.1,798,1.0,0.2,0.7,external_balanced_oracle,False,,,0.0,False,NA,False,False,False,True
learning_curve|Camelyon17-WILDS|seed=9|fraction=0.1|gamma=1|tau=0.2|lambda=0.8,learning_curve,Camelyon17-WILDS,9,0.1,798,1.0,0.2,0.8,always_deploy_balanced,True,"MANCE++::epsilon=0.05,steps=3",MANCE++,0.0,False,NA,False,True,False,True
learning_curve|Camelyon17-WILDS|seed=9|fraction=0.1|gamma=1|tau=0.2|lambda=0.8,learning_curve,Camelyon17-WILDS,9,0.1,798,1.0,0.2,0.8,point_selection_balanced,True,"MANCE++::epsilon=0.05,steps=3",MANCE++,0.0,False,NA,False,True,False,True
learning_curve|Camelyon17-WILDS|seed=9|fraction=0.1|gamma=1|tau=0.2|lambda=0.8,learning_curve,Camelyon17-WILDS,9,0.1,798,1.0,0.2,0.8,vera_balanced_iut,False,,,0.0,False,NA,False,False,True,True
learning_curve|Camelyon17-WILDS|seed=9|fraction=0.1|gamma=1|tau=0.2|lambda=0.8,learning_curve,Camelyon17-WILDS,9,0.1,798,1.0,0.2,0.8,vera_balanced_envelope,False,,,0.0,False,NA,False,False,True,True
learning_curve|Camelyon17-WILDS|seed=9|fraction=0.1|gamma=1|tau=0.2|lambda=0.8,learning_curve,Camelyon17-WILDS,9,0.1,798,1.0,0.2,0.8,external_balanced_oracle,False,,,0.0,False,NA,False,False,False,True
learning_curve|Camelyon17-WILDS|seed=9|fraction=0.25|gamma=1|tau=0.05|lambda=0.6,learning_curve,Camelyon17-WILDS,9,0.25,1999,1.0,0.05,0.6,always_deploy_balanced,True,"MANCE++::epsilon=0.05,steps=3",MANCE++,0.0,False,NA,False,True,False,True
learning_curve|Camelyon17-WILDS|seed=9|fraction=0.25|gamma=1|tau=0.05|lambda=0.6,learning_curve,Camelyon17-WILDS,9,0.25,1999,1.0,0.05,0.6,point_selection_balanced,False,,,0.0,False,NA,False,False,False,True
learning_curve|Camelyon17-WILDS|seed=9|fraction=0.25|gamma=1|tau=0.05|lambda=0.6,learning_curve,Camelyon17-WILDS,9,0.25,1999,1.0,0.05,0.6,vera_balanced_iut,False,,,0.0,False,NA,False,False,True,True
learning_curve|Camelyon17-WILDS|seed=9|fraction=0.25|gamma=1|tau=0.05|lambda=0.6,learning_curve,Camelyon17-WILDS,9,0.25,1999,1.0,0.05,0.6,vera_balanced_envelope,False,,,0.0,False,NA,False,False,True,True
learning_curve|Camelyon17-WILDS|seed=9|fraction=0.25|gamma=1|tau=0.05|lambda=0.6,learning_curve,Camelyon17-WILDS,9,0.25,1999,1.0,0.05,0.6,external_balanced_oracle,False,,,0.0,False,NA,False,False,False,True
learning_curve|Camelyon17-WILDS|seed=9|fraction=0.25|gamma=1|tau=0.05|lambda=0.7,learning_curve,Camelyon17-WILDS,9,0.25,1999,1.0,0.05,0.7,always_deploy_balanced,True,"MANCE++::epsilon=0.05,steps=3",MANCE++,0.0,False,NA,False,True,False,True
learning_curve|Camelyon17-WILDS|seed=9|fraction=0.25|gamma=1|tau=0.05|lambda=0.7,learning_curve,Camelyon17-WILDS,9,0.25,1999,1.0,0.05,0.7,point_selection_balanced,False,,,0.0,False,NA,False,False,False,True
learning_curve|Camelyon17-WILDS|seed=9|fraction=0.25|gamma=1|tau=0.05|lambda=0.7,learning_curve,Camelyon17-WILDS,9,0.25,1999,1.0,0.05,0.7,vera_balanced_iut,False,,,0.0,False,NA,False,False,True,True
learning_curve|Camelyon17-WILDS|seed=9|fraction=0.25|gamma=1|tau=0.05|lambda=0.7,learning_curve,Camelyon17-WILDS,9,0.25,1999,1.0,0.05,0.7,vera_balanced_envelope,False,,,0.0,False,NA,False,False,True,True
learning_curve|Camelyon17-WILDS|seed=9|fraction=0.25|gamma=1|tau=0.05|lambda=0.7,learning_curve,Camelyon17-WILDS,9,0.25,1999,1.0,0.05,0.7,external_balanced_oracle,False,,,0.0,False,NA,False,False,False,True
learning_curve|Camelyon17-WILDS|seed=9|fraction=0.25|gamma=1|tau=0.05|lambda=0.8,learning_curve,Camelyon17-WILDS,9,0.25,1999,1.0,0.05,0.8,always_deploy_balanced,True,"MANCE++::epsilon=0.05,steps=3",MANCE++,0.0,False,NA,False,True,False,True
learning_curve|Camelyon17-WILDS|seed=9|fraction=0.25|gamma=1|tau=0.05|lambda=0.8,learning_curve,Camelyon17-WILDS,9,0.25,1999,1.0,0.05,0.8,point_selection_balanced,True,"MANCE++::epsilon=0.05,steps=3",MANCE++,0.0,False,NA,False,True,False,True
learning_curve|Camelyon17-WILDS|seed=9|fraction=0.25|gamma=1|tau=0.05|lambda=0.8,learning_curve,Camelyon17-WILDS,9,0.25,1999,1.0,0.05,0.8,vera_balanced_iut,False,,,0.0,False,NA,False,False,True,True
learning_curve|Camelyon17-WILDS|seed=9|fraction=0.25|gamma=1|tau=0.05|lambda=0.8,learning_curve,Camelyon17-WILDS,9,0.25,1999,1.0,0.05,0.8,vera_balanced_envelope,False,,,0.0,False,NA,False,False,True,True
learning_curve|Camelyon17-WILDS|seed=9|fraction=0.25|gamma=1|tau=0.05|lambda=0.8,learning_curve,Camelyon17-WILDS,9,0.25,1999,1.0,0.05,0.8,external_balanced_oracle,False,,,0.0,False,NA,False,False,False,True
learning_curve|Camelyon17-WILDS|seed=9|fraction=0.25|gamma=1|tau=0.1|lambda=0.6,learning_curve,Camelyon17-WILDS,9,0.25,1999,1.0,0.1,0.6,always_deploy_balanced,True,"MANCE++::epsilon=0.05,steps=3",MANCE++,0.0,False,NA,False,True,False,True
learning_curve|Camelyon17-WILDS|seed=9|fraction=0.25|gamma=1|tau=0.1|lambda=0.6,learning_curve,Camelyon17-WILDS,9,0.25,1999,1.0,0.1,0.6,point_selection_balanced,False,,,0.0,False,NA,False,False,False,True
learning_curve|Camelyon17-WILDS|seed=9|fraction=0.25|gamma=1|tau=0.1|lambda=0.6,learning_curve,Camelyon17-WILDS,9,0.25,1999,1.0,0.1,0.6,vera_balanced_iut,False,,,0.0,False,NA,False,False,True,True
learning_curve|Camelyon17-WILDS|seed=9|fraction=0.25|gamma=1|tau=0.1|lambda=0.6,learning_curve,Camelyon17-WILDS,9,0.25,1999,1.0,0.1,0.6,vera_balanced_envelope,False,,,0.0,False,NA,False,False,True,True
learning_curve|Camelyon17-WILDS|seed=9|fraction=0.25|gamma=1|tau=0.1|lambda=0.6,learning_curve,Camelyon17-WILDS,9,0.25,1999,1.0,0.1,0.6,external_balanced_oracle,False,,,0.0,False,NA,False,False,False,True
learning_curve|Camelyon17-WILDS|seed=9|fraction=0.25|gamma=1|tau=0.1|lambda=0.7,learning_curve,Camelyon17-WILDS,9,0.25,1999,1.0,0.1,0.7,always_deploy_balanced,True,"MANCE++::epsilon=0.05,steps=3",MANCE++,0.0,False,NA,False,True,False,True
learning_curve|Camelyon17-WILDS|seed=9|fraction=0.25|gamma=1|tau=0.1|lambda=0.7,learning_curve,Camelyon17-WILDS,9,0.25,1999,1.0,0.1,0.7,point_selection_balanced,False,,,0.0,False,NA,False,False,False,True
learning_curve|Camelyon17-WILDS|seed=9|fraction=0.25|gamma=1|tau=0.1|lambda=0.7,learning_curve,Camelyon17-WILDS,9,0.25,1999,1.0,0.1,0.7,vera_balanced_iut,False,,,0.0,False,NA,False,False,True,True
learning_curve|Camelyon17-WILDS|seed=9|fraction=0.25|gamma=1|tau=0.1|lambda=0.7,learning_curve,Camelyon17-WILDS,9,0.25,1999,1.0,0.1,0.7,vera_balanced_envelope,False,,,0.0,False,NA,False,False,True,True
learning_curve|Camelyon17-WILDS|seed=9|fraction=0.25|gamma=1|tau=0.1|lambda=0.7,learning_curve,Camelyon17-WILDS,9,0.25,1999,1.0,0.1,0.7,external_balanced_oracle,False,,,0.0,False,NA,False,False,False,True
learning_curve|Camelyon17-WILDS|seed=9|fraction=0.25|gamma=1|tau=0.1|lambda=0.8,learning_curve,Camelyon17-WILDS,9,0.25,1999,1.0,0.1,0.8,always_deploy_balanced,True,"MANCE++::epsilon=0.05,steps=3",MANCE++,0.0,False,NA,False,True,False,True
learning_curve|Camelyon17-WILDS|seed=9|fraction=0.25|gamma=1|tau=0.1|lambda=0.8,learning_curve,Camelyon17-WILDS,9,0.25,1999,1.0,0.1,0.8,point_selection_balanced,True,"MANCE++::epsilon=0.05,steps=3",MANCE++,0.0,False,NA,False,True,False,True
learning_curve|Camelyon17-WILDS|seed=9|fraction=0.25|gamma=1|tau=0.1|lambda=0.8,learning_curve,Camelyon17-WILDS,9,0.25,1999,1.0,0.1,0.8,vera_balanced_iut,False,,,0.0,False,NA,False,False,True,True
learning_curve|Camelyon17-WILDS|seed=9|fraction=0.25|gamma=1|tau=0.1|lambda=0.8,learning_curve,Camelyon17-WILDS,9,0.25,1999,1.0,0.1,0.8,vera_balanced_envelope,False,,,0.0,False,NA,False,False,True,True
learning_curve|Camelyon17-WILDS|seed=9|fraction=0.25|gamma=1|tau=0.1|lambda=0.8,learning_curve,Camelyon17-WILDS,9,0.25,1999,1.0,0.1,0.8,external_balanced_oracle,False,,,0.0,False,NA,False,False,False,True
learning_curve|Camelyon17-WILDS|seed=9|fraction=0.25|gamma=1|tau=0.2|lambda=0.6,learning_curve,Camelyon17-WILDS,9,0.25,1999,1.0,0.2,0.6,always_deploy_balanced,True,"MANCE++::epsilon=0.05,steps=3",MANCE++,0.0,False,NA,False,True,False,True
learning_curve|Camelyon17-WILDS|seed=9|fraction=0.25|gamma=1|tau=0.2|lambda=0.6,learning_curve,Camelyon17-WILDS,9,0.25,1999,1.0,0.2,0.6,point_selection_balanced,False,,,0.0,False,NA,False,False,False,True
learning_curve|Camelyon17-WILDS|seed=9|fraction=0.25|gamma=1|tau=0.2|lambda=0.6,learning_curve,Camelyon17-WILDS,9,0.25,1999,1.0,0.2,0.6,vera_balanced_iut,False,,,0.0,False,NA,False,False,True,True
learning_curve|Camelyon17-WILDS|seed=9|fraction=0.25|gamma=1|tau=0.2|lambda=0.6,learning_curve,Camelyon17-WILDS,9,0.25,1999,1.0,0.2,0.6,vera_balanced_envelope,False,,,0.0,False,NA,False,False,True,True
learning_curve|Camelyon17-WILDS|seed=9|fraction=0.25|gamma=1|tau=0.2|lambda=0.6,learning_curve,Camelyon17-WILDS,9,0.25,1999,1.0,0.2,0.6,external_balanced_oracle,False,,,0.0,False,NA,False,False,False,True
learning_curve|Camelyon17-WILDS|seed=9|fraction=0.25|gamma=1|tau=0.2|lambda=0.7,learning_curve,Camelyon17-WILDS,9,0.25,1999,1.0,0.2,0.7,always_deploy_balanced,True,"MANCE++::epsilon=0.05,steps=3",MANCE++,0.0,False,NA,False,True,False,True
learning_curve|Camelyon17-WILDS|seed=9|fraction=0.25|gamma=1|tau=0.2|lambda=0.7,learning_curve,Camelyon17-WILDS,9,0.25,1999,1.0,0.2,0.7,point_selection_balanced,False,,,0.0,False,NA,False,False,False,True
learning_curve|Camelyon17-WILDS|seed=9|fraction=0.25|gamma=1|tau=0.2|lambda=0.7,learning_curve,Camelyon17-WILDS,9,0.25,1999,1.0,0.2,0.7,vera_balanced_iut,False,,,0.0,False,NA,False,False,True,True
learning_curve|Camelyon17-WILDS|seed=9|fraction=0.25|gamma=1|tau=0.2|lambda=0.7,learning_curve,Camelyon17-WILDS,9,0.25,1999,1.0,0.2,0.7,vera_balanced_envelope,False,,,0.0,False,NA,False,False,True,True
learning_curve|Camelyon17-WILDS|seed=9|fraction=0.25|gamma=1|tau=0.2|lambda=0.7,learning_curve,Camelyon17-WILDS,9,0.25,1999,1.0,0.2,0.7,external_balanced_oracle,False,,,0.0,False,NA,False,False,False,True
learning_curve|Camelyon17-WILDS|seed=9|fraction=0.25|gamma=1|tau=0.2|lambda=0.8,learning_curve,Camelyon17-WILDS,9,0.25,1999,1.0,0.2,0.8,always_deploy_balanced,True,"MANCE++::epsilon=0.05,steps=3",MANCE++,0.0,False,NA,False,True,False,True
learning_curve|Camelyon17-WILDS|seed=9|fraction=0.25|gamma=1|tau=0.2|lambda=0.8,learning_curve,Camelyon17-WILDS,9,0.25,1999,1.0,0.2,0.8,point_selection_balanced,True,"MANCE++::epsilon=0.05,steps=3",MANCE++,0.0,False,NA,False,True,False,True
learning_curve|Camelyon17-WILDS|seed=9|fraction=0.25|gamma=1|tau=0.2|lambda=0.8,learning_curve,Camelyon17-WILDS,9,0.25,1999,1.0,0.2,0.8,vera_balanced_iut,False,,,0.0,False,NA,False,False,True,True
learning_curve|Camelyon17-WILDS|seed=9|fraction=0.25|gamma=1|tau=0.2|lambda=0.8,learning_curve,Camelyon17-WILDS,9,0.25,1999,1.0,0.2,0.8,vera_balanced_envelope,False,,,0.0,False,NA,False,False,True,True
learning_curve|Camelyon17-WILDS|seed=9|fraction=0.25|gamma=1|tau=0.2|lambda=0.8,learning_curve,Camelyon17-WILDS,9,0.25,1999,1.0,0.2,0.8,external_balanced_oracle,False,,,0.0,False,NA,False,False,False,True
learning_curve|Camelyon17-WILDS|seed=9|fraction=0.5|gamma=1|tau=0.05|lambda=0.6,learning_curve,Camelyon17-WILDS,9,0.5,3999,1.0,0.05,0.6,always_deploy_balanced,True,"MANCE++::epsilon=0.05,steps=3",MANCE++,0.0,False,NA,False,True,False,True
learning_curve|Camelyon17-WILDS|seed=9|fraction=0.5|gamma=1|tau=0.05|lambda=0.6,learning_curve,Camelyon17-WILDS,9,0.5,3999,1.0,0.05,0.6,point_selection_balanced,False,,,0.0,False,NA,False,False,False,True
learning_curve|Camelyon17-WILDS|seed=9|fraction=0.5|gamma=1|tau=0.05|lambda=0.6,learning_curve,Camelyon17-WILDS,9,0.5,3999,1.0,0.05,0.6,vera_balanced_iut,False,,,0.0,False,NA,False,False,True,True
learning_curve|Camelyon17-WILDS|seed=9|fraction=0.5|gamma=1|tau=0.05|lambda=0.6,learning_curve,Camelyon17-WILDS,9,0.5,3999,1.0,0.05,0.6,vera_balanced_envelope,False,,,0.0,False,NA,False,False,True,True
learning_curve|Camelyon17-WILDS|seed=9|fraction=0.5|gamma=1|tau=0.05|lambda=0.6,learning_curve,Camelyon17-WILDS,9,0.5,3999,1.0,0.05,0.6,external_balanced_oracle,False,,,0.0,False,NA,False,False,False,True
learning_curve|Camelyon17-WILDS|seed=9|fraction=0.5|gamma=1|tau=0.05|lambda=0.7,learning_curve,Camelyon17-WILDS,9,0.5,3999,1.0,0.05,0.7,always_deploy_balanced,True,"MANCE++::epsilon=0.05,steps=3",MANCE++,0.0,False,NA,False,True,False,True
learning_curve|Camelyon17-WILDS|seed=9|fraction=0.5|gamma=1|tau=0.05|lambda=0.7,learning_curve,Camelyon17-WILDS,9,0.5,3999,1.0,0.05,0.7,point_selection_balanced,False,,,0.0,False,NA,False,False,False,True
learning_curve|Camelyon17-WILDS|seed=9|fraction=0.5|gamma=1|tau=0.05|lambda=0.7,learning_curve,Camelyon17-WILDS,9,0.5,3999,1.0,0.05,0.7,vera_balanced_iut,False,,,0.0,False,NA,False,False,True,True
learning_curve|Camelyon17-WILDS|seed=9|fraction=0.5|gamma=1|tau=0.05|lambda=0.7,learning_curve,Camelyon17-WILDS,9,0.5,3999,1.0,0.05,0.7,vera_balanced_envelope,False,,,0.0,False,NA,False,False,True,True
learning_curve|Camelyon17-WILDS|seed=9|fraction=0.5|gamma=1|tau=0.05|lambda=0.7,learning_curve,Camelyon17-WILDS,9,0.5,3999,1.0,0.05,0.7,external_balanced_oracle,False,,,0.0,False,NA,False,False,False,True
learning_curve|Camelyon17-WILDS|seed=9|fraction=0.5|gamma=1|tau=0.05|lambda=0.8,learning_curve,Camelyon17-WILDS,9,0.5,3999,1.0,0.05,0.8,always_deploy_balanced,True,"MANCE++::epsilon=0.05,steps=3",MANCE++,0.0,False,NA,False,True,False,True
learning_curve|Camelyon17-WILDS|seed=9|fraction=0.5|gamma=1|tau=0.05|lambda=0.8,learning_curve,Camelyon17-WILDS,9,0.5,3999,1.0,0.05,0.8,point_selection_balanced,True,"MANCE++::epsilon=0.05,steps=3",MANCE++,0.0,False,NA,False,True,False,True
learning_curve|Camelyon17-WILDS|seed=9|fraction=0.5|gamma=1|tau=0.05|lambda=0.8,learning_curve,Camelyon17-WILDS,9,0.5,3999,1.0,0.05,0.8,vera_balanced_iut,False,,,0.0,False,NA,False,False,True,True
learning_curve|Camelyon17-WILDS|seed=9|fraction=0.5|gamma=1|tau=0.05|lambda=0.8,learning_curve,Camelyon17-WILDS,9,0.5,3999,1.0,0.05,0.8,vera_balanced_envelope,False,,,0.0,False,NA,False,False,True,True
learning_curve|Camelyon17-WILDS|seed=9|fraction=0.5|gamma=1|tau=0.05|lambda=0.8,learning_curve,Camelyon17-WILDS,9,0.5,3999,1.0,0.05,0.8,external_balanced_oracle,False,,,0.0,False,NA,False,False,False,True
learning_curve|Camelyon17-WILDS|seed=9|fraction=0.5|gamma=1|tau=0.1|lambda=0.6,learning_curve,Camelyon17-WILDS,9,0.5,3999,1.0,0.1,0.6,always_deploy_balanced,True,"MANCE++::epsilon=0.05,steps=3",MANCE++,0.0,False,NA,False,True,False,True
learning_curve|Camelyon17-WILDS|seed=9|fraction=0.5|gamma=1|tau=0.1|lambda=0.6,learning_curve,Camelyon17-WILDS,9,0.5,3999,1.0,0.1,0.6,point_selection_balanced,False,,,0.0,False,NA,False,False,False,True
learning_curve|Camelyon17-WILDS|seed=9|fraction=0.5|gamma=1|tau=0.1|lambda=0.6,learning_curve,Camelyon17-WILDS,9,0.5,3999,1.0,0.1,0.6,vera_balanced_iut,False,,,0.0,False,NA,False,False,True,True
learning_curve|Camelyon17-WILDS|seed=9|fraction=0.5|gamma=1|tau=0.1|lambda=0.6,learning_curve,Camelyon17-WILDS,9,0.5,3999,1.0,0.1,0.6,vera_balanced_envelope,False,,,0.0,False,NA,False,False,True,True
learning_curve|Camelyon17-WILDS|seed=9|fraction=0.5|gamma=1|tau=0.1|lambda=0.6,learning_curve,Camelyon17-WILDS,9,0.5,3999,1.0,0.1,0.6,external_balanced_oracle,False,,,0.0,False,NA,False,False,False,True
learning_curve|Camelyon17-WILDS|seed=9|fraction=0.5|gamma=1|tau=0.1|lambda=0.7,learning_curve,Camelyon17-WILDS,9,0.5,3999,1.0,0.1,0.7,always_deploy_balanced,True,"MANCE++::epsilon=0.05,steps=3",MANCE++,0.0,False,NA,False,True,False,True
learning_curve|Camelyon17-WILDS|seed=9|fraction=0.5|gamma=1|tau=0.1|lambda=0.7,learning_curve,Camelyon17-WILDS,9,0.5,3999,1.0,0.1,0.7,point_selection_balanced,False,,,0.0,False,NA,False,False,False,True
learning_curve|Camelyon17-WILDS|seed=9|fraction=0.5|gamma=1|tau=0.1|lambda=0.7,learning_curve,Camelyon17-WILDS,9,0.5,3999,1.0,0.1,0.7,vera_balanced_iut,False,,,0.0,False,NA,False,False,True,True
learning_curve|Camelyon17-WILDS|seed=9|fraction=0.5|gamma=1|tau=0.1|lambda=0.7,learning_curve,Camelyon17-WILDS,9,0.5,3999,1.0,0.1,0.7,vera_balanced_envelope,False,,,0.0,False,NA,False,False,True,True
learning_curve|Camelyon17-WILDS|seed=9|fraction=0.5|gamma=1|tau=0.1|lambda=0.7,learning_curve,Camelyon17-WILDS,9,0.5,3999,1.0,0.1,0.7,external_balanced_oracle,False,,,0.0,False,NA,False,False,False,True
learning_curve|Camelyon17-WILDS|seed=9|fraction=0.5|gamma=1|tau=0.1|lambda=0.8,learning_curve,Camelyon17-WILDS,9,0.5,3999,1.0,0.1,0.8,always_deploy_balanced,True,"MANCE++::epsilon=0.05,steps=3",MANCE++,0.0,False,NA,False,True,False,True
learning_curve|Camelyon17-WILDS|seed=9|fraction=0.5|gamma=1|tau=0.1|lambda=0.8,learning_curve,Camelyon17-WILDS,9,0.5,3999,1.0,0.1,0.8,point_selection_balanced,True,"MANCE++::epsilon=0.05,steps=3",MANCE++,0.0,False,NA,False,True,False,True
learning_curve|Camelyon17-WILDS|seed=9|fraction=0.5|gamma=1|tau=0.1|lambda=0.8,learning_curve,Camelyon17-WILDS,9,0.5,3999,1.0,0.1,0.8,vera_balanced_iut,False,,,0.0,False,NA,False,False,True,True
learning_curve|Camelyon17-WILDS|seed=9|fraction=0.5|gamma=1|tau=0.1|lambda=0.8,learning_curve,Camelyon17-WILDS,9,0.5,3999,1.0,0.1,0.8,vera_balanced_envelope,False,,,0.0,False,NA,False,False,True,True
learning_curve|Camelyon17-WILDS|seed=9|fraction=0.5|gamma=1|tau=0.1|lambda=0.8,learning_curve,Camelyon17-WILDS,9,0.5,3999,1.0,0.1,0.8,external_balanced_oracle,False,,,0.0,False,NA,False,False,False,True
learning_curve|Camelyon17-WILDS|seed=9|fraction=0.5|gamma=1|tau=0.2|lambda=0.6,learning_curve,Camelyon17-WILDS,9,0.5,3999,1.0,0.2,0.6,always_deploy_balanced,True,"MANCE++::epsilon=0.05,steps=3",MANCE++,0.0,False,NA,False,True,False,True
learning_curve|Camelyon17-WILDS|seed=9|fraction=0.5|gamma=1|tau=0.2|lambda=0.6,learning_curve,Camelyon17-WILDS,9,0.5,3999,1.0,0.2,0.6,point_selection_balanced,False,,,0.0,False,NA,False,False,False,True
learning_curve|Camelyon17-WILDS|seed=9|fraction=0.5|gamma=1|tau=0.2|lambda=0.6,learning_curve,Camelyon17-WILDS,9,0.5,3999,1.0,0.2,0.6,vera_balanced_iut,False,,,0.0,False,NA,False,False,True,True
learning_curve|Camelyon17-WILDS|seed=9|fraction=0.5|gamma=1|tau=0.2|lambda=0.6,learning_curve,Camelyon17-WILDS,9,0.5,3999,1.0,0.2,0.6,vera_balanced_envelope,False,,,0.0,False,NA,False,False,True,True
learning_curve|Camelyon17-WILDS|seed=9|fraction=0.5|gamma=1|tau=0.2|lambda=0.6,learning_curve,Camelyon17-WILDS,9,0.5,3999,1.0,0.2,0.6,external_balanced_oracle,False,,,0.0,False,NA,False,False,False,True
learning_curve|Camelyon17-WILDS|seed=9|fraction=0.5|gamma=1|tau=0.2|lambda=0.7,learning_curve,Camelyon17-WILDS,9,0.5,3999,1.0,0.2,0.7,always_deploy_balanced,True,"MANCE++::epsilon=0.05,steps=3",MANCE++,0.0,False,NA,False,True,False,True
learning_curve|Camelyon17-WILDS|seed=9|fraction=0.5|gamma=1|tau=0.2|lambda=0.7,learning_curve,Camelyon17-WILDS,9,0.5,3999,1.0,0.2,0.7,point_selection_balanced,False,,,0.0,False,NA,False,False,False,True
learning_curve|Camelyon17-WILDS|seed=9|fraction=0.5|gamma=1|tau=0.2|lambda=0.7,learning_curve,Camelyon17-WILDS,9,0.5,3999,1.0,0.2,0.7,vera_balanced_iut,False,,,0.0,False,NA,False,False,True,True
learning_curve|Camelyon17-WILDS|seed=9|fraction=0.5|gamma=1|tau=0.2|lambda=0.7,learning_curve,Camelyon17-WILDS,9,0.5,3999,1.0,0.2,0.7,vera_balanced_envelope,False,,,0.0,False,NA,False,False,True,True
learning_curve|Camelyon17-WILDS|seed=9|fraction=0.5|gamma=1|tau=0.2|lambda=0.7,learning_curve,Camelyon17-WILDS,9,0.5,3999,1.0,0.2,0.7,external_balanced_oracle,False,,,0.0,False,NA,False,False,False,True
learning_curve|Camelyon17-WILDS|seed=9|fraction=0.5|gamma=1|tau=0.2|lambda=0.8,learning_curve,Camelyon17-WILDS,9,0.5,3999,1.0,0.2,0.8,always_deploy_balanced,True,"MANCE++::epsilon=0.05,steps=3",MANCE++,0.0,False,NA,False,True,False,True
learning_curve|Camelyon17-WILDS|seed=9|fraction=0.5|gamma=1|tau=0.2|lambda=0.8,learning_curve,Camelyon17-WILDS,9,0.5,3999,1.0,0.2,0.8,point_selection_balanced,True,"MANCE++::epsilon=0.05,steps=3",MANCE++,0.0,False,NA,False,True,False,True
learning_curve|Camelyon17-WILDS|seed=9|fraction=0.5|gamma=1|tau=0.2|lambda=0.8,learning_curve,Camelyon17-WILDS,9,0.5,3999,1.0,0.2,0.8,vera_balanced_iut,False,,,0.0,False,NA,False,False,True,True
learning_curve|Camelyon17-WILDS|seed=9|fraction=0.5|gamma=1|tau=0.2|lambda=0.8,learning_curve,Camelyon17-WILDS,9,0.5,3999,1.0,0.2,0.8,vera_balanced_envelope,False,,,0.0,False,NA,False,False,True,True
learning_curve|Camelyon17-WILDS|seed=9|fraction=0.5|gamma=1|tau=0.2|lambda=0.8,learning_curve,Camelyon17-WILDS,9,0.5,3999,1.0,0.2,0.8,external_balanced_oracle,False,,,0.0,False,NA,False,False,False,True
primary|Camelyon17-WILDS|seed=9|fraction=1|gamma=1|tau=0.05|lambda=0.6,primary,Camelyon17-WILDS,9,1.0,8000,1.0,0.05,0.6,always_deploy_balanced,True,"MANCE++::epsilon=0.05,steps=3",MANCE++,0.0,False,NA,False,True,False,True
primary|Camelyon17-WILDS|seed=9|fraction=1|gamma=1|tau=0.05|lambda=0.6,primary,Camelyon17-WILDS,9,1.0,8000,1.0,0.05,0.6,point_selection_balanced,False,,,0.0,False,NA,False,False,False,True
primary|Camelyon17-WILDS|seed=9|fraction=1|gamma=1|tau=0.05|lambda=0.6,primary,Camelyon17-WILDS,9,1.0,8000,1.0,0.05,0.6,vera_balanced_iut,False,,,0.0,False,NA,False,False,True,True
primary|Camelyon17-WILDS|seed=9|fraction=1|gamma=1|tau=0.05|lambda=0.6,primary,Camelyon17-WILDS,9,1.0,8000,1.0,0.05,0.6,vera_balanced_envelope,False,,,0.0,False,NA,False,False,True,True
primary|Camelyon17-WILDS|seed=9|fraction=1|gamma=1|tau=0.05|lambda=0.6,primary,Camelyon17-WILDS,9,1.0,8000,1.0,0.05,0.6,external_balanced_oracle,False,,,0.0,False,NA,False,False,False,True
primary|Camelyon17-WILDS|seed=9|fraction=1|gamma=1|tau=0.05|lambda=0.7,primary,Camelyon17-WILDS,9,1.0,8000,1.0,0.05,0.7,always_deploy_balanced,True,"MANCE++::epsilon=0.05,steps=3",MANCE++,0.0,False,NA,False,True,False,True
primary|Camelyon17-WILDS|seed=9|fraction=1|gamma=1|tau=0.05|lambda=0.7,primary,Camelyon17-WILDS,9,1.0,8000,1.0,0.05,0.7,point_selection_balanced,False,,,0.0,False,NA,False,False,False,True
primary|Camelyon17-WILDS|seed=9|fraction=1|gamma=1|tau=0.05|lambda=0.7,primary,Camelyon17-WILDS,9,1.0,8000,1.0,0.05,0.7,vera_balanced_iut,False,,,0.0,False,NA,False,False,True,True
primary|Camelyon17-WILDS|seed=9|fraction=1|gamma=1|tau=0.05|lambda=0.7,primary,Camelyon17-WILDS,9,1.0,8000,1.0,0.05,0.7,vera_balanced_envelope,False,,,0.0,False,NA,False,False,True,True
primary|Camelyon17-WILDS|seed=9|fraction=1|gamma=1|tau=0.05|lambda=0.7,primary,Camelyon17-WILDS,9,1.0,8000,1.0,0.05,0.7,external_balanced_oracle,False,,,0.0,False,NA,False,False,False,True
primary|Camelyon17-WILDS|seed=9|fraction=1|gamma=1|tau=0.05|lambda=0.8,primary,Camelyon17-WILDS,9,1.0,8000,1.0,0.05,0.8,always_deploy_balanced,True,"MANCE++::epsilon=0.05,steps=3",MANCE++,0.0,False,NA,False,True,False,True
primary|Camelyon17-WILDS|seed=9|fraction=1|gamma=1|tau=0.05|lambda=0.8,primary,Camelyon17-WILDS,9,1.0,8000,1.0,0.05,0.8,point_selection_balanced,True,"MANCE++::epsilon=0.05,steps=3",MANCE++,0.0,False,NA,False,True,False,True
primary|Camelyon17-WILDS|seed=9|fraction=1|gamma=1|tau=0.05|lambda=0.8,primary,Camelyon17-WILDS,9,1.0,8000,1.0,0.05,0.8,vera_balanced_iut,False,,,0.0,False,NA,False,False,True,True
primary|Camelyon17-WILDS|seed=9|fraction=1|gamma=1|tau=0.05|lambda=0.8,primary,Camelyon17-WILDS,9,1.0,8000,1.0,0.05,0.8,vera_balanced_envelope,False,,,0.0,False,NA,False,False,True,True
primary|Camelyon17-WILDS|seed=9|fraction=1|gamma=1|tau=0.05|lambda=0.8,primary,Camelyon17-WILDS,9,1.0,8000,1.0,0.05,0.8,external_balanced_oracle,False,,,0.0,False,NA,False,False,False,True
primary|Camelyon17-WILDS|seed=9|fraction=1|gamma=1|tau=0.1|lambda=0.6,primary,Camelyon17-WILDS,9,1.0,8000,1.0,0.1,0.6,always_deploy_balanced,True,"MANCE++::epsilon=0.05,steps=3",MANCE++,0.0,False,NA,False,True,False,True
primary|Camelyon17-WILDS|seed=9|fraction=1|gamma=1|tau=0.1|lambda=0.6,primary,Camelyon17-WILDS,9,1.0,8000,1.0,0.1,0.6,point_selection_balanced,False,,,0.0,False,NA,False,False,False,True
primary|Camelyon17-WILDS|seed=9|fraction=1|gamma=1|tau=0.1|lambda=0.6,primary,Camelyon17-WILDS,9,1.0,8000,1.0,0.1,0.6,vera_balanced_iut,False,,,0.0,False,NA,False,False,True,True
primary|Camelyon17-WILDS|seed=9|fraction=1|gamma=1|tau=0.1|lambda=0.6,primary,Camelyon17-WILDS,9,1.0,8000,1.0,0.1,0.6,vera_balanced_envelope,False,,,0.0,False,NA,False,False,True,True
primary|Camelyon17-WILDS|seed=9|fraction=1|gamma=1|tau=0.1|lambda=0.6,primary,Camelyon17-WILDS,9,1.0,8000,1.0,0.1,0.6,external_balanced_oracle,False,,,0.0,False,NA,False,False,False,True
primary|Camelyon17-WILDS|seed=9|fraction=1|gamma=1|tau=0.1|lambda=0.7,primary,Camelyon17-WILDS,9,1.0,8000,1.0,0.1,0.7,always_deploy_balanced,True,"MANCE++::epsilon=0.05,steps=3",MANCE++,0.0,False,NA,False,True,False,True
primary|Camelyon17-WILDS|seed=9|fraction=1|gamma=1|tau=0.1|lambda=0.7,primary,Camelyon17-WILDS,9,1.0,8000,1.0,0.1,0.7,point_selection_balanced,False,,,0.0,False,NA,False,False,False,True
primary|Camelyon17-WILDS|seed=9|fraction=1|gamma=1|tau=0.1|lambda=0.7,primary,Camelyon17-WILDS,9,1.0,8000,1.0,0.1,0.7,vera_balanced_iut,False,,,0.0,False,NA,False,False,True,True
primary|Camelyon17-WILDS|seed=9|fraction=1|gamma=1|tau=0.1|lambda=0.7,primary,Camelyon17-WILDS,9,1.0,8000,1.0,0.1,0.7,vera_balanced_envelope,False,,,0.0,False,NA,False,False,True,True
primary|Camelyon17-WILDS|seed=9|fraction=1|gamma=1|tau=0.1|lambda=0.7,primary,Camelyon17-WILDS,9,1.0,8000,1.0,0.1,0.7,external_balanced_oracle,False,,,0.0,False,NA,False,False,False,True
primary|Camelyon17-WILDS|seed=9|fraction=1|gamma=1|tau=0.1|lambda=0.8,primary,Camelyon17-WILDS,9,1.0,8000,1.0,0.1,0.8,always_deploy_balanced,True,"MANCE++::epsilon=0.05,steps=3",MANCE++,0.0,False,NA,False,True,False,True
primary|Camelyon17-WILDS|seed=9|fraction=1|gamma=1|tau=0.1|lambda=0.8,primary,Camelyon17-WILDS,9,1.0,8000,1.0,0.1,0.8,point_selection_balanced,True,"MANCE++::epsilon=0.05,steps=3",MANCE++,0.0,False,NA,False,True,False,True
primary|Camelyon17-WILDS|seed=9|fraction=1|gamma=1|tau=0.1|lambda=0.8,primary,Camelyon17-WILDS,9,1.0,8000,1.0,0.1,0.8,vera_balanced_iut,False,,,0.0,False,NA,False,False,True,True
primary|Camelyon17-WILDS|seed=9|fraction=1|gamma=1|tau=0.1|lambda=0.8,primary,Camelyon17-WILDS,9,1.0,8000,1.0,0.1,0.8,vera_balanced_envelope,False,,,0.0,False,NA,False,False,True,True
primary|Camelyon17-WILDS|seed=9|fraction=1|gamma=1|tau=0.1|lambda=0.8,primary,Camelyon17-WILDS,9,1.0,8000,1.0,0.1,0.8,external_balanced_oracle,False,,,0.0,False,NA,False,False,False,True
primary|Camelyon17-WILDS|seed=9|fraction=1|gamma=1|tau=0.2|lambda=0.6,primary,Camelyon17-WILDS,9,1.0,8000,1.0,0.2,0.6,always_deploy_balanced,True,"MANCE++::epsilon=0.05,steps=3",MANCE++,0.0,False,NA,False,True,False,True
primary|Camelyon17-WILDS|seed=9|fraction=1|gamma=1|tau=0.2|lambda=0.6,primary,Camelyon17-WILDS,9,1.0,8000,1.0,0.2,0.6,point_selection_balanced,False,,,0.0,False,NA,False,False,False,True
primary|Camelyon17-WILDS|seed=9|fraction=1|gamma=1|tau=0.2|lambda=0.6,primary,Camelyon17-WILDS,9,1.0,8000,1.0,0.2,0.6,vera_balanced_iut,False,,,0.0,False,NA,False,False,True,True
primary|Camelyon17-WILDS|seed=9|fraction=1|gamma=1|tau=0.2|lambda=0.6,primary,Camelyon17-WILDS,9,1.0,8000,1.0,0.2,0.6,vera_balanced_envelope,False,,,0.0,False,NA,False,False,True,True
primary|Camelyon17-WILDS|seed=9|fraction=1|gamma=1|tau=0.2|lambda=0.6,primary,Camelyon17-WILDS,9,1.0,8000,1.0,0.2,0.6,external_balanced_oracle,False,,,0.0,False,NA,False,False,False,True
primary|Camelyon17-WILDS|seed=9|fraction=1|gamma=1|tau=0.2|lambda=0.7,primary,Camelyon17-WILDS,9,1.0,8000,1.0,0.2,0.7,always_deploy_balanced,True,"MANCE++::epsilon=0.05,steps=3",MANCE++,0.0,False,NA,False,True,False,True
primary|Camelyon17-WILDS|seed=9|fraction=1|gamma=1|tau=0.2|lambda=0.7,primary,Camelyon17-WILDS,9,1.0,8000,1.0,0.2,0.7,point_selection_balanced,False,,,0.0,False,NA,False,False,False,True
primary|Camelyon17-WILDS|seed=9|fraction=1|gamma=1|tau=0.2|lambda=0.7,primary,Camelyon17-WILDS,9,1.0,8000,1.0,0.2,0.7,vera_balanced_iut,False,,,0.0,False,NA,False,False,True,True
primary|Camelyon17-WILDS|seed=9|fraction=1|gamma=1|tau=0.2|lambda=0.7,primary,Camelyon17-WILDS,9,1.0,8000,1.0,0.2,0.7,vera_balanced_envelope,False,,,0.0,False,NA,False,False,True,True
primary|Camelyon17-WILDS|seed=9|fraction=1|gamma=1|tau=0.2|lambda=0.7,primary,Camelyon17-WILDS,9,1.0,8000,1.0,0.2,0.7,external_balanced_oracle,False,,,0.0,False,NA,False,False,False,True
primary|Camelyon17-WILDS|seed=9|fraction=1|gamma=1|tau=0.2|lambda=0.8,primary,Camelyon17-WILDS,9,1.0,8000,1.0,0.2,0.8,always_deploy_balanced,True,"MANCE++::epsilon=0.05,steps=3",MANCE++,0.0,False,NA,False,True,False,True
primary|Camelyon17-WILDS|seed=9|fraction=1|gamma=1|tau=0.2|lambda=0.8,primary,Camelyon17-WILDS,9,1.0,8000,1.0,0.2,0.8,point_selection_balanced,True,"MANCE++::epsilon=0.05,steps=3",MANCE++,0.0,False,NA,False,True,False,True
primary|Camelyon17-WILDS|seed=9|fraction=1|gamma=1|tau=0.2|lambda=0.8,primary,Camelyon17-WILDS,9,1.0,8000,1.0,0.2,0.8,vera_balanced_iut,False,,,0.0,False,NA,False,False,True,True
primary|Camelyon17-WILDS|seed=9|fraction=1|gamma=1|tau=0.2|lambda=0.8,primary,Camelyon17-WILDS,9,1.0,8000,1.0,0.2,0.8,vera_balanced_envelope,False,,,0.0,False,NA,False,False,True,True
primary|Camelyon17-WILDS|seed=9|fraction=1|gamma=1|tau=0.2|lambda=0.8,primary,Camelyon17-WILDS,9,1.0,8000,1.0,0.2,0.8,external_balanced_oracle,False,,,0.0,False,NA,False,False,False,True
shifted_sensitivity|Camelyon17-WILDS|seed=9|fraction=1|gamma=1.01|tau=0.05|lambda=0.6,shifted_sensitivity,Camelyon17-WILDS,9,1.0,8000,1.01,0.05,0.6,always_deploy_balanced,True,"MANCE++::epsilon=0.05,steps=3",MANCE++,0.0,False,NA,False,True,False,True
shifted_sensitivity|Camelyon17-WILDS|seed=9|fraction=1|gamma=1.01|tau=0.05|lambda=0.6,shifted_sensitivity,Camelyon17-WILDS,9,1.0,8000,1.01,0.05,0.6,point_selection_balanced,False,,,0.0,False,NA,False,False,False,True
shifted_sensitivity|Camelyon17-WILDS|seed=9|fraction=1|gamma=1.01|tau=0.05|lambda=0.6,shifted_sensitivity,Camelyon17-WILDS,9,1.0,8000,1.01,0.05,0.6,vera_balanced_iut,False,,,0.0,False,NA,False,False,True,True
shifted_sensitivity|Camelyon17-WILDS|seed=9|fraction=1|gamma=1.01|tau=0.05|lambda=0.6,shifted_sensitivity,Camelyon17-WILDS,9,1.0,8000,1.01,0.05,0.6,vera_balanced_envelope,False,,,0.0,False,NA,False,False,True,True
shifted_sensitivity|Camelyon17-WILDS|seed=9|fraction=1|gamma=1.01|tau=0.05|lambda=0.6,shifted_sensitivity,Camelyon17-WILDS,9,1.0,8000,1.01,0.05,0.6,external_balanced_oracle,False,,,0.0,False,NA,False,False,False,True
shifted_sensitivity|Camelyon17-WILDS|seed=9|fraction=1|gamma=1.01|tau=0.05|lambda=0.7,shifted_sensitivity,Camelyon17-WILDS,9,1.0,8000,1.01,0.05,0.7,always_deploy_balanced,True,"MANCE++::epsilon=0.05,steps=3",MANCE++,0.0,False,NA,False,True,False,True
shifted_sensitivity|Camelyon17-WILDS|seed=9|fraction=1|gamma=1.01|tau=0.05|lambda=0.7,shifted_sensitivity,Camelyon17-WILDS,9,1.0,8000,1.01,0.05,0.7,point_selection_balanced,False,,,0.0,False,NA,False,False,False,True
shifted_sensitivity|Camelyon17-WILDS|seed=9|fraction=1|gamma=1.01|tau=0.05|lambda=0.7,shifted_sensitivity,Camelyon17-WILDS,9,1.0,8000,1.01,0.05,0.7,vera_balanced_iut,False,,,0.0,False,NA,False,False,True,True
shifted_sensitivity|Camelyon17-WILDS|seed=9|fraction=1|gamma=1.01|tau=0.05|lambda=0.7,shifted_sensitivity,Camelyon17-WILDS,9,1.0,8000,1.01,0.05,0.7,vera_balanced_envelope,False,,,0.0,False,NA,False,False,True,True
shifted_sensitivity|Camelyon17-WILDS|seed=9|fraction=1|gamma=1.01|tau=0.05|lambda=0.7,shifted_sensitivity,Camelyon17-WILDS,9,1.0,8000,1.01,0.05,0.7,external_balanced_oracle,False,,,0.0,False,NA,False,False,False,True
shifted_sensitivity|Camelyon17-WILDS|seed=9|fraction=1|gamma=1.01|tau=0.05|lambda=0.8,shifted_sensitivity,Camelyon17-WILDS,9,1.0,8000,1.01,0.05,0.8,always_deploy_balanced,True,"MANCE++::epsilon=0.05,steps=3",MANCE++,0.0,False,NA,False,True,False,True
shifted_sensitivity|Camelyon17-WILDS|seed=9|fraction=1|gamma=1.01|tau=0.05|lambda=0.8,shifted_sensitivity,Camelyon17-WILDS,9,1.0,8000,1.01,0.05,0.8,point_selection_balanced,True,"MANCE++::epsilon=0.05,steps=3",MANCE++,0.0,False,NA,False,True,False,True
shifted_sensitivity|Camelyon17-WILDS|seed=9|fraction=1|gamma=1.01|tau=0.05|lambda=0.8,shifted_sensitivity,Camelyon17-WILDS,9,1.0,8000,1.01,0.05,0.8,vera_balanced_iut,False,,,0.0,False,NA,False,False,True,True
shifted_sensitivity|Camelyon17-WILDS|seed=9|fraction=1|gamma=1.01|tau=0.05|lambda=0.8,shifted_sensitivity,Camelyon17-WILDS,9,1.0,8000,1.01,0.05,0.8,vera_balanced_envelope,False,,,0.0,False,NA,False,False,True,True
shifted_sensitivity|Camelyon17-WILDS|seed=9|fraction=1|gamma=1.01|tau=0.05|lambda=0.8,shifted_sensitivity,Camelyon17-WILDS,9,1.0,8000,1.01,0.05,0.8,external_balanced_oracle,False,,,0.0,False,NA,False,False,False,True
shifted_sensitivity|Camelyon17-WILDS|seed=9|fraction=1|gamma=1.01|tau=0.1|lambda=0.6,shifted_sensitivity,Camelyon17-WILDS,9,1.0,8000,1.01,0.1,0.6,always_deploy_balanced,True,"MANCE++::epsilon=0.05,steps=3",MANCE++,0.0,False,NA,False,True,False,True
shifted_sensitivity|Camelyon17-WILDS|seed=9|fraction=1|gamma=1.01|tau=0.1|lambda=0.6,shifted_sensitivity,Camelyon17-WILDS,9,1.0,8000,1.01,0.1,0.6,point_selection_balanced,False,,,0.0,False,NA,False,False,False,True
shifted_sensitivity|Camelyon17-WILDS|seed=9|fraction=1|gamma=1.01|tau=0.1|lambda=0.6,shifted_sensitivity,Camelyon17-WILDS,9,1.0,8000,1.01,0.1,0.6,vera_balanced_iut,False,,,0.0,False,NA,False,False,True,True
shifted_sensitivity|Camelyon17-WILDS|seed=9|fraction=1|gamma=1.01|tau=0.1|lambda=0.6,shifted_sensitivity,Camelyon17-WILDS,9,1.0,8000,1.01,0.1,0.6,vera_balanced_envelope,False,,,0.0,False,NA,False,False,True,True
shifted_sensitivity|Camelyon17-WILDS|seed=9|fraction=1|gamma=1.01|tau=0.1|lambda=0.6,shifted_sensitivity,Camelyon17-WILDS,9,1.0,8000,1.01,0.1,0.6,external_balanced_oracle,False,,,0.0,False,NA,False,False,False,True
shifted_sensitivity|Camelyon17-WILDS|seed=9|fraction=1|gamma=1.01|tau=0.1|lambda=0.7,shifted_sensitivity,Camelyon17-WILDS,9,1.0,8000,1.01,0.1,0.7,always_deploy_balanced,True,"MANCE++::epsilon=0.05,steps=3",MANCE++,0.0,False,NA,False,True,False,True
shifted_sensitivity|Camelyon17-WILDS|seed=9|fraction=1|gamma=1.01|tau=0.1|lambda=0.7,shifted_sensitivity,Camelyon17-WILDS,9,1.0,8000,1.01,0.1,0.7,point_selection_balanced,False,,,0.0,False,NA,False,False,False,True
shifted_sensitivity|Camelyon17-WILDS|seed=9|fraction=1|gamma=1.01|tau=0.1|lambda=0.7,shifted_sensitivity,Camelyon17-WILDS,9,1.0,8000,1.01,0.1,0.7,vera_balanced_iut,False,,,0.0,False,NA,False,False,True,True
shifted_sensitivity|Camelyon17-WILDS|seed=9|fraction=1|gamma=1.01|tau=0.1|lambda=0.7,shifted_sensitivity,Camelyon17-WILDS,9,1.0,8000,1.01,0.1,0.7,vera_balanced_envelope,False,,,0.0,False,NA,False,False,True,True
shifted_sensitivity|Camelyon17-WILDS|seed=9|fraction=1|gamma=1.01|tau=0.1|lambda=0.7,shifted_sensitivity,Camelyon17-WILDS,9,1.0,8000,1.01,0.1,0.7,external_balanced_oracle,False,,,0.0,False,NA,False,False,False,True
shifted_sensitivity|Camelyon17-WILDS|seed=9|fraction=1|gamma=1.01|tau=0.1|lambda=0.8,shifted_sensitivity,Camelyon17-WILDS,9,1.0,8000,1.01,0.1,0.8,always_deploy_balanced,True,"MANCE++::epsilon=0.05,steps=3",MANCE++,0.0,False,NA,False,True,False,True
shifted_sensitivity|Camelyon17-WILDS|seed=9|fraction=1|gamma=1.01|tau=0.1|lambda=0.8,shifted_sensitivity,Camelyon17-WILDS,9,1.0,8000,1.01,0.1,0.8,point_selection_balanced,True,"MANCE++::epsilon=0.05,steps=3",MANCE++,0.0,False,NA,False,True,False,True
shifted_sensitivity|Camelyon17-WILDS|seed=9|fraction=1|gamma=1.01|tau=0.1|lambda=0.8,shifted_sensitivity,Camelyon17-WILDS,9,1.0,8000,1.01,0.1,0.8,vera_balanced_iut,False,,,0.0,False,NA,False,False,True,True
shifted_sensitivity|Camelyon17-WILDS|seed=9|fraction=1|gamma=1.01|tau=0.1|lambda=0.8,shifted_sensitivity,Camelyon17-WILDS,9,1.0,8000,1.01,0.1,0.8,vera_balanced_envelope,False,,,0.0,False,NA,False,False,True,True
shifted_sensitivity|Camelyon17-WILDS|seed=9|fraction=1|gamma=1.01|tau=0.1|lambda=0.8,shifted_sensitivity,Camelyon17-WILDS,9,1.0,8000,1.01,0.1,0.8,external_balanced_oracle,False,,,0.0,False,NA,False,False,False,True
shifted_sensitivity|Camelyon17-WILDS|seed=9|fraction=1|gamma=1.01|tau=0.2|lambda=0.6,shifted_sensitivity,Camelyon17-WILDS,9,1.0,8000,1.01,0.2,0.6,always_deploy_balanced,True,"MANCE++::epsilon=0.05,steps=3",MANCE++,0.0,False,NA,False,True,False,True
shifted_sensitivity|Camelyon17-WILDS|seed=9|fraction=1|gamma=1.01|tau=0.2|lambda=0.6,shifted_sensitivity,Camelyon17-WILDS,9,1.0,8000,1.01,0.2,0.6,point_selection_balanced,False,,,0.0,False,NA,False,False,False,True
shifted_sensitivity|Camelyon17-WILDS|seed=9|fraction=1|gamma=1.01|tau=0.2|lambda=0.6,shifted_sensitivity,Camelyon17-WILDS,9,1.0,8000,1.01,0.2,0.6,vera_balanced_iut,False,,,0.0,False,NA,False,False,True,True
shifted_sensitivity|Camelyon17-WILDS|seed=9|fraction=1|gamma=1.01|tau=0.2|lambda=0.6,shifted_sensitivity,Camelyon17-WILDS,9,1.0,8000,1.01,0.2,0.6,vera_balanced_envelope,False,,,0.0,False,NA,False,False,True,True
shifted_sensitivity|Camelyon17-WILDS|seed=9|fraction=1|gamma=1.01|tau=0.2|lambda=0.6,shifted_sensitivity,Camelyon17-WILDS,9,1.0,8000,1.01,0.2,0.6,external_balanced_oracle,False,,,0.0,False,NA,False,False,False,True
shifted_sensitivity|Camelyon17-WILDS|seed=9|fraction=1|gamma=1.01|tau=0.2|lambda=0.7,shifted_sensitivity,Camelyon17-WILDS,9,1.0,8000,1.01,0.2,0.7,always_deploy_balanced,True,"MANCE++::epsilon=0.05,steps=3",MANCE++,0.0,False,NA,False,True,False,True
shifted_sensitivity|Camelyon17-WILDS|seed=9|fraction=1|gamma=1.01|tau=0.2|lambda=0.7,shifted_sensitivity,Camelyon17-WILDS,9,1.0,8000,1.01,0.2,0.7,point_selection_balanced,False,,,0.0,False,NA,False,False,False,True
shifted_sensitivity|Camelyon17-WILDS|seed=9|fraction=1|gamma=1.01|tau=0.2|lambda=0.7,shifted_sensitivity,Camelyon17-WILDS,9,1.0,8000,1.01,0.2,0.7,vera_balanced_iut,False,,,0.0,False,NA,False,False,True,True
shifted_sensitivity|Camelyon17-WILDS|seed=9|fraction=1|gamma=1.01|tau=0.2|lambda=0.7,shifted_sensitivity,Camelyon17-WILDS,9,1.0,8000,1.01,0.2,0.7,vera_balanced_envelope,False,,,0.0,False,NA,False,False,True,True
shifted_sensitivity|Camelyon17-WILDS|seed=9|fraction=1|gamma=1.01|tau=0.2|lambda=0.7,shifted_sensitivity,Camelyon17-WILDS,9,1.0,8000,1.01,0.2,0.7,external_balanced_oracle,False,,,0.0,False,NA,False,False,False,True
shifted_sensitivity|Camelyon17-WILDS|seed=9|fraction=1|gamma=1.01|tau=0.2|lambda=0.8,shifted_sensitivity,Camelyon17-WILDS,9,1.0,8000,1.01,0.2,0.8,always_deploy_balanced,True,"MANCE++::epsilon=0.05,steps=3",MANCE++,0.0,False,NA,False,True,False,True
shifted_sensitivity|Camelyon17-WILDS|seed=9|fraction=1|gamma=1.01|tau=0.2|lambda=0.8,shifted_sensitivity,Camelyon17-WILDS,9,1.0,8000,1.01,0.2,0.8,point_selection_balanced,True,"MANCE++::epsilon=0.05,steps=3",MANCE++,0.0,False,NA,False,True,False,True
shifted_sensitivity|Camelyon17-WILDS|seed=9|fraction=1|gamma=1.01|tau=0.2|lambda=0.8,shifted_sensitivity,Camelyon17-WILDS,9,1.0,8000,1.01,0.2,0.8,vera_balanced_iut,False,,,0.0,False,NA,False,False,True,True
shifted_sensitivity|Camelyon17-WILDS|seed=9|fraction=1|gamma=1.01|tau=0.2|lambda=0.8,shifted_sensitivity,Camelyon17-WILDS,9,1.0,8000,1.01,0.2,0.8,vera_balanced_envelope,False,,,0.0,False,NA,False,False,True,True
shifted_sensitivity|Camelyon17-WILDS|seed=9|fraction=1|gamma=1.01|tau=0.2|lambda=0.8,shifted_sensitivity,Camelyon17-WILDS,9,1.0,8000,1.01,0.2,0.8,external_balanced_oracle,False,,,0.0,False,NA,False,False,False,True
learning_curve|Camelyon17-WILDS|seed=10|fraction=0.05|gamma=1|tau=0.05|lambda=0.6,learning_curve,Camelyon17-WILDS,10,0.05,396,1.0,0.05,0.6,always_deploy_balanced,True,"MANCE++::epsilon=0.05,steps=3",MANCE++,0.0,False,NA,False,True,False,True
learning_curve|Camelyon17-WILDS|seed=10|fraction=0.05|gamma=1|tau=0.05|lambda=0.6,learning_curve,Camelyon17-WILDS,10,0.05,396,1.0,0.05,0.6,point_selection_balanced,False,,,0.0,False,NA,False,False,False,True
learning_curve|Camelyon17-WILDS|seed=10|fraction=0.05|gamma=1|tau=0.05|lambda=0.6,learning_curve,Camelyon17-WILDS,10,0.05,396,1.0,0.05,0.6,vera_balanced_iut,False,,,0.0,False,NA,False,False,True,True
learning_curve|Camelyon17-WILDS|seed=10|fraction=0.05|gamma=1|tau=0.05|lambda=0.6,learning_curve,Camelyon17-WILDS,10,0.05,396,1.0,0.05,0.6,vera_balanced_envelope,False,,,0.0,False,NA,False,False,True,True
learning_curve|Camelyon17-WILDS|seed=10|fraction=0.05|gamma=1|tau=0.05|lambda=0.6,learning_curve,Camelyon17-WILDS,10,0.05,396,1.0,0.05,0.6,external_balanced_oracle,False,,,0.0,False,NA,False,False,False,True
learning_curve|Camelyon17-WILDS|seed=10|fraction=0.05|gamma=1|tau=0.05|lambda=0.7,learning_curve,Camelyon17-WILDS,10,0.05,396,1.0,0.05,0.7,always_deploy_balanced,True,"MANCE++::epsilon=0.05,steps=3",MANCE++,0.0,False,NA,False,True,False,True
learning_curve|Camelyon17-WILDS|seed=10|fraction=0.05|gamma=1|tau=0.05|lambda=0.7,learning_curve,Camelyon17-WILDS,10,0.05,396,1.0,0.05,0.7,point_selection_balanced,False,,,0.0,False,NA,False,False,False,True
learning_curve|Camelyon17-WILDS|seed=10|fraction=0.05|gamma=1|tau=0.05|lambda=0.7,learning_curve,Camelyon17-WILDS,10,0.05,396,1.0,0.05,0.7,vera_balanced_iut,False,,,0.0,False,NA,False,False,True,True
learning_curve|Camelyon17-WILDS|seed=10|fraction=0.05|gamma=1|tau=0.05|lambda=0.7,learning_curve,Camelyon17-WILDS,10,0.05,396,1.0,0.05,0.7,vera_balanced_envelope,False,,,0.0,False,NA,False,False,True,True
learning_curve|Camelyon17-WILDS|seed=10|fraction=0.05|gamma=1|tau=0.05|lambda=0.7,learning_curve,Camelyon17-WILDS,10,0.05,396,1.0,0.05,0.7,external_balanced_oracle,False,,,0.0,False,NA,False,False,False,True
learning_curve|Camelyon17-WILDS|seed=10|fraction=0.05|gamma=1|tau=0.05|lambda=0.8,learning_curve,Camelyon17-WILDS,10,0.05,396,1.0,0.05,0.8,always_deploy_balanced,True,"MANCE++::epsilon=0.05,steps=3",MANCE++,0.0,False,NA,False,True,False,True
learning_curve|Camelyon17-WILDS|seed=10|fraction=0.05|gamma=1|tau=0.05|lambda=0.8,learning_curve,Camelyon17-WILDS,10,0.05,396,1.0,0.05,0.8,point_selection_balanced,True,LEACE::closed_form,LEACE,0.0,False,NA,False,True,False,True
learning_curve|Camelyon17-WILDS|seed=10|fraction=0.05|gamma=1|tau=0.05|lambda=0.8,learning_curve,Camelyon17-WILDS,10,0.05,396,1.0,0.05,0.8,vera_balanced_iut,False,,,0.0,False,NA,False,False,True,True
learning_curve|Camelyon17-WILDS|seed=10|fraction=0.05|gamma=1|tau=0.05|lambda=0.8,learning_curve,Camelyon17-WILDS,10,0.05,396,1.0,0.05,0.8,vera_balanced_envelope,False,,,0.0,False,NA,False,False,True,True
learning_curve|Camelyon17-WILDS|seed=10|fraction=0.05|gamma=1|tau=0.05|lambda=0.8,learning_curve,Camelyon17-WILDS,10,0.05,396,1.0,0.05,0.8,external_balanced_oracle,False,,,0.0,False,NA,False,False,False,True
learning_curve|Camelyon17-WILDS|seed=10|fraction=0.05|gamma=1|tau=0.1|lambda=0.6,learning_curve,Camelyon17-WILDS,10,0.05,396,1.0,0.1,0.6,always_deploy_balanced,True,"MANCE++::epsilon=0.05,steps=3",MANCE++,0.0,False,NA,False,True,False,True
learning_curve|Camelyon17-WILDS|seed=10|fraction=0.05|gamma=1|tau=0.1|lambda=0.6,learning_curve,Camelyon17-WILDS,10,0.05,396,1.0,0.1,0.6,point_selection_balanced,False,,,0.0,False,NA,False,False,False,True
learning_curve|Camelyon17-WILDS|seed=10|fraction=0.05|gamma=1|tau=0.1|lambda=0.6,learning_curve,Camelyon17-WILDS,10,0.05,396,1.0,0.1,0.6,vera_balanced_iut,False,,,0.0,False,NA,False,False,True,True
learning_curve|Camelyon17-WILDS|seed=10|fraction=0.05|gamma=1|tau=0.1|lambda=0.6,learning_curve,Camelyon17-WILDS,10,0.05,396,1.0,0.1,0.6,vera_balanced_envelope,False,,,0.0,False,NA,False,False,True,True
learning_curve|Camelyon17-WILDS|seed=10|fraction=0.05|gamma=1|tau=0.1|lambda=0.6,learning_curve,Camelyon17-WILDS,10,0.05,396,1.0,0.1,0.6,external_balanced_oracle,False,,,0.0,False,NA,False,False,False,True
learning_curve|Camelyon17-WILDS|seed=10|fraction=0.05|gamma=1|tau=0.1|lambda=0.7,learning_curve,Camelyon17-WILDS,10,0.05,396,1.0,0.1,0.7,always_deploy_balanced,True,"MANCE++::epsilon=0.05,steps=3",MANCE++,0.0,False,NA,False,True,False,True
learning_curve|Camelyon17-WILDS|seed=10|fraction=0.05|gamma=1|tau=0.1|lambda=0.7,learning_curve,Camelyon17-WILDS,10,0.05,396,1.0,0.1,0.7,point_selection_balanced,False,,,0.0,False,NA,False,False,False,True
learning_curve|Camelyon17-WILDS|seed=10|fraction=0.05|gamma=1|tau=0.1|lambda=0.7,learning_curve,Camelyon17-WILDS,10,0.05,396,1.0,0.1,0.7,vera_balanced_iut,False,,,0.0,False,NA,False,False,True,True
learning_curve|Camelyon17-WILDS|seed=10|fraction=0.05|gamma=1|tau=0.1|lambda=0.7,learning_curve,Camelyon17-WILDS,10,0.05,396,1.0,0.1,0.7,vera_balanced_envelope,False,,,0.0,False,NA,False,False,True,True
learning_curve|Camelyon17-WILDS|seed=10|fraction=0.05|gamma=1|tau=0.1|lambda=0.7,learning_curve,Camelyon17-WILDS,10,0.05,396,1.0,0.1,0.7,external_balanced_oracle,False,,,0.0,False,NA,False,False,False,True
learning_curve|Camelyon17-WILDS|seed=10|fraction=0.05|gamma=1|tau=0.1|lambda=0.8,learning_curve,Camelyon17-WILDS,10,0.05,396,1.0,0.1,0.8,always_deploy_balanced,True,"MANCE++::epsilon=0.05,steps=3",MANCE++,0.0,False,NA,False,True,False,True
learning_curve|Camelyon17-WILDS|seed=10|fraction=0.05|gamma=1|tau=0.1|lambda=0.8,learning_curve,Camelyon17-WILDS,10,0.05,396,1.0,0.1,0.8,point_selection_balanced,True,"MANCE++::epsilon=0.05,steps=3",MANCE++,0.0,False,NA,False,True,False,True
learning_curve|Camelyon17-WILDS|seed=10|fraction=0.05|gamma=1|tau=0.1|lambda=0.8,learning_curve,Camelyon17-WILDS,10,0.05,396,1.0,0.1,0.8,vera_balanced_iut,False,,,0.0,False,NA,False,False,True,True
learning_curve|Camelyon17-WILDS|seed=10|fraction=0.05|gamma=1|tau=0.1|lambda=0.8,learning_curve,Camelyon17-WILDS,10,0.05,396,1.0,0.1,0.8,vera_balanced_envelope,False,,,0.0,False,NA,False,False,True,True
learning_curve|Camelyon17-WILDS|seed=10|fraction=0.05|gamma=1|tau=0.1|lambda=0.8,learning_curve,Camelyon17-WILDS,10,0.05,396,1.0,0.1,0.8,external_balanced_oracle,False,,,0.0,False,NA,False,False,False,True
learning_curve|Camelyon17-WILDS|seed=10|fraction=0.05|gamma=1|tau=0.2|lambda=0.6,learning_curve,Camelyon17-WILDS,10,0.05,396,1.0,0.2,0.6,always_deploy_balanced,True,"MANCE++::epsilon=0.05,steps=3",MANCE++,0.0,False,NA,False,True,False,True
learning_curve|Camelyon17-WILDS|seed=10|fraction=0.05|gamma=1|tau=0.2|lambda=0.6,learning_curve,Camelyon17-WILDS,10,0.05,396,1.0,0.2,0.6,point_selection_balanced,False,,,0.0,False,NA,False,False,False,True
learning_curve|Camelyon17-WILDS|seed=10|fraction=0.05|gamma=1|tau=0.2|lambda=0.6,learning_curve,Camelyon17-WILDS,10,0.05,396,1.0,0.2,0.6,vera_balanced_iut,False,,,0.0,False,NA,False,False,True,True
learning_curve|Camelyon17-WILDS|seed=10|fraction=0.05|gamma=1|tau=0.2|lambda=0.6,learning_curve,Camelyon17-WILDS,10,0.05,396,1.0,0.2,0.6,vera_balanced_envelope,False,,,0.0,False,NA,False,False,True,True
learning_curve|Camelyon17-WILDS|seed=10|fraction=0.05|gamma=1|tau=0.2|lambda=0.6,learning_curve,Camelyon17-WILDS,10,0.05,396,1.0,0.2,0.6,external_balanced_oracle,False,,,0.0,False,NA,False,False,False,True
learning_curve|Camelyon17-WILDS|seed=10|fraction=0.05|gamma=1|tau=0.2|lambda=0.7,learning_curve,Camelyon17-WILDS,10,0.05,396,1.0,0.2,0.7,always_deploy_balanced,True,"MANCE++::epsilon=0.05,steps=3",MANCE++,0.0,False,NA,False,True,False,True
learning_curve|Camelyon17-WILDS|seed=10|fraction=0.05|gamma=1|tau=0.2|lambda=0.7,learning_curve,Camelyon17-WILDS,10,0.05,396,1.0,0.2,0.7,point_selection_balanced,False,,,0.0,False,NA,False,False,False,True
learning_curve|Camelyon17-WILDS|seed=10|fraction=0.05|gamma=1|tau=0.2|lambda=0.7,learning_curve,Camelyon17-WILDS,10,0.05,396,1.0,0.2,0.7,vera_balanced_iut,False,,,0.0,False,NA,False,False,True,True
learning_curve|Camelyon17-WILDS|seed=10|fraction=0.05|gamma=1|tau=0.2|lambda=0.7,learning_curve,Camelyon17-WILDS,10,0.05,396,1.0,0.2,0.7,vera_balanced_envelope,False,,,0.0,False,NA,False,False,True,True
learning_curve|Camelyon17-WILDS|seed=10|fraction=0.05|gamma=1|tau=0.2|lambda=0.7,learning_curve,Camelyon17-WILDS,10,0.05,396,1.0,0.2,0.7,external_balanced_oracle,False,,,0.0,False,NA,False,False,False,True
learning_curve|Camelyon17-WILDS|seed=10|fraction=0.05|gamma=1|tau=0.2|lambda=0.8,learning_curve,Camelyon17-WILDS,10,0.05,396,1.0,0.2,0.8,always_deploy_balanced,True,"MANCE++::epsilon=0.05,steps=3",MANCE++,0.0,False,NA,False,True,False,True
learning_curve|Camelyon17-WILDS|seed=10|fraction=0.05|gamma=1|tau=0.2|lambda=0.8,learning_curve,Camelyon17-WILDS,10,0.05,396,1.0,0.2,0.8,point_selection_balanced,True,"MANCE++::epsilon=0.05,steps=3",MANCE++,0.0,False,NA,False,True,False,True
learning_curve|Camelyon17-WILDS|seed=10|fraction=0.05|gamma=1|tau=0.2|lambda=0.8,learning_curve,Camelyon17-WILDS,10,0.05,396,1.0,0.2,0.8,vera_balanced_iut,False,,,0.0,False,NA,False,False,True,True
learning_curve|Camelyon17-WILDS|seed=10|fraction=0.05|gamma=1|tau=0.2|lambda=0.8,learning_curve,Camelyon17-WILDS,10,0.05,396,1.0,0.2,0.8,vera_balanced_envelope,False,,,0.0,False,NA,False,False,True,True
learning_curve|Camelyon17-WILDS|seed=10|fraction=0.05|gamma=1|tau=0.2|lambda=0.8,learning_curve,Camelyon17-WILDS,10,0.05,396,1.0,0.2,0.8,external_balanced_oracle,False,,,0.0,False,NA,False,False,False,True
learning_curve|Camelyon17-WILDS|seed=10|fraction=0.1|gamma=1|tau=0.05|lambda=0.6,learning_curve,Camelyon17-WILDS,10,0.1,796,1.0,0.05,0.6,always_deploy_balanced,True,"MANCE++::epsilon=0.05,steps=3",MANCE++,0.0,False,NA,False,True,False,True
learning_curve|Camelyon17-WILDS|seed=10|fraction=0.1|gamma=1|tau=0.05|lambda=0.6,learning_curve,Camelyon17-WILDS,10,0.1,796,1.0,0.05,0.6,point_selection_balanced,False,,,0.0,False,NA,False,False,False,True
learning_curve|Camelyon17-WILDS|seed=10|fraction=0.1|gamma=1|tau=0.05|lambda=0.6,learning_curve,Camelyon17-WILDS,10,0.1,796,1.0,0.05,0.6,vera_balanced_iut,False,,,0.0,False,NA,False,False,True,True
learning_curve|Camelyon17-WILDS|seed=10|fraction=0.1|gamma=1|tau=0.05|lambda=0.6,learning_curve,Camelyon17-WILDS,10,0.1,796,1.0,0.05,0.6,vera_balanced_envelope,False,,,0.0,False,NA,False,False,True,True
learning_curve|Camelyon17-WILDS|seed=10|fraction=0.1|gamma=1|tau=0.05|lambda=0.6,learning_curve,Camelyon17-WILDS,10,0.1,796,1.0,0.05,0.6,external_balanced_oracle,False,,,0.0,False,NA,False,False,False,True
learning_curve|Camelyon17-WILDS|seed=10|fraction=0.1|gamma=1|tau=0.05|lambda=0.7,learning_curve,Camelyon17-WILDS,10,0.1,796,1.0,0.05,0.7,always_deploy_balanced,True,"MANCE++::epsilon=0.05,steps=3",MANCE++,0.0,False,NA,False,True,False,True
learning_curve|Camelyon17-WILDS|seed=10|fraction=0.1|gamma=1|tau=0.05|lambda=0.7,learning_curve,Camelyon17-WILDS,10,0.1,796,1.0,0.05,0.7,point_selection_balanced,False,,,0.0,False,NA,False,False,False,True
learning_curve|Camelyon17-WILDS|seed=10|fraction=0.1|gamma=1|tau=0.05|lambda=0.7,learning_curve,Camelyon17-WILDS,10,0.1,796,1.0,0.05,0.7,vera_balanced_iut,False,,,0.0,False,NA,False,False,True,True
learning_curve|Camelyon17-WILDS|seed=10|fraction=0.1|gamma=1|tau=0.05|lambda=0.7,learning_curve,Camelyon17-WILDS,10,0.1,796,1.0,0.05,0.7,vera_balanced_envelope,False,,,0.0,False,NA,False,False,True,True
learning_curve|Camelyon17-WILDS|seed=10|fraction=0.1|gamma=1|tau=0.05|lambda=0.7,learning_curve,Camelyon17-WILDS,10,0.1,796,1.0,0.05,0.7,external_balanced_oracle,False,,,0.0,False,NA,False,False,False,True
learning_curve|Camelyon17-WILDS|seed=10|fraction=0.1|gamma=1|tau=0.05|lambda=0.8,learning_curve,Camelyon17-WILDS,10,0.1,796,1.0,0.05,0.8,always_deploy_balanced,True,"MANCE++::epsilon=0.05,steps=3",MANCE++,0.0,False,NA,False,True,False,True
learning_curve|Camelyon17-WILDS|seed=10|fraction=0.1|gamma=1|tau=0.05|lambda=0.8,learning_curve,Camelyon17-WILDS,10,0.1,796,1.0,0.05,0.8,point_selection_balanced,True,"MANCE++::epsilon=0.05,steps=3",MANCE++,0.0,False,NA,False,True,False,True
learning_curve|Camelyon17-WILDS|seed=10|fraction=0.1|gamma=1|tau=0.05|lambda=0.8,learning_curve,Camelyon17-WILDS,10,0.1,796,1.0,0.05,0.8,vera_balanced_iut,False,,,0.0,False,NA,False,False,True,True
learning_curve|Camelyon17-WILDS|seed=10|fraction=0.1|gamma=1|tau=0.05|lambda=0.8,learning_curve,Camelyon17-WILDS,10,0.1,796,1.0,0.05,0.8,vera_balanced_envelope,False,,,0.0,False,NA,False,False,True,True
learning_curve|Camelyon17-WILDS|seed=10|fraction=0.1|gamma=1|tau=0.05|lambda=0.8,learning_curve,Camelyon17-WILDS,10,0.1,796,1.0,0.05,0.8,external_balanced_oracle,False,,,0.0,False,NA,False,False,False,True
learning_curve|Camelyon17-WILDS|seed=10|fraction=0.1|gamma=1|tau=0.1|lambda=0.6,learning_curve,Camelyon17-WILDS,10,0.1,796,1.0,0.1,0.6,always_deploy_balanced,True,"MANCE++::epsilon=0.05,steps=3",MANCE++,0.0,False,NA,False,True,False,True
learning_curve|Camelyon17-WILDS|seed=10|fraction=0.1|gamma=1|tau=0.1|lambda=0.6,learning_curve,Camelyon17-WILDS,10,0.1,796,1.0,0.1,0.6,point_selection_balanced,False,,,0.0,False,NA,False,False,False,True
learning_curve|Camelyon17-WILDS|seed=10|fraction=0.1|gamma=1|tau=0.1|lambda=0.6,learning_curve,Camelyon17-WILDS,10,0.1,796,1.0,0.1,0.6,vera_balanced_iut,False,,,0.0,False,NA,False,False,True,True
learning_curve|Camelyon17-WILDS|seed=10|fraction=0.1|gamma=1|tau=0.1|lambda=0.6,learning_curve,Camelyon17-WILDS,10,0.1,796,1.0,0.1,0.6,vera_balanced_envelope,False,,,0.0,False,NA,False,False,True,True
learning_curve|Camelyon17-WILDS|seed=10|fraction=0.1|gamma=1|tau=0.1|lambda=0.6,learning_curve,Camelyon17-WILDS,10,0.1,796,1.0,0.1,0.6,external_balanced_oracle,False,,,0.0,False,NA,False,False,False,True
learning_curve|Camelyon17-WILDS|seed=10|fraction=0.1|gamma=1|tau=0.1|lambda=0.7,learning_curve,Camelyon17-WILDS,10,0.1,796,1.0,0.1,0.7,always_deploy_balanced,True,"MANCE++::epsilon=0.05,steps=3",MANCE++,0.0,False,NA,False,True,False,True
learning_curve|Camelyon17-WILDS|seed=10|fraction=0.1|gamma=1|tau=0.1|lambda=0.7,learning_curve,Camelyon17-WILDS,10,0.1,796,1.0,0.1,0.7,point_selection_balanced,False,,,0.0,False,NA,False,False,False,True
learning_curve|Camelyon17-WILDS|seed=10|fraction=0.1|gamma=1|tau=0.1|lambda=0.7,learning_curve,Camelyon17-WILDS,10,0.1,796,1.0,0.1,0.7,vera_balanced_iut,False,,,0.0,False,NA,False,False,True,True
learning_curve|Camelyon17-WILDS|seed=10|fraction=0.1|gamma=1|tau=0.1|lambda=0.7,learning_curve,Camelyon17-WILDS,10,0.1,796,1.0,0.1,0.7,vera_balanced_envelope,False,,,0.0,False,NA,False,False,True,True
learning_curve|Camelyon17-WILDS|seed=10|fraction=0.1|gamma=1|tau=0.1|lambda=0.7,learning_curve,Camelyon17-WILDS,10,0.1,796,1.0,0.1,0.7,external_balanced_oracle,False,,,0.0,False,NA,False,False,False,True
learning_curve|Camelyon17-WILDS|seed=10|fraction=0.1|gamma=1|tau=0.1|lambda=0.8,learning_curve,Camelyon17-WILDS,10,0.1,796,1.0,0.1,0.8,always_deploy_balanced,True,"MANCE++::epsilon=0.05,steps=3",MANCE++,0.0,False,NA,False,True,False,True
learning_curve|Camelyon17-WILDS|seed=10|fraction=0.1|gamma=1|tau=0.1|lambda=0.8,learning_curve,Camelyon17-WILDS,10,0.1,796,1.0,0.1,0.8,point_selection_balanced,True,"MANCE++::epsilon=0.05,steps=3",MANCE++,0.0,False,NA,False,True,False,True
learning_curve|Camelyon17-WILDS|seed=10|fraction=0.1|gamma=1|tau=0.1|lambda=0.8,learning_curve,Camelyon17-WILDS,10,0.1,796,1.0,0.1,0.8,vera_balanced_iut,False,,,0.0,False,NA,False,False,True,True
learning_curve|Camelyon17-WILDS|seed=10|fraction=0.1|gamma=1|tau=0.1|lambda=0.8,learning_curve,Camelyon17-WILDS,10,0.1,796,1.0,0.1,0.8,vera_balanced_envelope,False,,,0.0,False,NA,False,False,True,True
learning_curve|Camelyon17-WILDS|seed=10|fraction=0.1|gamma=1|tau=0.1|lambda=0.8,learning_curve,Camelyon17-WILDS,10,0.1,796,1.0,0.1,0.8,external_balanced_oracle,False,,,0.0,False,NA,False,False,False,True
learning_curve|Camelyon17-WILDS|seed=10|fraction=0.1|gamma=1|tau=0.2|lambda=0.6,learning_curve,Camelyon17-WILDS,10,0.1,796,1.0,0.2,0.6,always_deploy_balanced,True,"MANCE++::epsilon=0.05,steps=3",MANCE++,0.0,False,NA,False,True,False,True
learning_curve|Camelyon17-WILDS|seed=10|fraction=0.1|gamma=1|tau=0.2|lambda=0.6,learning_curve,Camelyon17-WILDS,10,0.1,796,1.0,0.2,0.6,point_selection_balanced,False,,,0.0,False,NA,False,False,False,True
learning_curve|Camelyon17-WILDS|seed=10|fraction=0.1|gamma=1|tau=0.2|lambda=0.6,learning_curve,Camelyon17-WILDS,10,0.1,796,1.0,0.2,0.6,vera_balanced_iut,False,,,0.0,False,NA,False,False,True,True
learning_curve|Camelyon17-WILDS|seed=10|fraction=0.1|gamma=1|tau=0.2|lambda=0.6,learning_curve,Camelyon17-WILDS,10,0.1,796,1.0,0.2,0.6,vera_balanced_envelope,False,,,0.0,False,NA,False,False,True,True
learning_curve|Camelyon17-WILDS|seed=10|fraction=0.1|gamma=1|tau=0.2|lambda=0.6,learning_curve,Camelyon17-WILDS,10,0.1,796,1.0,0.2,0.6,external_balanced_oracle,False,,,0.0,False,NA,False,False,False,True
learning_curve|Camelyon17-WILDS|seed=10|fraction=0.1|gamma=1|tau=0.2|lambda=0.7,learning_curve,Camelyon17-WILDS,10,0.1,796,1.0,0.2,0.7,always_deploy_balanced,True,"MANCE++::epsilon=0.05,steps=3",MANCE++,0.0,False,NA,False,True,False,True
learning_curve|Camelyon17-WILDS|seed=10|fraction=0.1|gamma=1|tau=0.2|lambda=0.7,learning_curve,Camelyon17-WILDS,10,0.1,796,1.0,0.2,0.7,point_selection_balanced,False,,,0.0,False,NA,False,False,False,True
learning_curve|Camelyon17-WILDS|seed=10|fraction=0.1|gamma=1|tau=0.2|lambda=0.7,learning_curve,Camelyon17-WILDS,10,0.1,796,1.0,0.2,0.7,vera_balanced_iut,False,,,0.0,False,NA,False,False,True,True
learning_curve|Camelyon17-WILDS|seed=10|fraction=0.1|gamma=1|tau=0.2|lambda=0.7,learning_curve,Camelyon17-WILDS,10,0.1,796,1.0,0.2,0.7,vera_balanced_envelope,False,,,0.0,False,NA,False,False,True,True
learning_curve|Camelyon17-WILDS|seed=10|fraction=0.1|gamma=1|tau=0.2|lambda=0.7,learning_curve,Camelyon17-WILDS,10,0.1,796,1.0,0.2,0.7,external_balanced_oracle,False,,,0.0,False,NA,False,False,False,True
learning_curve|Camelyon17-WILDS|seed=10|fraction=0.1|gamma=1|tau=0.2|lambda=0.8,learning_curve,Camelyon17-WILDS,10,0.1,796,1.0,0.2,0.8,always_deploy_balanced,True,"MANCE++::epsilon=0.05,steps=3",MANCE++,0.0,False,NA,False,True,False,True
learning_curve|Camelyon17-WILDS|seed=10|fraction=0.1|gamma=1|tau=0.2|lambda=0.8,learning_curve,Camelyon17-WILDS,10,0.1,796,1.0,0.2,0.8,point_selection_balanced,True,"MANCE++::epsilon=0.05,steps=3",MANCE++,0.0,False,NA,False,True,False,True
learning_curve|Camelyon17-WILDS|seed=10|fraction=0.1|gamma=1|tau=0.2|lambda=0.8,learning_curve,Camelyon17-WILDS,10,0.1,796,1.0,0.2,0.8,vera_balanced_iut,False,,,0.0,False,NA,False,False,True,True
learning_curve|Camelyon17-WILDS|seed=10|fraction=0.1|gamma=1|tau=0.2|lambda=0.8,learning_curve,Camelyon17-WILDS,10,0.1,796,1.0,0.2,0.8,vera_balanced_envelope,False,,,0.0,False,NA,False,False,True,True
learning_curve|Camelyon17-WILDS|seed=10|fraction=0.1|gamma=1|tau=0.2|lambda=0.8,learning_curve,Camelyon17-WILDS,10,0.1,796,1.0,0.2,0.8,external_balanced_oracle,False,,,0.0,False,NA,False,False,False,True
learning_curve|Camelyon17-WILDS|seed=10|fraction=0.25|gamma=1|tau=0.05|lambda=0.6,learning_curve,Camelyon17-WILDS,10,0.25,1997,1.0,0.05,0.6,always_deploy_balanced,True,"MANCE++::epsilon=0.05,steps=3",MANCE++,0.0,False,NA,False,True,False,True
learning_curve|Camelyon17-WILDS|seed=10|fraction=0.25|gamma=1|tau=0.05|lambda=0.6,learning_curve,Camelyon17-WILDS,10,0.25,1997,1.0,0.05,0.6,point_selection_balanced,False,,,0.0,False,NA,False,False,False,True
learning_curve|Camelyon17-WILDS|seed=10|fraction=0.25|gamma=1|tau=0.05|lambda=0.6,learning_curve,Camelyon17-WILDS,10,0.25,1997,1.0,0.05,0.6,vera_balanced_iut,False,,,0.0,False,NA,False,False,True,True
learning_curve|Camelyon17-WILDS|seed=10|fraction=0.25|gamma=1|tau=0.05|lambda=0.6,learning_curve,Camelyon17-WILDS,10,0.25,1997,1.0,0.05,0.6,vera_balanced_envelope,False,,,0.0,False,NA,False,False,True,True
learning_curve|Camelyon17-WILDS|seed=10|fraction=0.25|gamma=1|tau=0.05|lambda=0.6,learning_curve,Camelyon17-WILDS,10,0.25,1997,1.0,0.05,0.6,external_balanced_oracle,False,,,0.0,False,NA,False,False,False,True
learning_curve|Camelyon17-WILDS|seed=10|fraction=0.25|gamma=1|tau=0.05|lambda=0.7,learning_curve,Camelyon17-WILDS,10,0.25,1997,1.0,0.05,0.7,always_deploy_balanced,True,"MANCE++::epsilon=0.05,steps=3",MANCE++,0.0,False,NA,False,True,False,True
learning_curve|Camelyon17-WILDS|seed=10|fraction=0.25|gamma=1|tau=0.05|lambda=0.7,learning_curve,Camelyon17-WILDS,10,0.25,1997,1.0,0.05,0.7,point_selection_balanced,False,,,0.0,False,NA,False,False,False,True
learning_curve|Camelyon17-WILDS|seed=10|fraction=0.25|gamma=1|tau=0.05|lambda=0.7,learning_curve,Camelyon17-WILDS,10,0.25,1997,1.0,0.05,0.7,vera_balanced_iut,False,,,0.0,False,NA,False,False,True,True
learning_curve|Camelyon17-WILDS|seed=10|fraction=0.25|gamma=1|tau=0.05|lambda=0.7,learning_curve,Camelyon17-WILDS,10,0.25,1997,1.0,0.05,0.7,vera_balanced_envelope,False,,,0.0,False,NA,False,False,True,True
learning_curve|Camelyon17-WILDS|seed=10|fraction=0.25|gamma=1|tau=0.05|lambda=0.7,learning_curve,Camelyon17-WILDS,10,0.25,1997,1.0,0.05,0.7,external_balanced_oracle,False,,,0.0,False,NA,False,False,False,True
learning_curve|Camelyon17-WILDS|seed=10|fraction=0.25|gamma=1|tau=0.05|lambda=0.8,learning_curve,Camelyon17-WILDS,10,0.25,1997,1.0,0.05,0.8,always_deploy_balanced,True,"MANCE++::epsilon=0.05,steps=3",MANCE++,0.0,False,NA,False,True,False,True
learning_curve|Camelyon17-WILDS|seed=10|fraction=0.25|gamma=1|tau=0.05|lambda=0.8,learning_curve,Camelyon17-WILDS,10,0.25,1997,1.0,0.05,0.8,point_selection_balanced,True,"MANCE++::epsilon=0.05,steps=3",MANCE++,0.0,False,NA,False,True,False,True
learning_curve|Camelyon17-WILDS|seed=10|fraction=0.25|gamma=1|tau=0.05|lambda=0.8,learning_curve,Camelyon17-WILDS,10,0.25,1997,1.0,0.05,0.8,vera_balanced_iut,False,,,0.0,False,NA,False,False,True,True
learning_curve|Camelyon17-WILDS|seed=10|fraction=0.25|gamma=1|tau=0.05|lambda=0.8,learning_curve,Camelyon17-WILDS,10,0.25,1997,1.0,0.05,0.8,vera_balanced_envelope,False,,,0.0,False,NA,False,False,True,True
learning_curve|Camelyon17-WILDS|seed=10|fraction=0.25|gamma=1|tau=0.05|lambda=0.8,learning_curve,Camelyon17-WILDS,10,0.25,1997,1.0,0.05,0.8,external_balanced_oracle,False,,,0.0,False,NA,False,False,False,True
learning_curve|Camelyon17-WILDS|seed=10|fraction=0.25|gamma=1|tau=0.1|lambda=0.6,learning_curve,Camelyon17-WILDS,10,0.25,1997,1.0,0.1,0.6,always_deploy_balanced,True,"MANCE++::epsilon=0.05,steps=3",MANCE++,0.0,False,NA,False,True,False,True
learning_curve|Camelyon17-WILDS|seed=10|fraction=0.25|gamma=1|tau=0.1|lambda=0.6,learning_curve,Camelyon17-WILDS,10,0.25,1997,1.0,0.1,0.6,point_selection_balanced,False,,,0.0,False,NA,False,False,False,True
learning_curve|Camelyon17-WILDS|seed=10|fraction=0.25|gamma=1|tau=0.1|lambda=0.6,learning_curve,Camelyon17-WILDS,10,0.25,1997,1.0,0.1,0.6,vera_balanced_iut,False,,,0.0,False,NA,False,False,True,True
learning_curve|Camelyon17-WILDS|seed=10|fraction=0.25|gamma=1|tau=0.1|lambda=0.6,learning_curve,Camelyon17-WILDS,10,0.25,1997,1.0,0.1,0.6,vera_balanced_envelope,False,,,0.0,False,NA,False,False,True,True
learning_curve|Camelyon17-WILDS|seed=10|fraction=0.25|gamma=1|tau=0.1|lambda=0.6,learning_curve,Camelyon17-WILDS,10,0.25,1997,1.0,0.1,0.6,external_balanced_oracle,False,,,0.0,False,NA,False,False,False,True
learning_curve|Camelyon17-WILDS|seed=10|fraction=0.25|gamma=1|tau=0.1|lambda=0.7,learning_curve,Camelyon17-WILDS,10,0.25,1997,1.0,0.1,0.7,always_deploy_balanced,True,"MANCE++::epsilon=0.05,steps=3",MANCE++,0.0,False,NA,False,True,False,True
learning_curve|Camelyon17-WILDS|seed=10|fraction=0.25|gamma=1|tau=0.1|lambda=0.7,learning_curve,Camelyon17-WILDS,10,0.25,1997,1.0,0.1,0.7,point_selection_balanced,False,,,0.0,False,NA,False,False,False,True
learning_curve|Camelyon17-WILDS|seed=10|fraction=0.25|gamma=1|tau=0.1|lambda=0.7,learning_curve,Camelyon17-WILDS,10,0.25,1997,1.0,0.1,0.7,vera_balanced_iut,False,,,0.0,False,NA,False,False,True,True
learning_curve|Camelyon17-WILDS|seed=10|fraction=0.25|gamma=1|tau=0.1|lambda=0.7,learning_curve,Camelyon17-WILDS,10,0.25,1997,1.0,0.1,0.7,vera_balanced_envelope,False,,,0.0,False,NA,False,False,True,True
learning_curve|Camelyon17-WILDS|seed=10|fraction=0.25|gamma=1|tau=0.1|lambda=0.7,learning_curve,Camelyon17-WILDS,10,0.25,1997,1.0,0.1,0.7,external_balanced_oracle,False,,,0.0,False,NA,False,False,False,True
learning_curve|Camelyon17-WILDS|seed=10|fraction=0.25|gamma=1|tau=0.1|lambda=0.8,learning_curve,Camelyon17-WILDS,10,0.25,1997,1.0,0.1,0.8,always_deploy_balanced,True,"MANCE++::epsilon=0.05,steps=3",MANCE++,0.0,False,NA,False,True,False,True
learning_curve|Camelyon17-WILDS|seed=10|fraction=0.25|gamma=1|tau=0.1|lambda=0.8,learning_curve,Camelyon17-WILDS,10,0.25,1997,1.0,0.1,0.8,point_selection_balanced,True,"MANCE++::epsilon=0.05,steps=3",MANCE++,0.0,False,NA,False,True,False,True
learning_curve|Camelyon17-WILDS|seed=10|fraction=0.25|gamma=1|tau=0.1|lambda=0.8,learning_curve,Camelyon17-WILDS,10,0.25,1997,1.0,0.1,0.8,vera_balanced_iut,False,,,0.0,False,NA,False,False,True,True
learning_curve|Camelyon17-WILDS|seed=10|fraction=0.25|gamma=1|tau=0.1|lambda=0.8,learning_curve,Camelyon17-WILDS,10,0.25,1997,1.0,0.1,0.8,vera_balanced_envelope,False,,,0.0,False,NA,False,False,True,True
learning_curve|Camelyon17-WILDS|seed=10|fraction=0.25|gamma=1|tau=0.1|lambda=0.8,learning_curve,Camelyon17-WILDS,10,0.25,1997,1.0,0.1,0.8,external_balanced_oracle,False,,,0.0,False,NA,False,False,False,True
learning_curve|Camelyon17-WILDS|seed=10|fraction=0.25|gamma=1|tau=0.2|lambda=0.6,learning_curve,Camelyon17-WILDS,10,0.25,1997,1.0,0.2,0.6,always_deploy_balanced,True,"MANCE++::epsilon=0.05,steps=3",MANCE++,0.0,False,NA,False,True,False,True
learning_curve|Camelyon17-WILDS|seed=10|fraction=0.25|gamma=1|tau=0.2|lambda=0.6,learning_curve,Camelyon17-WILDS,10,0.25,1997,1.0,0.2,0.6,point_selection_balanced,False,,,0.0,False,NA,False,False,False,True
learning_curve|Camelyon17-WILDS|seed=10|fraction=0.25|gamma=1|tau=0.2|lambda=0.6,learning_curve,Camelyon17-WILDS,10,0.25,1997,1.0,0.2,0.6,vera_balanced_iut,False,,,0.0,False,NA,False,False,True,True
learning_curve|Camelyon17-WILDS|seed=10|fraction=0.25|gamma=1|tau=0.2|lambda=0.6,learning_curve,Camelyon17-WILDS,10,0.25,1997,1.0,0.2,0.6,vera_balanced_envelope,False,,,0.0,False,NA,False,False,True,True
learning_curve|Camelyon17-WILDS|seed=10|fraction=0.25|gamma=1|tau=0.2|lambda=0.6,learning_curve,Camelyon17-WILDS,10,0.25,1997,1.0,0.2,0.6,external_balanced_oracle,False,,,0.0,False,NA,False,False,False,True
learning_curve|Camelyon17-WILDS|seed=10|fraction=0.25|gamma=1|tau=0.2|lambda=0.7,learning_curve,Camelyon17-WILDS,10,0.25,1997,1.0,0.2,0.7,always_deploy_balanced,True,"MANCE++::epsilon=0.05,steps=3",MANCE++,0.0,False,NA,False,True,False,True
learning_curve|Camelyon17-WILDS|seed=10|fraction=0.25|gamma=1|tau=0.2|lambda=0.7,learning_curve,Camelyon17-WILDS,10,0.25,1997,1.0,0.2,0.7,point_selection_balanced,False,,,0.0,False,NA,False,False,False,True
learning_curve|Camelyon17-WILDS|seed=10|fraction=0.25|gamma=1|tau=0.2|lambda=0.7,learning_curve,Camelyon17-WILDS,10,0.25,1997,1.0,0.2,0.7,vera_balanced_iut,False,,,0.0,False,NA,False,False,True,True
learning_curve|Camelyon17-WILDS|seed=10|fraction=0.25|gamma=1|tau=0.2|lambda=0.7,learning_curve,Camelyon17-WILDS,10,0.25,1997,1.0,0.2,0.7,vera_balanced_envelope,False,,,0.0,False,NA,False,False,True,True
learning_curve|Camelyon17-WILDS|seed=10|fraction=0.25|gamma=1|tau=0.2|lambda=0.7,learning_curve,Camelyon17-WILDS,10,0.25,1997,1.0,0.2,0.7,external_balanced_oracle,False,,,0.0,False,NA,False,False,False,True
learning_curve|Camelyon17-WILDS|seed=10|fraction=0.25|gamma=1|tau=0.2|lambda=0.8,learning_curve,Camelyon17-WILDS,10,0.25,1997,1.0,0.2,0.8,always_deploy_balanced,True,"MANCE++::epsilon=0.05,steps=3",MANCE++,0.0,False,NA,False,True,False,True
learning_curve|Camelyon17-WILDS|seed=10|fraction=0.25|gamma=1|tau=0.2|lambda=0.8,learning_curve,Camelyon17-WILDS,10,0.25,1997,1.0,0.2,0.8,point_selection_balanced,True,"MANCE++::epsilon=0.05,steps=3",MANCE++,0.0,False,NA,False,True,False,True
learning_curve|Camelyon17-WILDS|seed=10|fraction=0.25|gamma=1|tau=0.2|lambda=0.8,learning_curve,Camelyon17-WILDS,10,0.25,1997,1.0,0.2,0.8,vera_balanced_iut,False,,,0.0,False,NA,False,False,True,True
learning_curve|Camelyon17-WILDS|seed=10|fraction=0.25|gamma=1|tau=0.2|lambda=0.8,learning_curve,Camelyon17-WILDS,10,0.25,1997,1.0,0.2,0.8,vera_balanced_envelope,False,,,0.0,False,NA,False,False,True,True
learning_curve|Camelyon17-WILDS|seed=10|fraction=0.25|gamma=1|tau=0.2|lambda=0.8,learning_curve,Camelyon17-WILDS,10,0.25,1997,1.0,0.2,0.8,external_balanced_oracle,False,,,0.0,False,NA,False,False,False,True
learning_curve|Camelyon17-WILDS|seed=10|fraction=0.5|gamma=1|tau=0.05|lambda=0.6,learning_curve,Camelyon17-WILDS,10,0.5,3998,1.0,0.05,0.6,always_deploy_balanced,True,"MANCE++::epsilon=0.05,steps=3",MANCE++,0.0,False,NA,False,True,False,True
learning_curve|Camelyon17-WILDS|seed=10|fraction=0.5|gamma=1|tau=0.05|lambda=0.6,learning_curve,Camelyon17-WILDS,10,0.5,3998,1.0,0.05,0.6,point_selection_balanced,False,,,0.0,False,NA,False,False,False,True
learning_curve|Camelyon17-WILDS|seed=10|fraction=0.5|gamma=1|tau=0.05|lambda=0.6,learning_curve,Camelyon17-WILDS,10,0.5,3998,1.0,0.05,0.6,vera_balanced_iut,False,,,0.0,False,NA,False,False,True,True
learning_curve|Camelyon17-WILDS|seed=10|fraction=0.5|gamma=1|tau=0.05|lambda=0.6,learning_curve,Camelyon17-WILDS,10,0.5,3998,1.0,0.05,0.6,vera_balanced_envelope,False,,,0.0,False,NA,False,False,True,True
learning_curve|Camelyon17-WILDS|seed=10|fraction=0.5|gamma=1|tau=0.05|lambda=0.6,learning_curve,Camelyon17-WILDS,10,0.5,3998,1.0,0.05,0.6,external_balanced_oracle,False,,,0.0,False,NA,False,False,False,True
learning_curve|Camelyon17-WILDS|seed=10|fraction=0.5|gamma=1|tau=0.05|lambda=0.7,learning_curve,Camelyon17-WILDS,10,0.5,3998,1.0,0.05,0.7,always_deploy_balanced,True,"MANCE++::epsilon=0.05,steps=3",MANCE++,0.0,False,NA,False,True,False,True
learning_curve|Camelyon17-WILDS|seed=10|fraction=0.5|gamma=1|tau=0.05|lambda=0.7,learning_curve,Camelyon17-WILDS,10,0.5,3998,1.0,0.05,0.7,point_selection_balanced,False,,,0.0,False,NA,False,False,False,True
learning_curve|Camelyon17-WILDS|seed=10|fraction=0.5|gamma=1|tau=0.05|lambda=0.7,learning_curve,Camelyon17-WILDS,10,0.5,3998,1.0,0.05,0.7,vera_balanced_iut,False,,,0.0,False,NA,False,False,True,True
learning_curve|Camelyon17-WILDS|seed=10|fraction=0.5|gamma=1|tau=0.05|lambda=0.7,learning_curve,Camelyon17-WILDS,10,0.5,3998,1.0,0.05,0.7,vera_balanced_envelope,False,,,0.0,False,NA,False,False,True,True
learning_curve|Camelyon17-WILDS|seed=10|fraction=0.5|gamma=1|tau=0.05|lambda=0.7,learning_curve,Camelyon17-WILDS,10,0.5,3998,1.0,0.05,0.7,external_balanced_oracle,False,,,0.0,False,NA,False,False,False,True
learning_curve|Camelyon17-WILDS|seed=10|fraction=0.5|gamma=1|tau=0.05|lambda=0.8,learning_curve,Camelyon17-WILDS,10,0.5,3998,1.0,0.05,0.8,always_deploy_balanced,True,"MANCE++::epsilon=0.05,steps=3",MANCE++,0.0,False,NA,False,True,False,True
learning_curve|Camelyon17-WILDS|seed=10|fraction=0.5|gamma=1|tau=0.05|lambda=0.8,learning_curve,Camelyon17-WILDS,10,0.5,3998,1.0,0.05,0.8,point_selection_balanced,True,"MANCE++::epsilon=0.05,steps=3",MANCE++,0.0,False,NA,False,True,False,True
learning_curve|Camelyon17-WILDS|seed=10|fraction=0.5|gamma=1|tau=0.05|lambda=0.8,learning_curve,Camelyon17-WILDS,10,0.5,3998,1.0,0.05,0.8,vera_balanced_iut,False,,,0.0,False,NA,False,False,True,True
learning_curve|Camelyon17-WILDS|seed=10|fraction=0.5|gamma=1|tau=0.05|lambda=0.8,learning_curve,Camelyon17-WILDS,10,0.5,3998,1.0,0.05,0.8,vera_balanced_envelope,False,,,0.0,False,NA,False,False,True,True
learning_curve|Camelyon17-WILDS|seed=10|fraction=0.5|gamma=1|tau=0.05|lambda=0.8,learning_curve,Camelyon17-WILDS,10,0.5,3998,1.0,0.05,0.8,external_balanced_oracle,False,,,0.0,False,NA,False,False,False,True
learning_curve|Camelyon17-WILDS|seed=10|fraction=0.5|gamma=1|tau=0.1|lambda=0.6,learning_curve,Camelyon17-WILDS,10,0.5,3998,1.0,0.1,0.6,always_deploy_balanced,True,"MANCE++::epsilon=0.05,steps=3",MANCE++,0.0,False,NA,False,True,False,True
learning_curve|Camelyon17-WILDS|seed=10|fraction=0.5|gamma=1|tau=0.1|lambda=0.6,learning_curve,Camelyon17-WILDS,10,0.5,3998,1.0,0.1,0.6,point_selection_balanced,False,,,0.0,False,NA,False,False,False,True
learning_curve|Camelyon17-WILDS|seed=10|fraction=0.5|gamma=1|tau=0.1|lambda=0.6,learning_curve,Camelyon17-WILDS,10,0.5,3998,1.0,0.1,0.6,vera_balanced_iut,False,,,0.0,False,NA,False,False,True,True
learning_curve|Camelyon17-WILDS|seed=10|fraction=0.5|gamma=1|tau=0.1|lambda=0.6,learning_curve,Camelyon17-WILDS,10,0.5,3998,1.0,0.1,0.6,vera_balanced_envelope,False,,,0.0,False,NA,False,False,True,True
learning_curve|Camelyon17-WILDS|seed=10|fraction=0.5|gamma=1|tau=0.1|lambda=0.6,learning_curve,Camelyon17-WILDS,10,0.5,3998,1.0,0.1,0.6,external_balanced_oracle,False,,,0.0,False,NA,False,False,False,True
learning_curve|Camelyon17-WILDS|seed=10|fraction=0.5|gamma=1|tau=0.1|lambda=0.7,learning_curve,Camelyon17-WILDS,10,0.5,3998,1.0,0.1,0.7,always_deploy_balanced,True,"MANCE++::epsilon=0.05,steps=3",MANCE++,0.0,False,NA,False,True,False,True
learning_curve|Camelyon17-WILDS|seed=10|fraction=0.5|gamma=1|tau=0.1|lambda=0.7,learning_curve,Camelyon17-WILDS,10,0.5,3998,1.0,0.1,0.7,point_selection_balanced,False,,,0.0,False,NA,False,False,False,True
learning_curve|Camelyon17-WILDS|seed=10|fraction=0.5|gamma=1|tau=0.1|lambda=0.7,learning_curve,Camelyon17-WILDS,10,0.5,3998,1.0,0.1,0.7,vera_balanced_iut,False,,,0.0,False,NA,False,False,True,True
learning_curve|Camelyon17-WILDS|seed=10|fraction=0.5|gamma=1|tau=0.1|lambda=0.7,learning_curve,Camelyon17-WILDS,10,0.5,3998,1.0,0.1,0.7,vera_balanced_envelope,False,,,0.0,False,NA,False,False,True,True
learning_curve|Camelyon17-WILDS|seed=10|fraction=0.5|gamma=1|tau=0.1|lambda=0.7,learning_curve,Camelyon17-WILDS,10,0.5,3998,1.0,0.1,0.7,external_balanced_oracle,False,,,0.0,False,NA,False,False,False,True
learning_curve|Camelyon17-WILDS|seed=10|fraction=0.5|gamma=1|tau=0.1|lambda=0.8,learning_curve,Camelyon17-WILDS,10,0.5,3998,1.0,0.1,0.8,always_deploy_balanced,True,"MANCE++::epsilon=0.05,steps=3",MANCE++,0.0,False,NA,False,True,False,True
learning_curve|Camelyon17-WILDS|seed=10|fraction=0.5|gamma=1|tau=0.1|lambda=0.8,learning_curve,Camelyon17-WILDS,10,0.5,3998,1.0,0.1,0.8,point_selection_balanced,True,"MANCE++::epsilon=0.05,steps=3",MANCE++,0.0,False,NA,False,True,False,True
learning_curve|Camelyon17-WILDS|seed=10|fraction=0.5|gamma=1|tau=0.1|lambda=0.8,learning_curve,Camelyon17-WILDS,10,0.5,3998,1.0,0.1,0.8,vera_balanced_iut,False,,,0.0,False,NA,False,False,True,True
learning_curve|Camelyon17-WILDS|seed=10|fraction=0.5|gamma=1|tau=0.1|lambda=0.8,learning_curve,Camelyon17-WILDS,10,0.5,3998,1.0,0.1,0.8,vera_balanced_envelope,False,,,0.0,False,NA,False,False,True,True
learning_curve|Camelyon17-WILDS|seed=10|fraction=0.5|gamma=1|tau=0.1|lambda=0.8,learning_curve,Camelyon17-WILDS,10,0.5,3998,1.0,0.1,0.8,external_balanced_oracle,False,,,0.0,False,NA,False,False,False,True
learning_curve|Camelyon17-WILDS|seed=10|fraction=0.5|gamma=1|tau=0.2|lambda=0.6,learning_curve,Camelyon17-WILDS,10,0.5,3998,1.0,0.2,0.6,always_deploy_balanced,True,"MANCE++::epsilon=0.05,steps=3",MANCE++,0.0,False,NA,False,True,False,True
learning_curve|Camelyon17-WILDS|seed=10|fraction=0.5|gamma=1|tau=0.2|lambda=0.6,learning_curve,Camelyon17-WILDS,10,0.5,3998,1.0,0.2,0.6,point_selection_balanced,False,,,0.0,False,NA,False,False,False,True
learning_curve|Camelyon17-WILDS|seed=10|fraction=0.5|gamma=1|tau=0.2|lambda=0.6,learning_curve,Camelyon17-WILDS,10,0.5,3998,1.0,0.2,0.6,vera_balanced_iut,False,,,0.0,False,NA,False,False,True,True
learning_curve|Camelyon17-WILDS|seed=10|fraction=0.5|gamma=1|tau=0.2|lambda=0.6,learning_curve,Camelyon17-WILDS,10,0.5,3998,1.0,0.2,0.6,vera_balanced_envelope,False,,,0.0,False,NA,False,False,True,True
learning_curve|Camelyon17-WILDS|seed=10|fraction=0.5|gamma=1|tau=0.2|lambda=0.6,learning_curve,Camelyon17-WILDS,10,0.5,3998,1.0,0.2,0.6,external_balanced_oracle,False,,,0.0,False,NA,False,False,False,True
learning_curve|Camelyon17-WILDS|seed=10|fraction=0.5|gamma=1|tau=0.2|lambda=0.7,learning_curve,Camelyon17-WILDS,10,0.5,3998,1.0,0.2,0.7,always_deploy_balanced,True,"MANCE++::epsilon=0.05,steps=3",MANCE++,0.0,False,NA,False,True,False,True
learning_curve|Camelyon17-WILDS|seed=10|fraction=0.5|gamma=1|tau=0.2|lambda=0.7,learning_curve,Camelyon17-WILDS,10,0.5,3998,1.0,0.2,0.7,point_selection_balanced,False,,,0.0,False,NA,False,False,False,True
learning_curve|Camelyon17-WILDS|seed=10|fraction=0.5|gamma=1|tau=0.2|lambda=0.7,learning_curve,Camelyon17-WILDS,10,0.5,3998,1.0,0.2,0.7,vera_balanced_iut,False,,,0.0,False,NA,False,False,True,True
learning_curve|Camelyon17-WILDS|seed=10|fraction=0.5|gamma=1|tau=0.2|lambda=0.7,learning_curve,Camelyon17-WILDS,10,0.5,3998,1.0,0.2,0.7,vera_balanced_envelope,False,,,0.0,False,NA,False,False,True,True
learning_curve|Camelyon17-WILDS|seed=10|fraction=0.5|gamma=1|tau=0.2|lambda=0.7,learning_curve,Camelyon17-WILDS,10,0.5,3998,1.0,0.2,0.7,external_balanced_oracle,False,,,0.0,False,NA,False,False,False,True
learning_curve|Camelyon17-WILDS|seed=10|fraction=0.5|gamma=1|tau=0.2|lambda=0.8,learning_curve,Camelyon17-WILDS,10,0.5,3998,1.0,0.2,0.8,always_deploy_balanced,True,"MANCE++::epsilon=0.05,steps=3",MANCE++,0.0,False,NA,False,True,False,True
learning_curve|Camelyon17-WILDS|seed=10|fraction=0.5|gamma=1|tau=0.2|lambda=0.8,learning_curve,Camelyon17-WILDS,10,0.5,3998,1.0,0.2,0.8,point_selection_balanced,True,"MANCE++::epsilon=0.05,steps=3",MANCE++,0.0,False,NA,False,True,False,True
learning_curve|Camelyon17-WILDS|seed=10|fraction=0.5|gamma=1|tau=0.2|lambda=0.8,learning_curve,Camelyon17-WILDS,10,0.5,3998,1.0,0.2,0.8,vera_balanced_iut,False,,,0.0,False,NA,False,False,True,True
learning_curve|Camelyon17-WILDS|seed=10|fraction=0.5|gamma=1|tau=0.2|lambda=0.8,learning_curve,Camelyon17-WILDS,10,0.5,3998,1.0,0.2,0.8,vera_balanced_envelope,False,,,0.0,False,NA,False,False,True,True
learning_curve|Camelyon17-WILDS|seed=10|fraction=0.5|gamma=1|tau=0.2|lambda=0.8,learning_curve,Camelyon17-WILDS,10,0.5,3998,1.0,0.2,0.8,external_balanced_oracle,False,,,0.0,False,NA,False,False,False,True
primary|Camelyon17-WILDS|seed=10|fraction=1|gamma=1|tau=0.05|lambda=0.6,primary,Camelyon17-WILDS,10,1.0,8000,1.0,0.05,0.6,always_deploy_balanced,True,"MANCE++::epsilon=0.05,steps=3",MANCE++,0.0,False,NA,False,True,False,True
primary|Camelyon17-WILDS|seed=10|fraction=1|gamma=1|tau=0.05|lambda=0.6,primary,Camelyon17-WILDS,10,1.0,8000,1.0,0.05,0.6,point_selection_balanced,False,,,0.0,False,NA,False,False,False,True
primary|Camelyon17-WILDS|seed=10|fraction=1|gamma=1|tau=0.05|lambda=0.6,primary,Camelyon17-WILDS,10,1.0,8000,1.0,0.05,0.6,vera_balanced_iut,False,,,0.0,False,NA,False,False,True,True
primary|Camelyon17-WILDS|seed=10|fraction=1|gamma=1|tau=0.05|lambda=0.6,primary,Camelyon17-WILDS,10,1.0,8000,1.0,0.05,0.6,vera_balanced_envelope,False,,,0.0,False,NA,False,False,True,True
primary|Camelyon17-WILDS|seed=10|fraction=1|gamma=1|tau=0.05|lambda=0.6,primary,Camelyon17-WILDS,10,1.0,8000,1.0,0.05,0.6,external_balanced_oracle,False,,,0.0,False,NA,False,False,False,True
primary|Camelyon17-WILDS|seed=10|fraction=1|gamma=1|tau=0.05|lambda=0.7,primary,Camelyon17-WILDS,10,1.0,8000,1.0,0.05,0.7,always_deploy_balanced,True,"MANCE++::epsilon=0.05,steps=3",MANCE++,0.0,False,NA,False,True,False,True
primary|Camelyon17-WILDS|seed=10|fraction=1|gamma=1|tau=0.05|lambda=0.7,primary,Camelyon17-WILDS,10,1.0,8000,1.0,0.05,0.7,point_selection_balanced,False,,,0.0,False,NA,False,False,False,True
primary|Camelyon17-WILDS|seed=10|fraction=1|gamma=1|tau=0.05|lambda=0.7,primary,Camelyon17-WILDS,10,1.0,8000,1.0,0.05,0.7,vera_balanced_iut,False,,,0.0,False,NA,False,False,True,True
primary|Camelyon17-WILDS|seed=10|fraction=1|gamma=1|tau=0.05|lambda=0.7,primary,Camelyon17-WILDS,10,1.0,8000,1.0,0.05,0.7,vera_balanced_envelope,False,,,0.0,False,NA,False,False,True,True
primary|Camelyon17-WILDS|seed=10|fraction=1|gamma=1|tau=0.05|lambda=0.7,primary,Camelyon17-WILDS,10,1.0,8000,1.0,0.05,0.7,external_balanced_oracle,False,,,0.0,False,NA,False,False,False,True
primary|Camelyon17-WILDS|seed=10|fraction=1|gamma=1|tau=0.05|lambda=0.8,primary,Camelyon17-WILDS,10,1.0,8000,1.0,0.05,0.8,always_deploy_balanced,True,"MANCE++::epsilon=0.05,steps=3",MANCE++,0.0,False,NA,False,True,False,True
primary|Camelyon17-WILDS|seed=10|fraction=1|gamma=1|tau=0.05|lambda=0.8,primary,Camelyon17-WILDS,10,1.0,8000,1.0,0.05,0.8,point_selection_balanced,True,"MANCE++::epsilon=0.05,steps=3",MANCE++,0.0,False,NA,False,True,False,True
primary|Camelyon17-WILDS|seed=10|fraction=1|gamma=1|tau=0.05|lambda=0.8,primary,Camelyon17-WILDS,10,1.0,8000,1.0,0.05,0.8,vera_balanced_iut,False,,,0.0,False,NA,False,False,True,True
primary|Camelyon17-WILDS|seed=10|fraction=1|gamma=1|tau=0.05|lambda=0.8,primary,Camelyon17-WILDS,10,1.0,8000,1.0,0.05,0.8,vera_balanced_envelope,False,,,0.0,False,NA,False,False,True,True
primary|Camelyon17-WILDS|seed=10|fraction=1|gamma=1|tau=0.05|lambda=0.8,primary,Camelyon17-WILDS,10,1.0,8000,1.0,0.05,0.8,external_balanced_oracle,False,,,0.0,False,NA,False,False,False,True
primary|Camelyon17-WILDS|seed=10|fraction=1|gamma=1|tau=0.1|lambda=0.6,primary,Camelyon17-WILDS,10,1.0,8000,1.0,0.1,0.6,always_deploy_balanced,True,"MANCE++::epsilon=0.05,steps=3",MANCE++,0.0,False,NA,False,True,False,True
primary|Camelyon17-WILDS|seed=10|fraction=1|gamma=1|tau=0.1|lambda=0.6,primary,Camelyon17-WILDS,10,1.0,8000,1.0,0.1,0.6,point_selection_balanced,False,,,0.0,False,NA,False,False,False,True
primary|Camelyon17-WILDS|seed=10|fraction=1|gamma=1|tau=0.1|lambda=0.6,primary,Camelyon17-WILDS,10,1.0,8000,1.0,0.1,0.6,vera_balanced_iut,False,,,0.0,False,NA,False,False,True,True
primary|Camelyon17-WILDS|seed=10|fraction=1|gamma=1|tau=0.1|lambda=0.6,primary,Camelyon17-WILDS,10,1.0,8000,1.0,0.1,0.6,vera_balanced_envelope,False,,,0.0,False,NA,False,False,True,True
primary|Camelyon17-WILDS|seed=10|fraction=1|gamma=1|tau=0.1|lambda=0.6,primary,Camelyon17-WILDS,10,1.0,8000,1.0,0.1,0.6,external_balanced_oracle,False,,,0.0,False,NA,False,False,False,True
primary|Camelyon17-WILDS|seed=10|fraction=1|gamma=1|tau=0.1|lambda=0.7,primary,Camelyon17-WILDS,10,1.0,8000,1.0,0.1,0.7,always_deploy_balanced,True,"MANCE++::epsilon=0.05,steps=3",MANCE++,0.0,False,NA,False,True,False,True
primary|Camelyon17-WILDS|seed=10|fraction=1|gamma=1|tau=0.1|lambda=0.7,primary,Camelyon17-WILDS,10,1.0,8000,1.0,0.1,0.7,point_selection_balanced,False,,,0.0,False,NA,False,False,False,True
primary|Camelyon17-WILDS|seed=10|fraction=1|gamma=1|tau=0.1|lambda=0.7,primary,Camelyon17-WILDS,10,1.0,8000,1.0,0.1,0.7,vera_balanced_iut,False,,,0.0,False,NA,False,False,True,True
primary|Camelyon17-WILDS|seed=10|fraction=1|gamma=1|tau=0.1|lambda=0.7,primary,Camelyon17-WILDS,10,1.0,8000,1.0,0.1,0.7,vera_balanced_envelope,False,,,0.0,False,NA,False,False,True,True
primary|Camelyon17-WILDS|seed=10|fraction=1|gamma=1|tau=0.1|lambda=0.7,primary,Camelyon17-WILDS,10,1.0,8000,1.0,0.1,0.7,external_balanced_oracle,False,,,0.0,False,NA,False,False,False,True
primary|Camelyon17-WILDS|seed=10|fraction=1|gamma=1|tau=0.1|lambda=0.8,primary,Camelyon17-WILDS,10,1.0,8000,1.0,0.1,0.8,always_deploy_balanced,True,"MANCE++::epsilon=0.05,steps=3",MANCE++,0.0,False,NA,False,True,False,True
primary|Camelyon17-WILDS|seed=10|fraction=1|gamma=1|tau=0.1|lambda=0.8,primary,Camelyon17-WILDS,10,1.0,8000,1.0,0.1,0.8,point_selection_balanced,True,"MANCE++::epsilon=0.05,steps=3",MANCE++,0.0,False,NA,False,True,False,True
primary|Camelyon17-WILDS|seed=10|fraction=1|gamma=1|tau=0.1|lambda=0.8,primary,Camelyon17-WILDS,10,1.0,8000,1.0,0.1,0.8,vera_balanced_iut,False,,,0.0,False,NA,False,False,True,True
primary|Camelyon17-WILDS|seed=10|fraction=1|gamma=1|tau=0.1|lambda=0.8,primary,Camelyon17-WILDS,10,1.0,8000,1.0,0.1,0.8,vera_balanced_envelope,False,,,0.0,False,NA,False,False,True,True
primary|Camelyon17-WILDS|seed=10|fraction=1|gamma=1|tau=0.1|lambda=0.8,primary,Camelyon17-WILDS,10,1.0,8000,1.0,0.1,0.8,external_balanced_oracle,False,,,0.0,False,NA,False,False,False,True
primary|Camelyon17-WILDS|seed=10|fraction=1|gamma=1|tau=0.2|lambda=0.6,primary,Camelyon17-WILDS,10,1.0,8000,1.0,0.2,0.6,always_deploy_balanced,True,"MANCE++::epsilon=0.05,steps=3",MANCE++,0.0,False,NA,False,True,False,True
primary|Camelyon17-WILDS|seed=10|fraction=1|gamma=1|tau=0.2|lambda=0.6,primary,Camelyon17-WILDS,10,1.0,8000,1.0,0.2,0.6,point_selection_balanced,False,,,0.0,False,NA,False,False,False,True
primary|Camelyon17-WILDS|seed=10|fraction=1|gamma=1|tau=0.2|lambda=0.6,primary,Camelyon17-WILDS,10,1.0,8000,1.0,0.2,0.6,vera_balanced_iut,False,,,0.0,False,NA,False,False,True,True
primary|Camelyon17-WILDS|seed=10|fraction=1|gamma=1|tau=0.2|lambda=0.6,primary,Camelyon17-WILDS,10,1.0,8000,1.0,0.2,0.6,vera_balanced_envelope,False,,,0.0,False,NA,False,False,True,True
primary|Camelyon17-WILDS|seed=10|fraction=1|gamma=1|tau=0.2|lambda=0.6,primary,Camelyon17-WILDS,10,1.0,8000,1.0,0.2,0.6,external_balanced_oracle,False,,,0.0,False,NA,False,False,False,True
primary|Camelyon17-WILDS|seed=10|fraction=1|gamma=1|tau=0.2|lambda=0.7,primary,Camelyon17-WILDS,10,1.0,8000,1.0,0.2,0.7,always_deploy_balanced,True,"MANCE++::epsilon=0.05,steps=3",MANCE++,0.0,False,NA,False,True,False,True
primary|Camelyon17-WILDS|seed=10|fraction=1|gamma=1|tau=0.2|lambda=0.7,primary,Camelyon17-WILDS,10,1.0,8000,1.0,0.2,0.7,point_selection_balanced,False,,,0.0,False,NA,False,False,False,True
primary|Camelyon17-WILDS|seed=10|fraction=1|gamma=1|tau=0.2|lambda=0.7,primary,Camelyon17-WILDS,10,1.0,8000,1.0,0.2,0.7,vera_balanced_iut,False,,,0.0,False,NA,False,False,True,True
primary|Camelyon17-WILDS|seed=10|fraction=1|gamma=1|tau=0.2|lambda=0.7,primary,Camelyon17-WILDS,10,1.0,8000,1.0,0.2,0.7,vera_balanced_envelope,False,,,0.0,False,NA,False,False,True,True
primary|Camelyon17-WILDS|seed=10|fraction=1|gamma=1|tau=0.2|lambda=0.7,primary,Camelyon17-WILDS,10,1.0,8000,1.0,0.2,0.7,external_balanced_oracle,False,,,0.0,False,NA,False,False,False,True
primary|Camelyon17-WILDS|seed=10|fraction=1|gamma=1|tau=0.2|lambda=0.8,primary,Camelyon17-WILDS,10,1.0,8000,1.0,0.2,0.8,always_deploy_balanced,True,"MANCE++::epsilon=0.05,steps=3",MANCE++,0.0,False,NA,False,True,False,True
primary|Camelyon17-WILDS|seed=10|fraction=1|gamma=1|tau=0.2|lambda=0.8,primary,Camelyon17-WILDS,10,1.0,8000,1.0,0.2,0.8,point_selection_balanced,True,"MANCE++::epsilon=0.05,steps=3",MANCE++,0.0,False,NA,False,True,False,True
primary|Camelyon17-WILDS|seed=10|fraction=1|gamma=1|tau=0.2|lambda=0.8,primary,Camelyon17-WILDS,10,1.0,8000,1.0,0.2,0.8,vera_balanced_iut,False,,,0.0,False,NA,False,False,True,True
primary|Camelyon17-WILDS|seed=10|fraction=1|gamma=1|tau=0.2|lambda=0.8,primary,Camelyon17-WILDS,10,1.0,8000,1.0,0.2,0.8,vera_balanced_envelope,False,,,0.0,False,NA,False,False,True,True
primary|Camelyon17-WILDS|seed=10|fraction=1|gamma=1|tau=0.2|lambda=0.8,primary,Camelyon17-WILDS,10,1.0,8000,1.0,0.2,0.8,external_balanced_oracle,False,,,0.0,False,NA,False,False,False,True
shifted_sensitivity|Camelyon17-WILDS|seed=10|fraction=1|gamma=1.01|tau=0.05|lambda=0.6,shifted_sensitivity,Camelyon17-WILDS,10,1.0,8000,1.01,0.05,0.6,always_deploy_balanced,True,"MANCE++::epsilon=0.05,steps=3",MANCE++,0.0,False,NA,False,True,False,True
shifted_sensitivity|Camelyon17-WILDS|seed=10|fraction=1|gamma=1.01|tau=0.05|lambda=0.6,shifted_sensitivity,Camelyon17-WILDS,10,1.0,8000,1.01,0.05,0.6,point_selection_balanced,False,,,0.0,False,NA,False,False,False,True
shifted_sensitivity|Camelyon17-WILDS|seed=10|fraction=1|gamma=1.01|tau=0.05|lambda=0.6,shifted_sensitivity,Camelyon17-WILDS,10,1.0,8000,1.01,0.05,0.6,vera_balanced_iut,False,,,0.0,False,NA,False,False,True,True
shifted_sensitivity|Camelyon17-WILDS|seed=10|fraction=1|gamma=1.01|tau=0.05|lambda=0.6,shifted_sensitivity,Camelyon17-WILDS,10,1.0,8000,1.01,0.05,0.6,vera_balanced_envelope,False,,,0.0,False,NA,False,False,True,True
shifted_sensitivity|Camelyon17-WILDS|seed=10|fraction=1|gamma=1.01|tau=0.05|lambda=0.6,shifted_sensitivity,Camelyon17-WILDS,10,1.0,8000,1.01,0.05,0.6,external_balanced_oracle,False,,,0.0,False,NA,False,False,False,True
shifted_sensitivity|Camelyon17-WILDS|seed=10|fraction=1|gamma=1.01|tau=0.05|lambda=0.7,shifted_sensitivity,Camelyon17-WILDS,10,1.0,8000,1.01,0.05,0.7,always_deploy_balanced,True,"MANCE++::epsilon=0.05,steps=3",MANCE++,0.0,False,NA,False,True,False,True
shifted_sensitivity|Camelyon17-WILDS|seed=10|fraction=1|gamma=1.01|tau=0.05|lambda=0.7,shifted_sensitivity,Camelyon17-WILDS,10,1.0,8000,1.01,0.05,0.7,point_selection_balanced,False,,,0.0,False,NA,False,False,False,True
shifted_sensitivity|Camelyon17-WILDS|seed=10|fraction=1|gamma=1.01|tau=0.05|lambda=0.7,shifted_sensitivity,Camelyon17-WILDS,10,1.0,8000,1.01,0.05,0.7,vera_balanced_iut,False,,,0.0,False,NA,False,False,True,True
shifted_sensitivity|Camelyon17-WILDS|seed=10|fraction=1|gamma=1.01|tau=0.05|lambda=0.7,shifted_sensitivity,Camelyon17-WILDS,10,1.0,8000,1.01,0.05,0.7,vera_balanced_envelope,False,,,0.0,False,NA,False,False,True,True
shifted_sensitivity|Camelyon17-WILDS|seed=10|fraction=1|gamma=1.01|tau=0.05|lambda=0.7,shifted_sensitivity,Camelyon17-WILDS,10,1.0,8000,1.01,0.05,0.7,external_balanced_oracle,False,,,0.0,False,NA,False,False,False,True
shifted_sensitivity|Camelyon17-WILDS|seed=10|fraction=1|gamma=1.01|tau=0.05|lambda=0.8,shifted_sensitivity,Camelyon17-WILDS,10,1.0,8000,1.01,0.05,0.8,always_deploy_balanced,True,"MANCE++::epsilon=0.05,steps=3",MANCE++,0.0,False,NA,False,True,False,True
shifted_sensitivity|Camelyon17-WILDS|seed=10|fraction=1|gamma=1.01|tau=0.05|lambda=0.8,shifted_sensitivity,Camelyon17-WILDS,10,1.0,8000,1.01,0.05,0.8,point_selection_balanced,True,"MANCE++::epsilon=0.05,steps=3",MANCE++,0.0,False,NA,False,True,False,True
shifted_sensitivity|Camelyon17-WILDS|seed=10|fraction=1|gamma=1.01|tau=0.05|lambda=0.8,shifted_sensitivity,Camelyon17-WILDS,10,1.0,8000,1.01,0.05,0.8,vera_balanced_iut,False,,,0.0,False,NA,False,False,True,True
shifted_sensitivity|Camelyon17-WILDS|seed=10|fraction=1|gamma=1.01|tau=0.05|lambda=0.8,shifted_sensitivity,Camelyon17-WILDS,10,1.0,8000,1.01,0.05,0.8,vera_balanced_envelope,False,,,0.0,False,NA,False,False,True,True
shifted_sensitivity|Camelyon17-WILDS|seed=10|fraction=1|gamma=1.01|tau=0.05|lambda=0.8,shifted_sensitivity,Camelyon17-WILDS,10,1.0,8000,1.01,0.05,0.8,external_balanced_oracle,False,,,0.0,False,NA,False,False,False,True
shifted_sensitivity|Camelyon17-WILDS|seed=10|fraction=1|gamma=1.01|tau=0.1|lambda=0.6,shifted_sensitivity,Camelyon17-WILDS,10,1.0,8000,1.01,0.1,0.6,always_deploy_balanced,True,"MANCE++::epsilon=0.05,steps=3",MANCE++,0.0,False,NA,False,True,False,True
shifted_sensitivity|Camelyon17-WILDS|seed=10|fraction=1|gamma=1.01|tau=0.1|lambda=0.6,shifted_sensitivity,Camelyon17-WILDS,10,1.0,8000,1.01,0.1,0.6,point_selection_balanced,False,,,0.0,False,NA,False,False,False,True
shifted_sensitivity|Camelyon17-WILDS|seed=10|fraction=1|gamma=1.01|tau=0.1|lambda=0.6,shifted_sensitivity,Camelyon17-WILDS,10,1.0,8000,1.01,0.1,0.6,vera_balanced_iut,False,,,0.0,False,NA,False,False,True,True
shifted_sensitivity|Camelyon17-WILDS|seed=10|fraction=1|gamma=1.01|tau=0.1|lambda=0.6,shifted_sensitivity,Camelyon17-WILDS,10,1.0,8000,1.01,0.1,0.6,vera_balanced_envelope,False,,,0.0,False,NA,False,False,True,True
shifted_sensitivity|Camelyon17-WILDS|seed=10|fraction=1|gamma=1.01|tau=0.1|lambda=0.6,shifted_sensitivity,Camelyon17-WILDS,10,1.0,8000,1.01,0.1,0.6,external_balanced_oracle,False,,,0.0,False,NA,False,False,False,True
shifted_sensitivity|Camelyon17-WILDS|seed=10|fraction=1|gamma=1.01|tau=0.1|lambda=0.7,shifted_sensitivity,Camelyon17-WILDS,10,1.0,8000,1.01,0.1,0.7,always_deploy_balanced,True,"MANCE++::epsilon=0.05,steps=3",MANCE++,0.0,False,NA,False,True,False,True
shifted_sensitivity|Camelyon17-WILDS|seed=10|fraction=1|gamma=1.01|tau=0.1|lambda=0.7,shifted_sensitivity,Camelyon17-WILDS,10,1.0,8000,1.01,0.1,0.7,point_selection_balanced,False,,,0.0,False,NA,False,False,False,True
shifted_sensitivity|Camelyon17-WILDS|seed=10|fraction=1|gamma=1.01|tau=0.1|lambda=0.7,shifted_sensitivity,Camelyon17-WILDS,10,1.0,8000,1.01,0.1,0.7,vera_balanced_iut,False,,,0.0,False,NA,False,False,True,True
shifted_sensitivity|Camelyon17-WILDS|seed=10|fraction=1|gamma=1.01|tau=0.1|lambda=0.7,shifted_sensitivity,Camelyon17-WILDS,10,1.0,8000,1.01,0.1,0.7,vera_balanced_envelope,False,,,0.0,False,NA,False,False,True,True
shifted_sensitivity|Camelyon17-WILDS|seed=10|fraction=1|gamma=1.01|tau=0.1|lambda=0.7,shifted_sensitivity,Camelyon17-WILDS,10,1.0,8000,1.01,0.1,0.7,external_balanced_oracle,False,,,0.0,False,NA,False,False,False,True
shifted_sensitivity|Camelyon17-WILDS|seed=10|fraction=1|gamma=1.01|tau=0.1|lambda=0.8,shifted_sensitivity,Camelyon17-WILDS,10,1.0,8000,1.01,0.1,0.8,always_deploy_balanced,True,"MANCE++::epsilon=0.05,steps=3",MANCE++,0.0,False,NA,False,True,False,True
shifted_sensitivity|Camelyon17-WILDS|seed=10|fraction=1|gamma=1.01|tau=0.1|lambda=0.8,shifted_sensitivity,Camelyon17-WILDS,10,1.0,8000,1.01,0.1,0.8,point_selection_balanced,True,"MANCE++::epsilon=0.05,steps=3",MANCE++,0.0,False,NA,False,True,False,True
shifted_sensitivity|Camelyon17-WILDS|seed=10|fraction=1|gamma=1.01|tau=0.1|lambda=0.8,shifted_sensitivity,Camelyon17-WILDS,10,1.0,8000,1.01,0.1,0.8,vera_balanced_iut,False,,,0.0,False,NA,False,False,True,True
shifted_sensitivity|Camelyon17-WILDS|seed=10|fraction=1|gamma=1.01|tau=0.1|lambda=0.8,shifted_sensitivity,Camelyon17-WILDS,10,1.0,8000,1.01,0.1,0.8,vera_balanced_envelope,False,,,0.0,False,NA,False,False,True,True
shifted_sensitivity|Camelyon17-WILDS|seed=10|fraction=1|gamma=1.01|tau=0.1|lambda=0.8,shifted_sensitivity,Camelyon17-WILDS,10,1.0,8000,1.01,0.1,0.8,external_balanced_oracle,False,,,0.0,False,NA,False,False,False,True
shifted_sensitivity|Camelyon17-WILDS|seed=10|fraction=1|gamma=1.01|tau=0.2|lambda=0.6,shifted_sensitivity,Camelyon17-WILDS,10,1.0,8000,1.01,0.2,0.6,always_deploy_balanced,True,"MANCE++::epsilon=0.05,steps=3",MANCE++,0.0,False,NA,False,True,False,True
shifted_sensitivity|Camelyon17-WILDS|seed=10|fraction=1|gamma=1.01|tau=0.2|lambda=0.6,shifted_sensitivity,Camelyon17-WILDS,10,1.0,8000,1.01,0.2,0.6,point_selection_balanced,False,,,0.0,False,NA,False,False,False,True
shifted_sensitivity|Camelyon17-WILDS|seed=10|fraction=1|gamma=1.01|tau=0.2|lambda=0.6,shifted_sensitivity,Camelyon17-WILDS,10,1.0,8000,1.01,0.2,0.6,vera_balanced_iut,False,,,0.0,False,NA,False,False,True,True
shifted_sensitivity|Camelyon17-WILDS|seed=10|fraction=1|gamma=1.01|tau=0.2|lambda=0.6,shifted_sensitivity,Camelyon17-WILDS,10,1.0,8000,1.01,0.2,0.6,vera_balanced_envelope,False,,,0.0,False,NA,False,False,True,True
shifted_sensitivity|Camelyon17-WILDS|seed=10|fraction=1|gamma=1.01|tau=0.2|lambda=0.6,shifted_sensitivity,Camelyon17-WILDS,10,1.0,8000,1.01,0.2,0.6,external_balanced_oracle,False,,,0.0,False,NA,False,False,False,True
shifted_sensitivity|Camelyon17-WILDS|seed=10|fraction=1|gamma=1.01|tau=0.2|lambda=0.7,shifted_sensitivity,Camelyon17-WILDS,10,1.0,8000,1.01,0.2,0.7,always_deploy_balanced,True,"MANCE++::epsilon=0.05,steps=3",MANCE++,0.0,False,NA,False,True,False,True
shifted_sensitivity|Camelyon17-WILDS|seed=10|fraction=1|gamma=1.01|tau=0.2|lambda=0.7,shifted_sensitivity,Camelyon17-WILDS,10,1.0,8000,1.01,0.2,0.7,point_selection_balanced,False,,,0.0,False,NA,False,False,False,True
shifted_sensitivity|Camelyon17-WILDS|seed=10|fraction=1|gamma=1.01|tau=0.2|lambda=0.7,shifted_sensitivity,Camelyon17-WILDS,10,1.0,8000,1.01,0.2,0.7,vera_balanced_iut,False,,,0.0,False,NA,False,False,True,True
shifted_sensitivity|Camelyon17-WILDS|seed=10|fraction=1|gamma=1.01|tau=0.2|lambda=0.7,shifted_sensitivity,Camelyon17-WILDS,10,1.0,8000,1.01,0.2,0.7,vera_balanced_envelope,False,,,0.0,False,NA,False,False,True,True
shifted_sensitivity|Camelyon17-WILDS|seed=10|fraction=1|gamma=1.01|tau=0.2|lambda=0.7,shifted_sensitivity,Camelyon17-WILDS,10,1.0,8000,1.01,0.2,0.7,external_balanced_oracle,False,,,0.0,False,NA,False,False,False,True
shifted_sensitivity|Camelyon17-WILDS|seed=10|fraction=1|gamma=1.01|tau=0.2|lambda=0.8,shifted_sensitivity,Camelyon17-WILDS,10,1.0,8000,1.01,0.2,0.8,always_deploy_balanced,True,"MANCE++::epsilon=0.05,steps=3",MANCE++,0.0,False,NA,False,True,False,True
shifted_sensitivity|Camelyon17-WILDS|seed=10|fraction=1|gamma=1.01|tau=0.2|lambda=0.8,shifted_sensitivity,Camelyon17-WILDS,10,1.0,8000,1.01,0.2,0.8,point_selection_balanced,True,"MANCE++::epsilon=0.05,steps=3",MANCE++,0.0,False,NA,False,True,False,True
shifted_sensitivity|Camelyon17-WILDS|seed=10|fraction=1|gamma=1.01|tau=0.2|lambda=0.8,shifted_sensitivity,Camelyon17-WILDS,10,1.0,8000,1.01,0.2,0.8,vera_balanced_iut,False,,,0.0,False,NA,False,False,True,True
shifted_sensitivity|Camelyon17-WILDS|seed=10|fraction=1|gamma=1.01|tau=0.2|lambda=0.8,shifted_sensitivity,Camelyon17-WILDS,10,1.0,8000,1.01,0.2,0.8,vera_balanced_envelope,False,,,0.0,False,NA,False,False,True,True
shifted_sensitivity|Camelyon17-WILDS|seed=10|fraction=1|gamma=1.01|tau=0.2|lambda=0.8,shifted_sensitivity,Camelyon17-WILDS,10,1.0,8000,1.01,0.2,0.8,external_balanced_oracle,False,,,0.0,False,NA,False,False,False,True
learning_curve|Camelyon17-WILDS|seed=11|fraction=0.05|gamma=1|tau=0.05|lambda=0.6,learning_curve,Camelyon17-WILDS,11,0.05,395,1.0,0.05,0.6,always_deploy_balanced,True,TaCo::components_removed=5,TaCo,0.0,False,NA,False,True,False,True
learning_curve|Camelyon17-WILDS|seed=11|fraction=0.05|gamma=1|tau=0.05|lambda=0.6,learning_curve,Camelyon17-WILDS,11,0.05,395,1.0,0.05,0.6,point_selection_balanced,False,,,0.0,False,NA,False,False,False,True
learning_curve|Camelyon17-WILDS|seed=11|fraction=0.05|gamma=1|tau=0.05|lambda=0.6,learning_curve,Camelyon17-WILDS,11,0.05,395,1.0,0.05,0.6,vera_balanced_iut,False,,,0.0,False,NA,False,False,True,True
learning_curve|Camelyon17-WILDS|seed=11|fraction=0.05|gamma=1|tau=0.05|lambda=0.6,learning_curve,Camelyon17-WILDS,11,0.05,395,1.0,0.05,0.6,vera_balanced_envelope,False,,,0.0,False,NA,False,False,True,True
learning_curve|Camelyon17-WILDS|seed=11|fraction=0.05|gamma=1|tau=0.05|lambda=0.6,learning_curve,Camelyon17-WILDS,11,0.05,395,1.0,0.05,0.6,external_balanced_oracle,False,,,0.0,False,NA,False,False,False,True
learning_curve|Camelyon17-WILDS|seed=11|fraction=0.05|gamma=1|tau=0.05|lambda=0.7,learning_curve,Camelyon17-WILDS,11,0.05,395,1.0,0.05,0.7,always_deploy_balanced,True,TaCo::components_removed=5,TaCo,0.0,False,NA,False,True,False,True
learning_curve|Camelyon17-WILDS|seed=11|fraction=0.05|gamma=1|tau=0.05|lambda=0.7,learning_curve,Camelyon17-WILDS,11,0.05,395,1.0,0.05,0.7,point_selection_balanced,False,,,0.0,False,NA,False,False,False,True
learning_curve|Camelyon17-WILDS|seed=11|fraction=0.05|gamma=1|tau=0.05|lambda=0.7,learning_curve,Camelyon17-WILDS,11,0.05,395,1.0,0.05,0.7,vera_balanced_iut,False,,,0.0,False,NA,False,False,True,True
learning_curve|Camelyon17-WILDS|seed=11|fraction=0.05|gamma=1|tau=0.05|lambda=0.7,learning_curve,Camelyon17-WILDS,11,0.05,395,1.0,0.05,0.7,vera_balanced_envelope,False,,,0.0,False,NA,False,False,True,True
learning_curve|Camelyon17-WILDS|seed=11|fraction=0.05|gamma=1|tau=0.05|lambda=0.7,learning_curve,Camelyon17-WILDS,11,0.05,395,1.0,0.05,0.7,external_balanced_oracle,False,,,0.0,False,NA,False,False,False,True
learning_curve|Camelyon17-WILDS|seed=11|fraction=0.05|gamma=1|tau=0.05|lambda=0.8,learning_curve,Camelyon17-WILDS,11,0.05,395,1.0,0.05,0.8,always_deploy_balanced,True,TaCo::components_removed=5,TaCo,0.0,False,NA,False,True,False,True
learning_curve|Camelyon17-WILDS|seed=11|fraction=0.05|gamma=1|tau=0.05|lambda=0.8,learning_curve,Camelyon17-WILDS,11,0.05,395,1.0,0.05,0.8,point_selection_balanced,False,,,0.0,False,NA,False,False,False,True
learning_curve|Camelyon17-WILDS|seed=11|fraction=0.05|gamma=1|tau=0.05|lambda=0.8,learning_curve,Camelyon17-WILDS,11,0.05,395,1.0,0.05,0.8,vera_balanced_iut,False,,,0.0,False,NA,False,False,True,True
learning_curve|Camelyon17-WILDS|seed=11|fraction=0.05|gamma=1|tau=0.05|lambda=0.8,learning_curve,Camelyon17-WILDS,11,0.05,395,1.0,0.05,0.8,vera_balanced_envelope,False,,,0.0,False,NA,False,False,True,True
learning_curve|Camelyon17-WILDS|seed=11|fraction=0.05|gamma=1|tau=0.05|lambda=0.8,learning_curve,Camelyon17-WILDS,11,0.05,395,1.0,0.05,0.8,external_balanced_oracle,False,,,0.0,False,NA,False,False,False,True
learning_curve|Camelyon17-WILDS|seed=11|fraction=0.05|gamma=1|tau=0.1|lambda=0.6,learning_curve,Camelyon17-WILDS,11,0.05,395,1.0,0.1,0.6,always_deploy_balanced,True,TaCo::components_removed=5,TaCo,0.0,False,NA,False,True,False,True
learning_curve|Camelyon17-WILDS|seed=11|fraction=0.05|gamma=1|tau=0.1|lambda=0.6,learning_curve,Camelyon17-WILDS,11,0.05,395,1.0,0.1,0.6,point_selection_balanced,False,,,0.0,False,NA,False,False,False,True
learning_curve|Camelyon17-WILDS|seed=11|fraction=0.05|gamma=1|tau=0.1|lambda=0.6,learning_curve,Camelyon17-WILDS,11,0.05,395,1.0,0.1,0.6,vera_balanced_iut,False,,,0.0,False,NA,False,False,True,True
learning_curve|Camelyon17-WILDS|seed=11|fraction=0.05|gamma=1|tau=0.1|lambda=0.6,learning_curve,Camelyon17-WILDS,11,0.05,395,1.0,0.1,0.6,vera_balanced_envelope,False,,,0.0,False,NA,False,False,True,True
learning_curve|Camelyon17-WILDS|seed=11|fraction=0.05|gamma=1|tau=0.1|lambda=0.6,learning_curve,Camelyon17-WILDS,11,0.05,395,1.0,0.1,0.6,external_balanced_oracle,False,,,0.0,False,NA,False,False,False,True
learning_curve|Camelyon17-WILDS|seed=11|fraction=0.05|gamma=1|tau=0.1|lambda=0.7,learning_curve,Camelyon17-WILDS,11,0.05,395,1.0,0.1,0.7,always_deploy_balanced,True,TaCo::components_removed=5,TaCo,0.0,False,NA,False,True,False,True
learning_curve|Camelyon17-WILDS|seed=11|fraction=0.05|gamma=1|tau=0.1|lambda=0.7,learning_curve,Camelyon17-WILDS,11,0.05,395,1.0,0.1,0.7,point_selection_balanced,False,,,0.0,False,NA,False,False,False,True
learning_curve|Camelyon17-WILDS|seed=11|fraction=0.05|gamma=1|tau=0.1|lambda=0.7,learning_curve,Camelyon17-WILDS,11,0.05,395,1.0,0.1,0.7,vera_balanced_iut,False,,,0.0,False,NA,False,False,True,True
learning_curve|Camelyon17-WILDS|seed=11|fraction=0.05|gamma=1|tau=0.1|lambda=0.7,learning_curve,Camelyon17-WILDS,11,0.05,395,1.0,0.1,0.7,vera_balanced_envelope,False,,,0.0,False,NA,False,False,True,True
learning_curve|Camelyon17-WILDS|seed=11|fraction=0.05|gamma=1|tau=0.1|lambda=0.7,learning_curve,Camelyon17-WILDS,11,0.05,395,1.0,0.1,0.7,external_balanced_oracle,False,,,0.0,False,NA,False,False,False,True
learning_curve|Camelyon17-WILDS|seed=11|fraction=0.05|gamma=1|tau=0.1|lambda=0.8,learning_curve,Camelyon17-WILDS,11,0.05,395,1.0,0.1,0.8,always_deploy_balanced,True,TaCo::components_removed=5,TaCo,0.0,False,NA,False,True,False,True
learning_curve|Camelyon17-WILDS|seed=11|fraction=0.05|gamma=1|tau=0.1|lambda=0.8,learning_curve,Camelyon17-WILDS,11,0.05,395,1.0,0.1,0.8,point_selection_balanced,True,TaCo::components_removed=5,TaCo,0.0,False,NA,False,True,False,True
learning_curve|Camelyon17-WILDS|seed=11|fraction=0.05|gamma=1|tau=0.1|lambda=0.8,learning_curve,Camelyon17-WILDS,11,0.05,395,1.0,0.1,0.8,vera_balanced_iut,False,,,0.0,False,NA,False,False,True,True
learning_curve|Camelyon17-WILDS|seed=11|fraction=0.05|gamma=1|tau=0.1|lambda=0.8,learning_curve,Camelyon17-WILDS,11,0.05,395,1.0,0.1,0.8,vera_balanced_envelope,False,,,0.0,False,NA,False,False,True,True
learning_curve|Camelyon17-WILDS|seed=11|fraction=0.05|gamma=1|tau=0.1|lambda=0.8,learning_curve,Camelyon17-WILDS,11,0.05,395,1.0,0.1,0.8,external_balanced_oracle,False,,,0.0,False,NA,False,False,False,True
learning_curve|Camelyon17-WILDS|seed=11|fraction=0.05|gamma=1|tau=0.2|lambda=0.6,learning_curve,Camelyon17-WILDS,11,0.05,395,1.0,0.2,0.6,always_deploy_balanced,True,TaCo::components_removed=5,TaCo,0.0,False,NA,False,True,False,True
learning_curve|Camelyon17-WILDS|seed=11|fraction=0.05|gamma=1|tau=0.2|lambda=0.6,learning_curve,Camelyon17-WILDS,11,0.05,395,1.0,0.2,0.6,point_selection_balanced,False,,,0.0,False,NA,False,False,False,True
learning_curve|Camelyon17-WILDS|seed=11|fraction=0.05|gamma=1|tau=0.2|lambda=0.6,learning_curve,Camelyon17-WILDS,11,0.05,395,1.0,0.2,0.6,vera_balanced_iut,False,,,0.0,False,NA,False,False,True,True
learning_curve|Camelyon17-WILDS|seed=11|fraction=0.05|gamma=1|tau=0.2|lambda=0.6,learning_curve,Camelyon17-WILDS,11,0.05,395,1.0,0.2,0.6,vera_balanced_envelope,False,,,0.0,False,NA,False,False,True,True
learning_curve|Camelyon17-WILDS|seed=11|fraction=0.05|gamma=1|tau=0.2|lambda=0.6,learning_curve,Camelyon17-WILDS,11,0.05,395,1.0,0.2,0.6,external_balanced_oracle,False,,,0.0,False,NA,False,False,False,True
learning_curve|Camelyon17-WILDS|seed=11|fraction=0.05|gamma=1|tau=0.2|lambda=0.7,learning_curve,Camelyon17-WILDS,11,0.05,395,1.0,0.2,0.7,always_deploy_balanced,True,TaCo::components_removed=5,TaCo,0.0,False,NA,False,True,False,True
learning_curve|Camelyon17-WILDS|seed=11|fraction=0.05|gamma=1|tau=0.2|lambda=0.7,learning_curve,Camelyon17-WILDS,11,0.05,395,1.0,0.2,0.7,point_selection_balanced,False,,,0.0,False,NA,False,False,False,True
learning_curve|Camelyon17-WILDS|seed=11|fraction=0.05|gamma=1|tau=0.2|lambda=0.7,learning_curve,Camelyon17-WILDS,11,0.05,395,1.0,0.2,0.7,vera_balanced_iut,False,,,0.0,False,NA,False,False,True,True
learning_curve|Camelyon17-WILDS|seed=11|fraction=0.05|gamma=1|tau=0.2|lambda=0.7,learning_curve,Camelyon17-WILDS,11,0.05,395,1.0,0.2,0.7,vera_balanced_envelope,False,,,0.0,False,NA,False,False,True,True
learning_curve|Camelyon17-WILDS|seed=11|fraction=0.05|gamma=1|tau=0.2|lambda=0.7,learning_curve,Camelyon17-WILDS,11,0.05,395,1.0,0.2,0.7,external_balanced_oracle,False,,,0.0,False,NA,False,False,False,True
learning_curve|Camelyon17-WILDS|seed=11|fraction=0.05|gamma=1|tau=0.2|lambda=0.8,learning_curve,Camelyon17-WILDS,11,0.05,395,1.0,0.2,0.8,always_deploy_balanced,True,TaCo::components_removed=5,TaCo,0.0,False,NA,False,True,False,True
learning_curve|Camelyon17-WILDS|seed=11|fraction=0.05|gamma=1|tau=0.2|lambda=0.8,learning_curve,Camelyon17-WILDS,11,0.05,395,1.0,0.2,0.8,point_selection_balanced,True,TaCo::components_removed=5,TaCo,0.0,False,NA,False,True,False,True
learning_curve|Camelyon17-WILDS|seed=11|fraction=0.05|gamma=1|tau=0.2|lambda=0.8,learning_curve,Camelyon17-WILDS,11,0.05,395,1.0,0.2,0.8,vera_balanced_iut,False,,,0.0,False,NA,False,False,True,True
learning_curve|Camelyon17-WILDS|seed=11|fraction=0.05|gamma=1|tau=0.2|lambda=0.8,learning_curve,Camelyon17-WILDS,11,0.05,395,1.0,0.2,0.8,vera_balanced_envelope,False,,,0.0,False,NA,False,False,True,True
learning_curve|Camelyon17-WILDS|seed=11|fraction=0.05|gamma=1|tau=0.2|lambda=0.8,learning_curve,Camelyon17-WILDS,11,0.05,395,1.0,0.2,0.8,external_balanced_oracle,False,,,0.0,False,NA,False,False,False,True
learning_curve|Camelyon17-WILDS|seed=11|fraction=0.1|gamma=1|tau=0.05|lambda=0.6,learning_curve,Camelyon17-WILDS,11,0.1,796,1.0,0.05,0.6,always_deploy_balanced,True,TaCo::components_removed=5,TaCo,0.0,False,NA,False,True,False,True
learning_curve|Camelyon17-WILDS|seed=11|fraction=0.1|gamma=1|tau=0.05|lambda=0.6,learning_curve,Camelyon17-WILDS,11,0.1,796,1.0,0.05,0.6,point_selection_balanced,False,,,0.0,False,NA,False,False,False,True
learning_curve|Camelyon17-WILDS|seed=11|fraction=0.1|gamma=1|tau=0.05|lambda=0.6,learning_curve,Camelyon17-WILDS,11,0.1,796,1.0,0.05,0.6,vera_balanced_iut,False,,,0.0,False,NA,False,False,True,True
learning_curve|Camelyon17-WILDS|seed=11|fraction=0.1|gamma=1|tau=0.05|lambda=0.6,learning_curve,Camelyon17-WILDS,11,0.1,796,1.0,0.05,0.6,vera_balanced_envelope,False,,,0.0,False,NA,False,False,True,True
learning_curve|Camelyon17-WILDS|seed=11|fraction=0.1|gamma=1|tau=0.05|lambda=0.6,learning_curve,Camelyon17-WILDS,11,0.1,796,1.0,0.05,0.6,external_balanced_oracle,False,,,0.0,False,NA,False,False,False,True
learning_curve|Camelyon17-WILDS|seed=11|fraction=0.1|gamma=1|tau=0.05|lambda=0.7,learning_curve,Camelyon17-WILDS,11,0.1,796,1.0,0.05,0.7,always_deploy_balanced,True,TaCo::components_removed=5,TaCo,0.0,False,NA,False,True,False,True
learning_curve|Camelyon17-WILDS|seed=11|fraction=0.1|gamma=1|tau=0.05|lambda=0.7,learning_curve,Camelyon17-WILDS,11,0.1,796,1.0,0.05,0.7,point_selection_balanced,False,,,0.0,False,NA,False,False,False,True
learning_curve|Camelyon17-WILDS|seed=11|fraction=0.1|gamma=1|tau=0.05|lambda=0.7,learning_curve,Camelyon17-WILDS,11,0.1,796,1.0,0.05,0.7,vera_balanced_iut,False,,,0.0,False,NA,False,False,True,True
learning_curve|Camelyon17-WILDS|seed=11|fraction=0.1|gamma=1|tau=0.05|lambda=0.7,learning_curve,Camelyon17-WILDS,11,0.1,796,1.0,0.05,0.7,vera_balanced_envelope,False,,,0.0,False,NA,False,False,True,True
learning_curve|Camelyon17-WILDS|seed=11|fraction=0.1|gamma=1|tau=0.05|lambda=0.7,learning_curve,Camelyon17-WILDS,11,0.1,796,1.0,0.05,0.7,external_balanced_oracle,False,,,0.0,False,NA,False,False,False,True
learning_curve|Camelyon17-WILDS|seed=11|fraction=0.1|gamma=1|tau=0.05|lambda=0.8,learning_curve,Camelyon17-WILDS,11,0.1,796,1.0,0.05,0.8,always_deploy_balanced,True,TaCo::components_removed=5,TaCo,0.0,False,NA,False,True,False,True
learning_curve|Camelyon17-WILDS|seed=11|fraction=0.1|gamma=1|tau=0.05|lambda=0.8,learning_curve,Camelyon17-WILDS,11,0.1,796,1.0,0.05,0.8,point_selection_balanced,False,,,0.0,False,NA,False,False,False,True
learning_curve|Camelyon17-WILDS|seed=11|fraction=0.1|gamma=1|tau=0.05|lambda=0.8,learning_curve,Camelyon17-WILDS,11,0.1,796,1.0,0.05,0.8,vera_balanced_iut,False,,,0.0,False,NA,False,False,True,True
learning_curve|Camelyon17-WILDS|seed=11|fraction=0.1|gamma=1|tau=0.05|lambda=0.8,learning_curve,Camelyon17-WILDS,11,0.1,796,1.0,0.05,0.8,vera_balanced_envelope,False,,,0.0,False,NA,False,False,True,True
learning_curve|Camelyon17-WILDS|seed=11|fraction=0.1|gamma=1|tau=0.05|lambda=0.8,learning_curve,Camelyon17-WILDS,11,0.1,796,1.0,0.05,0.8,external_balanced_oracle,False,,,0.0,False,NA,False,False,False,True
learning_curve|Camelyon17-WILDS|seed=11|fraction=0.1|gamma=1|tau=0.1|lambda=0.6,learning_curve,Camelyon17-WILDS,11,0.1,796,1.0,0.1,0.6,always_deploy_balanced,True,TaCo::components_removed=5,TaCo,0.0,False,NA,False,True,False,True
learning_curve|Camelyon17-WILDS|seed=11|fraction=0.1|gamma=1|tau=0.1|lambda=0.6,learning_curve,Camelyon17-WILDS,11,0.1,796,1.0,0.1,0.6,point_selection_balanced,False,,,0.0,False,NA,False,False,False,True
learning_curve|Camelyon17-WILDS|seed=11|fraction=0.1|gamma=1|tau=0.1|lambda=0.6,learning_curve,Camelyon17-WILDS,11,0.1,796,1.0,0.1,0.6,vera_balanced_iut,False,,,0.0,False,NA,False,False,True,True
learning_curve|Camelyon17-WILDS|seed=11|fraction=0.1|gamma=1|tau=0.1|lambda=0.6,learning_curve,Camelyon17-WILDS,11,0.1,796,1.0,0.1,0.6,vera_balanced_envelope,False,,,0.0,False,NA,False,False,True,True
learning_curve|Camelyon17-WILDS|seed=11|fraction=0.1|gamma=1|tau=0.1|lambda=0.6,learning_curve,Camelyon17-WILDS,11,0.1,796,1.0,0.1,0.6,external_balanced_oracle,False,,,0.0,False,NA,False,False,False,True
learning_curve|Camelyon17-WILDS|seed=11|fraction=0.1|gamma=1|tau=0.1|lambda=0.7,learning_curve,Camelyon17-WILDS,11,0.1,796,1.0,0.1,0.7,always_deploy_balanced,True,TaCo::components_removed=5,TaCo,0.0,False,NA,False,True,False,True
learning_curve|Camelyon17-WILDS|seed=11|fraction=0.1|gamma=1|tau=0.1|lambda=0.7,learning_curve,Camelyon17-WILDS,11,0.1,796,1.0,0.1,0.7,point_selection_balanced,False,,,0.0,False,NA,False,False,False,True
learning_curve|Camelyon17-WILDS|seed=11|fraction=0.1|gamma=1|tau=0.1|lambda=0.7,learning_curve,Camelyon17-WILDS,11,0.1,796,1.0,0.1,0.7,vera_balanced_iut,False,,,0.0,False,NA,False,False,True,True
learning_curve|Camelyon17-WILDS|seed=11|fraction=0.1|gamma=1|tau=0.1|lambda=0.7,learning_curve,Camelyon17-WILDS,11,0.1,796,1.0,0.1,0.7,vera_balanced_envelope,False,,,0.0,False,NA,False,False,True,True
learning_curve|Camelyon17-WILDS|seed=11|fraction=0.1|gamma=1|tau=0.1|lambda=0.7,learning_curve,Camelyon17-WILDS,11,0.1,796,1.0,0.1,0.7,external_balanced_oracle,False,,,0.0,False,NA,False,False,False,True
learning_curve|Camelyon17-WILDS|seed=11|fraction=0.1|gamma=1|tau=0.1|lambda=0.8,learning_curve,Camelyon17-WILDS,11,0.1,796,1.0,0.1,0.8,always_deploy_balanced,True,TaCo::components_removed=5,TaCo,0.0,False,NA,False,True,False,True
learning_curve|Camelyon17-WILDS|seed=11|fraction=0.1|gamma=1|tau=0.1|lambda=0.8,learning_curve,Camelyon17-WILDS,11,0.1,796,1.0,0.1,0.8,point_selection_balanced,False,,,0.0,False,NA,False,False,False,True
learning_curve|Camelyon17-WILDS|seed=11|fraction=0.1|gamma=1|tau=0.1|lambda=0.8,learning_curve,Camelyon17-WILDS,11,0.1,796,1.0,0.1,0.8,vera_balanced_iut,False,,,0.0,False,NA,False,False,True,True
learning_curve|Camelyon17-WILDS|seed=11|fraction=0.1|gamma=1|tau=0.1|lambda=0.8,learning_curve,Camelyon17-WILDS,11,0.1,796,1.0,0.1,0.8,vera_balanced_envelope,False,,,0.0,False,NA,False,False,True,True
learning_curve|Camelyon17-WILDS|seed=11|fraction=0.1|gamma=1|tau=0.1|lambda=0.8,learning_curve,Camelyon17-WILDS,11,0.1,796,1.0,0.1,0.8,external_balanced_oracle,False,,,0.0,False,NA,False,False,False,True
learning_curve|Camelyon17-WILDS|seed=11|fraction=0.1|gamma=1|tau=0.2|lambda=0.6,learning_curve,Camelyon17-WILDS,11,0.1,796,1.0,0.2,0.6,always_deploy_balanced,True,TaCo::components_removed=5,TaCo,0.0,False,NA,False,True,False,True
learning_curve|Camelyon17-WILDS|seed=11|fraction=0.1|gamma=1|tau=0.2|lambda=0.6,learning_curve,Camelyon17-WILDS,11,0.1,796,1.0,0.2,0.6,point_selection_balanced,False,,,0.0,False,NA,False,False,False,True
learning_curve|Camelyon17-WILDS|seed=11|fraction=0.1|gamma=1|tau=0.2|lambda=0.6,learning_curve,Camelyon17-WILDS,11,0.1,796,1.0,0.2,0.6,vera_balanced_iut,False,,,0.0,False,NA,False,False,True,True
learning_curve|Camelyon17-WILDS|seed=11|fraction=0.1|gamma=1|tau=0.2|lambda=0.6,learning_curve,Camelyon17-WILDS,11,0.1,796,1.0,0.2,0.6,vera_balanced_envelope,False,,,0.0,False,NA,False,False,True,True
learning_curve|Camelyon17-WILDS|seed=11|fraction=0.1|gamma=1|tau=0.2|lambda=0.6,learning_curve,Camelyon17-WILDS,11,0.1,796,1.0,0.2,0.6,external_balanced_oracle,False,,,0.0,False,NA,False,False,False,True
learning_curve|Camelyon17-WILDS|seed=11|fraction=0.1|gamma=1|tau=0.2|lambda=0.7,learning_curve,Camelyon17-WILDS,11,0.1,796,1.0,0.2,0.7,always_deploy_balanced,True,TaCo::components_removed=5,TaCo,0.0,False,NA,False,True,False,True
learning_curve|Camelyon17-WILDS|seed=11|fraction=0.1|gamma=1|tau=0.2|lambda=0.7,learning_curve,Camelyon17-WILDS,11,0.1,796,1.0,0.2,0.7,point_selection_balanced,False,,,0.0,False,NA,False,False,False,True
learning_curve|Camelyon17-WILDS|seed=11|fraction=0.1|gamma=1|tau=0.2|lambda=0.7,learning_curve,Camelyon17-WILDS,11,0.1,796,1.0,0.2,0.7,vera_balanced_iut,False,,,0.0,False,NA,False,False,True,True
learning_curve|Camelyon17-WILDS|seed=11|fraction=0.1|gamma=1|tau=0.2|lambda=0.7,learning_curve,Camelyon17-WILDS,11,0.1,796,1.0,0.2,0.7,vera_balanced_envelope,False,,,0.0,False,NA,False,False,True,True
learning_curve|Camelyon17-WILDS|seed=11|fraction=0.1|gamma=1|tau=0.2|lambda=0.7,learning_curve,Camelyon17-WILDS,11,0.1,796,1.0,0.2,0.7,external_balanced_oracle,False,,,0.0,False,NA,False,False,False,True
learning_curve|Camelyon17-WILDS|seed=11|fraction=0.1|gamma=1|tau=0.2|lambda=0.8,learning_curve,Camelyon17-WILDS,11,0.1,796,1.0,0.2,0.8,always_deploy_balanced,True,TaCo::components_removed=5,TaCo,0.0,False,NA,False,True,False,True
learning_curve|Camelyon17-WILDS|seed=11|fraction=0.1|gamma=1|tau=0.2|lambda=0.8,learning_curve,Camelyon17-WILDS,11,0.1,796,1.0,0.2,0.8,point_selection_balanced,False,,,0.0,False,NA,False,False,False,True
learning_curve|Camelyon17-WILDS|seed=11|fraction=0.1|gamma=1|tau=0.2|lambda=0.8,learning_curve,Camelyon17-WILDS,11,0.1,796,1.0,0.2,0.8,vera_balanced_iut,False,,,0.0,False,NA,False,False,True,True
learning_curve|Camelyon17-WILDS|seed=11|fraction=0.1|gamma=1|tau=0.2|lambda=0.8,learning_curve,Camelyon17-WILDS,11,0.1,796,1.0,0.2,0.8,vera_balanced_envelope,False,,,0.0,False,NA,False,False,True,True
learning_curve|Camelyon17-WILDS|seed=11|fraction=0.1|gamma=1|tau=0.2|lambda=0.8,learning_curve,Camelyon17-WILDS,11,0.1,796,1.0,0.2,0.8,external_balanced_oracle,False,,,0.0,False,NA,False,False,False,True
learning_curve|Camelyon17-WILDS|seed=11|fraction=0.25|gamma=1|tau=0.05|lambda=0.6,learning_curve,Camelyon17-WILDS,11,0.25,1997,1.0,0.05,0.6,always_deploy_balanced,True,"MANCE++::epsilon=0.05,steps=3",MANCE++,0.0,False,NA,False,True,False,True
learning_curve|Camelyon17-WILDS|seed=11|fraction=0.25|gamma=1|tau=0.05|lambda=0.6,learning_curve,Camelyon17-WILDS,11,0.25,1997,1.0,0.05,0.6,point_selection_balanced,False,,,0.0,False,NA,False,False,False,True
learning_curve|Camelyon17-WILDS|seed=11|fraction=0.25|gamma=1|tau=0.05|lambda=0.6,learning_curve,Camelyon17-WILDS,11,0.25,1997,1.0,0.05,0.6,vera_balanced_iut,False,,,0.0,False,NA,False,False,True,True
learning_curve|Camelyon17-WILDS|seed=11|fraction=0.25|gamma=1|tau=0.05|lambda=0.6,learning_curve,Camelyon17-WILDS,11,0.25,1997,1.0,0.05,0.6,vera_balanced_envelope,False,,,0.0,False,NA,False,False,True,True
learning_curve|Camelyon17-WILDS|seed=11|fraction=0.25|gamma=1|tau=0.05|lambda=0.6,learning_curve,Camelyon17-WILDS,11,0.25,1997,1.0,0.05,0.6,external_balanced_oracle,False,,,0.0,False,NA,False,False,False,True
learning_curve|Camelyon17-WILDS|seed=11|fraction=0.25|gamma=1|tau=0.05|lambda=0.7,learning_curve,Camelyon17-WILDS,11,0.25,1997,1.0,0.05,0.7,always_deploy_balanced,True,"MANCE++::epsilon=0.05,steps=3",MANCE++,0.0,False,NA,False,True,False,True
learning_curve|Camelyon17-WILDS|seed=11|fraction=0.25|gamma=1|tau=0.05|lambda=0.7,learning_curve,Camelyon17-WILDS,11,0.25,1997,1.0,0.05,0.7,point_selection_balanced,False,,,0.0,False,NA,False,False,False,True
learning_curve|Camelyon17-WILDS|seed=11|fraction=0.25|gamma=1|tau=0.05|lambda=0.7,learning_curve,Camelyon17-WILDS,11,0.25,1997,1.0,0.05,0.7,vera_balanced_iut,False,,,0.0,False,NA,False,False,True,True
learning_curve|Camelyon17-WILDS|seed=11|fraction=0.25|gamma=1|tau=0.05|lambda=0.7,learning_curve,Camelyon17-WILDS,11,0.25,1997,1.0,0.05,0.7,vera_balanced_envelope,False,,,0.0,False,NA,False,False,True,True
learning_curve|Camelyon17-WILDS|seed=11|fraction=0.25|gamma=1|tau=0.05|lambda=0.7,learning_curve,Camelyon17-WILDS,11,0.25,1997,1.0,0.05,0.7,external_balanced_oracle,False,,,0.0,False,NA,False,False,False,True
learning_curve|Camelyon17-WILDS|seed=11|fraction=0.25|gamma=1|tau=0.05|lambda=0.8,learning_curve,Camelyon17-WILDS,11,0.25,1997,1.0,0.05,0.8,always_deploy_balanced,True,"MANCE++::epsilon=0.05,steps=3",MANCE++,0.0,False,NA,False,True,False,True
learning_curve|Camelyon17-WILDS|seed=11|fraction=0.25|gamma=1|tau=0.05|lambda=0.8,learning_curve,Camelyon17-WILDS,11,0.25,1997,1.0,0.05,0.8,point_selection_balanced,False,,,0.0,False,NA,False,False,False,True
learning_curve|Camelyon17-WILDS|seed=11|fraction=0.25|gamma=1|tau=0.05|lambda=0.8,learning_curve,Camelyon17-WILDS,11,0.25,1997,1.0,0.05,0.8,vera_balanced_iut,False,,,0.0,False,NA,False,False,True,True
learning_curve|Camelyon17-WILDS|seed=11|fraction=0.25|gamma=1|tau=0.05|lambda=0.8,learning_curve,Camelyon17-WILDS,11,0.25,1997,1.0,0.05,0.8,vera_balanced_envelope,False,,,0.0,False,NA,False,False,True,True
learning_curve|Camelyon17-WILDS|seed=11|fraction=0.25|gamma=1|tau=0.05|lambda=0.8,learning_curve,Camelyon17-WILDS,11,0.25,1997,1.0,0.05,0.8,external_balanced_oracle,False,,,0.0,False,NA,False,False,False,True
learning_curve|Camelyon17-WILDS|seed=11|fraction=0.25|gamma=1|tau=0.1|lambda=0.6,learning_curve,Camelyon17-WILDS,11,0.25,1997,1.0,0.1,0.6,always_deploy_balanced,True,"MANCE++::epsilon=0.05,steps=3",MANCE++,0.0,False,NA,False,True,False,True
learning_curve|Camelyon17-WILDS|seed=11|fraction=0.25|gamma=1|tau=0.1|lambda=0.6,learning_curve,Camelyon17-WILDS,11,0.25,1997,1.0,0.1,0.6,point_selection_balanced,False,,,0.0,False,NA,False,False,False,True
learning_curve|Camelyon17-WILDS|seed=11|fraction=0.25|gamma=1|tau=0.1|lambda=0.6,learning_curve,Camelyon17-WILDS,11,0.25,1997,1.0,0.1,0.6,vera_balanced_iut,False,,,0.0,False,NA,False,False,True,True
learning_curve|Camelyon17-WILDS|seed=11|fraction=0.25|gamma=1|tau=0.1|lambda=0.6,learning_curve,Camelyon17-WILDS,11,0.25,1997,1.0,0.1,0.6,vera_balanced_envelope,False,,,0.0,False,NA,False,False,True,True
learning_curve|Camelyon17-WILDS|seed=11|fraction=0.25|gamma=1|tau=0.1|lambda=0.6,learning_curve,Camelyon17-WILDS,11,0.25,1997,1.0,0.1,0.6,external_balanced_oracle,False,,,0.0,False,NA,False,False,False,True
learning_curve|Camelyon17-WILDS|seed=11|fraction=0.25|gamma=1|tau=0.1|lambda=0.7,learning_curve,Camelyon17-WILDS,11,0.25,1997,1.0,0.1,0.7,always_deploy_balanced,True,"MANCE++::epsilon=0.05,steps=3",MANCE++,0.0,False,NA,False,True,False,True
learning_curve|Camelyon17-WILDS|seed=11|fraction=0.25|gamma=1|tau=0.1|lambda=0.7,learning_curve,Camelyon17-WILDS,11,0.25,1997,1.0,0.1,0.7,point_selection_balanced,False,,,0.0,False,NA,False,False,False,True
learning_curve|Camelyon17-WILDS|seed=11|fraction=0.25|gamma=1|tau=0.1|lambda=0.7,learning_curve,Camelyon17-WILDS,11,0.25,1997,1.0,0.1,0.7,vera_balanced_iut,False,,,0.0,False,NA,False,False,True,True
learning_curve|Camelyon17-WILDS|seed=11|fraction=0.25|gamma=1|tau=0.1|lambda=0.7,learning_curve,Camelyon17-WILDS,11,0.25,1997,1.0,0.1,0.7,vera_balanced_envelope,False,,,0.0,False,NA,False,False,True,True
learning_curve|Camelyon17-WILDS|seed=11|fraction=0.25|gamma=1|tau=0.1|lambda=0.7,learning_curve,Camelyon17-WILDS,11,0.25,1997,1.0,0.1,0.7,external_balanced_oracle,False,,,0.0,False,NA,False,False,False,True
learning_curve|Camelyon17-WILDS|seed=11|fraction=0.25|gamma=1|tau=0.1|lambda=0.8,learning_curve,Camelyon17-WILDS,11,0.25,1997,1.0,0.1,0.8,always_deploy_balanced,True,"MANCE++::epsilon=0.05,steps=3",MANCE++,0.0,False,NA,False,True,False,True
learning_curve|Camelyon17-WILDS|seed=11|fraction=0.25|gamma=1|tau=0.1|lambda=0.8,learning_curve,Camelyon17-WILDS,11,0.25,1997,1.0,0.1,0.8,point_selection_balanced,False,,,0.0,False,NA,False,False,False,True
learning_curve|Camelyon17-WILDS|seed=11|fraction=0.25|gamma=1|tau=0.1|lambda=0.8,learning_curve,Camelyon17-WILDS,11,0.25,1997,1.0,0.1,0.8,vera_balanced_iut,False,,,0.0,False,NA,False,False,True,True
learning_curve|Camelyon17-WILDS|seed=11|fraction=0.25|gamma=1|tau=0.1|lambda=0.8,learning_curve,Camelyon17-WILDS,11,0.25,1997,1.0,0.1,0.8,vera_balanced_envelope,False,,,0.0,False,NA,False,False,True,True
learning_curve|Camelyon17-WILDS|seed=11|fraction=0.25|gamma=1|tau=0.1|lambda=0.8,learning_curve,Camelyon17-WILDS,11,0.25,1997,1.0,0.1,0.8,external_balanced_oracle,False,,,0.0,False,NA,False,False,False,True
learning_curve|Camelyon17-WILDS|seed=11|fraction=0.25|gamma=1|tau=0.2|lambda=0.6,learning_curve,Camelyon17-WILDS,11,0.25,1997,1.0,0.2,0.6,always_deploy_balanced,True,"MANCE++::epsilon=0.05,steps=3",MANCE++,0.0,False,NA,False,True,False,True
learning_curve|Camelyon17-WILDS|seed=11|fraction=0.25|gamma=1|tau=0.2|lambda=0.6,learning_curve,Camelyon17-WILDS,11,0.25,1997,1.0,0.2,0.6,point_selection_balanced,False,,,0.0,False,NA,False,False,False,True
learning_curve|Camelyon17-WILDS|seed=11|fraction=0.25|gamma=1|tau=0.2|lambda=0.6,learning_curve,Camelyon17-WILDS,11,0.25,1997,1.0,0.2,0.6,vera_balanced_iut,False,,,0.0,False,NA,False,False,True,True
learning_curve|Camelyon17-WILDS|seed=11|fraction=0.25|gamma=1|tau=0.2|lambda=0.6,learning_curve,Camelyon17-WILDS,11,0.25,1997,1.0,0.2,0.6,vera_balanced_envelope,False,,,0.0,False,NA,False,False,True,True
learning_curve|Camelyon17-WILDS|seed=11|fraction=0.25|gamma=1|tau=0.2|lambda=0.6,learning_curve,Camelyon17-WILDS,11,0.25,1997,1.0,0.2,0.6,external_balanced_oracle,False,,,0.0,False,NA,False,False,False,True
learning_curve|Camelyon17-WILDS|seed=11|fraction=0.25|gamma=1|tau=0.2|lambda=0.7,learning_curve,Camelyon17-WILDS,11,0.25,1997,1.0,0.2,0.7,always_deploy_balanced,True,"MANCE++::epsilon=0.05,steps=3",MANCE++,0.0,False,NA,False,True,False,True
learning_curve|Camelyon17-WILDS|seed=11|fraction=0.25|gamma=1|tau=0.2|lambda=0.7,learning_curve,Camelyon17-WILDS,11,0.25,1997,1.0,0.2,0.7,point_selection_balanced,False,,,0.0,False,NA,False,False,False,True
learning_curve|Camelyon17-WILDS|seed=11|fraction=0.25|gamma=1|tau=0.2|lambda=0.7,learning_curve,Camelyon17-WILDS,11,0.25,1997,1.0,0.2,0.7,vera_balanced_iut,False,,,0.0,False,NA,False,False,True,True
learning_curve|Camelyon17-WILDS|seed=11|fraction=0.25|gamma=1|tau=0.2|lambda=0.7,learning_curve,Camelyon17-WILDS,11,0.25,1997,1.0,0.2,0.7,vera_balanced_envelope,False,,,0.0,False,NA,False,False,True,True
learning_curve|Camelyon17-WILDS|seed=11|fraction=0.25|gamma=1|tau=0.2|lambda=0.7,learning_curve,Camelyon17-WILDS,11,0.25,1997,1.0,0.2,0.7,external_balanced_oracle,False,,,0.0,False,NA,False,False,False,True
learning_curve|Camelyon17-WILDS|seed=11|fraction=0.25|gamma=1|tau=0.2|lambda=0.8,learning_curve,Camelyon17-WILDS,11,0.25,1997,1.0,0.2,0.8,always_deploy_balanced,True,"MANCE++::epsilon=0.05,steps=3",MANCE++,0.0,False,NA,False,True,False,True
learning_curve|Camelyon17-WILDS|seed=11|fraction=0.25|gamma=1|tau=0.2|lambda=0.8,learning_curve,Camelyon17-WILDS,11,0.25,1997,1.0,0.2,0.8,point_selection_balanced,False,,,0.0,False,NA,False,False,False,True
learning_curve|Camelyon17-WILDS|seed=11|fraction=0.25|gamma=1|tau=0.2|lambda=0.8,learning_curve,Camelyon17-WILDS,11,0.25,1997,1.0,0.2,0.8,vera_balanced_iut,False,,,0.0,False,NA,False,False,True,True
learning_curve|Camelyon17-WILDS|seed=11|fraction=0.25|gamma=1|tau=0.2|lambda=0.8,learning_curve,Camelyon17-WILDS,11,0.25,1997,1.0,0.2,0.8,vera_balanced_envelope,False,,,0.0,False,NA,False,False,True,True
learning_curve|Camelyon17-WILDS|seed=11|fraction=0.25|gamma=1|tau=0.2|lambda=0.8,learning_curve,Camelyon17-WILDS,11,0.25,1997,1.0,0.2,0.8,external_balanced_oracle,False,,,0.0,False,NA,False,False,False,True
learning_curve|Camelyon17-WILDS|seed=11|fraction=0.5|gamma=1|tau=0.05|lambda=0.6,learning_curve,Camelyon17-WILDS,11,0.5,3998,1.0,0.05,0.6,always_deploy_balanced,True,"MANCE++::epsilon=0.05,steps=3",MANCE++,0.0,False,NA,False,True,False,True
learning_curve|Camelyon17-WILDS|seed=11|fraction=0.5|gamma=1|tau=0.05|lambda=0.6,learning_curve,Camelyon17-WILDS,11,0.5,3998,1.0,0.05,0.6,point_selection_balanced,False,,,0.0,False,NA,False,False,False,True
learning_curve|Camelyon17-WILDS|seed=11|fraction=0.5|gamma=1|tau=0.05|lambda=0.6,learning_curve,Camelyon17-WILDS,11,0.5,3998,1.0,0.05,0.6,vera_balanced_iut,False,,,0.0,False,NA,False,False,True,True
learning_curve|Camelyon17-WILDS|seed=11|fraction=0.5|gamma=1|tau=0.05|lambda=0.6,learning_curve,Camelyon17-WILDS,11,0.5,3998,1.0,0.05,0.6,vera_balanced_envelope,False,,,0.0,False,NA,False,False,True,True
learning_curve|Camelyon17-WILDS|seed=11|fraction=0.5|gamma=1|tau=0.05|lambda=0.6,learning_curve,Camelyon17-WILDS,11,0.5,3998,1.0,0.05,0.6,external_balanced_oracle,False,,,0.0,False,NA,False,False,False,True
learning_curve|Camelyon17-WILDS|seed=11|fraction=0.5|gamma=1|tau=0.05|lambda=0.7,learning_curve,Camelyon17-WILDS,11,0.5,3998,1.0,0.05,0.7,always_deploy_balanced,True,"MANCE++::epsilon=0.05,steps=3",MANCE++,0.0,False,NA,False,True,False,True
learning_curve|Camelyon17-WILDS|seed=11|fraction=0.5|gamma=1|tau=0.05|lambda=0.7,learning_curve,Camelyon17-WILDS,11,0.5,3998,1.0,0.05,0.7,point_selection_balanced,False,,,0.0,False,NA,False,False,False,True
learning_curve|Camelyon17-WILDS|seed=11|fraction=0.5|gamma=1|tau=0.05|lambda=0.7,learning_curve,Camelyon17-WILDS,11,0.5,3998,1.0,0.05,0.7,vera_balanced_iut,False,,,0.0,False,NA,False,False,True,True
learning_curve|Camelyon17-WILDS|seed=11|fraction=0.5|gamma=1|tau=0.05|lambda=0.7,learning_curve,Camelyon17-WILDS,11,0.5,3998,1.0,0.05,0.7,vera_balanced_envelope,False,,,0.0,False,NA,False,False,True,True
learning_curve|Camelyon17-WILDS|seed=11|fraction=0.5|gamma=1|tau=0.05|lambda=0.7,learning_curve,Camelyon17-WILDS,11,0.5,3998,1.0,0.05,0.7,external_balanced_oracle,False,,,0.0,False,NA,False,False,False,True
learning_curve|Camelyon17-WILDS|seed=11|fraction=0.5|gamma=1|tau=0.05|lambda=0.8,learning_curve,Camelyon17-WILDS,11,0.5,3998,1.0,0.05,0.8,always_deploy_balanced,True,"MANCE++::epsilon=0.05,steps=3",MANCE++,0.0,False,NA,False,True,False,True
learning_curve|Camelyon17-WILDS|seed=11|fraction=0.5|gamma=1|tau=0.05|lambda=0.8,learning_curve,Camelyon17-WILDS,11,0.5,3998,1.0,0.05,0.8,point_selection_balanced,True,"MANCE++::epsilon=0.05,steps=3",MANCE++,0.0,False,NA,False,True,False,True
learning_curve|Camelyon17-WILDS|seed=11|fraction=0.5|gamma=1|tau=0.05|lambda=0.8,learning_curve,Camelyon17-WILDS,11,0.5,3998,1.0,0.05,0.8,vera_balanced_iut,False,,,0.0,False,NA,False,False,True,True
learning_curve|Camelyon17-WILDS|seed=11|fraction=0.5|gamma=1|tau=0.05|lambda=0.8,learning_curve,Camelyon17-WILDS,11,0.5,3998,1.0,0.05,0.8,vera_balanced_envelope,False,,,0.0,False,NA,False,False,True,True
learning_curve|Camelyon17-WILDS|seed=11|fraction=0.5|gamma=1|tau=0.05|lambda=0.8,learning_curve,Camelyon17-WILDS,11,0.5,3998,1.0,0.05,0.8,external_balanced_oracle,False,,,0.0,False,NA,False,False,False,True
learning_curve|Camelyon17-WILDS|seed=11|fraction=0.5|gamma=1|tau=0.1|lambda=0.6,learning_curve,Camelyon17-WILDS,11,0.5,3998,1.0,0.1,0.6,always_deploy_balanced,True,"MANCE++::epsilon=0.05,steps=3",MANCE++,0.0,False,NA,False,True,False,True
learning_curve|Camelyon17-WILDS|seed=11|fraction=0.5|gamma=1|tau=0.1|lambda=0.6,learning_curve,Camelyon17-WILDS,11,0.5,3998,1.0,0.1,0.6,point_selection_balanced,False,,,0.0,False,NA,False,False,False,True
learning_curve|Camelyon17-WILDS|seed=11|fraction=0.5|gamma=1|tau=0.1|lambda=0.6,learning_curve,Camelyon17-WILDS,11,0.5,3998,1.0,0.1,0.6,vera_balanced_iut,False,,,0.0,False,NA,False,False,True,True
learning_curve|Camelyon17-WILDS|seed=11|fraction=0.5|gamma=1|tau=0.1|lambda=0.6,learning_curve,Camelyon17-WILDS,11,0.5,3998,1.0,0.1,0.6,vera_balanced_envelope,False,,,0.0,False,NA,False,False,True,True
learning_curve|Camelyon17-WILDS|seed=11|fraction=0.5|gamma=1|tau=0.1|lambda=0.6,learning_curve,Camelyon17-WILDS,11,0.5,3998,1.0,0.1,0.6,external_balanced_oracle,False,,,0.0,False,NA,False,False,False,True
learning_curve|Camelyon17-WILDS|seed=11|fraction=0.5|gamma=1|tau=0.1|lambda=0.7,learning_curve,Camelyon17-WILDS,11,0.5,3998,1.0,0.1,0.7,always_deploy_balanced,True,"MANCE++::epsilon=0.05,steps=3",MANCE++,0.0,False,NA,False,True,False,True
learning_curve|Camelyon17-WILDS|seed=11|fraction=0.5|gamma=1|tau=0.1|lambda=0.7,learning_curve,Camelyon17-WILDS,11,0.5,3998,1.0,0.1,0.7,point_selection_balanced,False,,,0.0,False,NA,False,False,False,True
learning_curve|Camelyon17-WILDS|seed=11|fraction=0.5|gamma=1|tau=0.1|lambda=0.7,learning_curve,Camelyon17-WILDS,11,0.5,3998,1.0,0.1,0.7,vera_balanced_iut,False,,,0.0,False,NA,False,False,True,True
learning_curve|Camelyon17-WILDS|seed=11|fraction=0.5|gamma=1|tau=0.1|lambda=0.7,learning_curve,Camelyon17-WILDS,11,0.5,3998,1.0,0.1,0.7,vera_balanced_envelope,False,,,0.0,False,NA,False,False,True,True
learning_curve|Camelyon17-WILDS|seed=11|fraction=0.5|gamma=1|tau=0.1|lambda=0.7,learning_curve,Camelyon17-WILDS,11,0.5,3998,1.0,0.1,0.7,external_balanced_oracle,False,,,0.0,False,NA,False,False,False,True
learning_curve|Camelyon17-WILDS|seed=11|fraction=0.5|gamma=1|tau=0.1|lambda=0.8,learning_curve,Camelyon17-WILDS,11,0.5,3998,1.0,0.1,0.8,always_deploy_balanced,True,"MANCE++::epsilon=0.05,steps=3",MANCE++,0.0,False,NA,False,True,False,True
learning_curve|Camelyon17-WILDS|seed=11|fraction=0.5|gamma=1|tau=0.1|lambda=0.8,learning_curve,Camelyon17-WILDS,11,0.5,3998,1.0,0.1,0.8,point_selection_balanced,True,"MANCE++::epsilon=0.05,steps=3",MANCE++,0.0,False,NA,False,True,False,True
learning_curve|Camelyon17-WILDS|seed=11|fraction=0.5|gamma=1|tau=0.1|lambda=0.8,learning_curve,Camelyon17-WILDS,11,0.5,3998,1.0,0.1,0.8,vera_balanced_iut,False,,,0.0,False,NA,False,False,True,True
learning_curve|Camelyon17-WILDS|seed=11|fraction=0.5|gamma=1|tau=0.1|lambda=0.8,learning_curve,Camelyon17-WILDS,11,0.5,3998,1.0,0.1,0.8,vera_balanced_envelope,False,,,0.0,False,NA,False,False,True,True
learning_curve|Camelyon17-WILDS|seed=11|fraction=0.5|gamma=1|tau=0.1|lambda=0.8,learning_curve,Camelyon17-WILDS,11,0.5,3998,1.0,0.1,0.8,external_balanced_oracle,False,,,0.0,False,NA,False,False,False,True
learning_curve|Camelyon17-WILDS|seed=11|fraction=0.5|gamma=1|tau=0.2|lambda=0.6,learning_curve,Camelyon17-WILDS,11,0.5,3998,1.0,0.2,0.6,always_deploy_balanced,True,"MANCE++::epsilon=0.05,steps=3",MANCE++,0.0,False,NA,False,True,False,True
learning_curve|Camelyon17-WILDS|seed=11|fraction=0.5|gamma=1|tau=0.2|lambda=0.6,learning_curve,Camelyon17-WILDS,11,0.5,3998,1.0,0.2,0.6,point_selection_balanced,False,,,0.0,False,NA,False,False,False,True
learning_curve|Camelyon17-WILDS|seed=11|fraction=0.5|gamma=1|tau=0.2|lambda=0.6,learning_curve,Camelyon17-WILDS,11,0.5,3998,1.0,0.2,0.6,vera_balanced_iut,False,,,0.0,False,NA,False,False,True,True
learning_curve|Camelyon17-WILDS|seed=11|fraction=0.5|gamma=1|tau=0.2|lambda=0.6,learning_curve,Camelyon17-WILDS,11,0.5,3998,1.0,0.2,0.6,vera_balanced_envelope,False,,,0.0,False,NA,False,False,True,True
learning_curve|Camelyon17-WILDS|seed=11|fraction=0.5|gamma=1|tau=0.2|lambda=0.6,learning_curve,Camelyon17-WILDS,11,0.5,3998,1.0,0.2,0.6,external_balanced_oracle,False,,,0.0,False,NA,False,False,False,True
learning_curve|Camelyon17-WILDS|seed=11|fraction=0.5|gamma=1|tau=0.2|lambda=0.7,learning_curve,Camelyon17-WILDS,11,0.5,3998,1.0,0.2,0.7,always_deploy_balanced,True,"MANCE++::epsilon=0.05,steps=3",MANCE++,0.0,False,NA,False,True,False,True
learning_curve|Camelyon17-WILDS|seed=11|fraction=0.5|gamma=1|tau=0.2|lambda=0.7,learning_curve,Camelyon17-WILDS,11,0.5,3998,1.0,0.2,0.7,point_selection_balanced,False,,,0.0,False,NA,False,False,False,True
learning_curve|Camelyon17-WILDS|seed=11|fraction=0.5|gamma=1|tau=0.2|lambda=0.7,learning_curve,Camelyon17-WILDS,11,0.5,3998,1.0,0.2,0.7,vera_balanced_iut,False,,,0.0,False,NA,False,False,True,True
learning_curve|Camelyon17-WILDS|seed=11|fraction=0.5|gamma=1|tau=0.2|lambda=0.7,learning_curve,Camelyon17-WILDS,11,0.5,3998,1.0,0.2,0.7,vera_balanced_envelope,False,,,0.0,False,NA,False,False,True,True
learning_curve|Camelyon17-WILDS|seed=11|fraction=0.5|gamma=1|tau=0.2|lambda=0.7,learning_curve,Camelyon17-WILDS,11,0.5,3998,1.0,0.2,0.7,external_balanced_oracle,False,,,0.0,False,NA,False,False,False,True
learning_curve|Camelyon17-WILDS|seed=11|fraction=0.5|gamma=1|tau=0.2|lambda=0.8,learning_curve,Camelyon17-WILDS,11,0.5,3998,1.0,0.2,0.8,always_deploy_balanced,True,"MANCE++::epsilon=0.05,steps=3",MANCE++,0.0,False,NA,False,True,False,True
learning_curve|Camelyon17-WILDS|seed=11|fraction=0.5|gamma=1|tau=0.2|lambda=0.8,learning_curve,Camelyon17-WILDS,11,0.5,3998,1.0,0.2,0.8,point_selection_balanced,True,"MANCE++::epsilon=0.05,steps=3",MANCE++,0.0,False,NA,False,True,False,True
learning_curve|Camelyon17-WILDS|seed=11|fraction=0.5|gamma=1|tau=0.2|lambda=0.8,learning_curve,Camelyon17-WILDS,11,0.5,3998,1.0,0.2,0.8,vera_balanced_iut,False,,,0.0,False,NA,False,False,True,True
learning_curve|Camelyon17-WILDS|seed=11|fraction=0.5|gamma=1|tau=0.2|lambda=0.8,learning_curve,Camelyon17-WILDS,11,0.5,3998,1.0,0.2,0.8,vera_balanced_envelope,False,,,0.0,False,NA,False,False,True,True
learning_curve|Camelyon17-WILDS|seed=11|fraction=0.5|gamma=1|tau=0.2|lambda=0.8,learning_curve,Camelyon17-WILDS,11,0.5,3998,1.0,0.2,0.8,external_balanced_oracle,False,,,0.0,False,NA,False,False,False,True
primary|Camelyon17-WILDS|seed=11|fraction=1|gamma=1|tau=0.05|lambda=0.6,primary,Camelyon17-WILDS,11,1.0,8000,1.0,0.05,0.6,always_deploy_balanced,True,"MANCE++::epsilon=0.05,steps=3",MANCE++,0.0,False,NA,False,True,False,True
primary|Camelyon17-WILDS|seed=11|fraction=1|gamma=1|tau=0.05|lambda=0.6,primary,Camelyon17-WILDS,11,1.0,8000,1.0,0.05,0.6,point_selection_balanced,False,,,0.0,False,NA,False,False,False,True
primary|Camelyon17-WILDS|seed=11|fraction=1|gamma=1|tau=0.05|lambda=0.6,primary,Camelyon17-WILDS,11,1.0,8000,1.0,0.05,0.6,vera_balanced_iut,False,,,0.0,False,NA,False,False,True,True
primary|Camelyon17-WILDS|seed=11|fraction=1|gamma=1|tau=0.05|lambda=0.6,primary,Camelyon17-WILDS,11,1.0,8000,1.0,0.05,0.6,vera_balanced_envelope,False,,,0.0,False,NA,False,False,True,True
primary|Camelyon17-WILDS|seed=11|fraction=1|gamma=1|tau=0.05|lambda=0.6,primary,Camelyon17-WILDS,11,1.0,8000,1.0,0.05,0.6,external_balanced_oracle,False,,,0.0,False,NA,False,False,False,True
primary|Camelyon17-WILDS|seed=11|fraction=1|gamma=1|tau=0.05|lambda=0.7,primary,Camelyon17-WILDS,11,1.0,8000,1.0,0.05,0.7,always_deploy_balanced,True,"MANCE++::epsilon=0.05,steps=3",MANCE++,0.0,False,NA,False,True,False,True
primary|Camelyon17-WILDS|seed=11|fraction=1|gamma=1|tau=0.05|lambda=0.7,primary,Camelyon17-WILDS,11,1.0,8000,1.0,0.05,0.7,point_selection_balanced,False,,,0.0,False,NA,False,False,False,True
primary|Camelyon17-WILDS|seed=11|fraction=1|gamma=1|tau=0.05|lambda=0.7,primary,Camelyon17-WILDS,11,1.0,8000,1.0,0.05,0.7,vera_balanced_iut,False,,,0.0,False,NA,False,False,True,True
primary|Camelyon17-WILDS|seed=11|fraction=1|gamma=1|tau=0.05|lambda=0.7,primary,Camelyon17-WILDS,11,1.0,8000,1.0,0.05,0.7,vera_balanced_envelope,False,,,0.0,False,NA,False,False,True,True
primary|Camelyon17-WILDS|seed=11|fraction=1|gamma=1|tau=0.05|lambda=0.7,primary,Camelyon17-WILDS,11,1.0,8000,1.0,0.05,0.7,external_balanced_oracle,False,,,0.0,False,NA,False,False,False,True
primary|Camelyon17-WILDS|seed=11|fraction=1|gamma=1|tau=0.05|lambda=0.8,primary,Camelyon17-WILDS,11,1.0,8000,1.0,0.05,0.8,always_deploy_balanced,True,"MANCE++::epsilon=0.05,steps=3",MANCE++,0.0,False,NA,False,True,False,True
primary|Camelyon17-WILDS|seed=11|fraction=1|gamma=1|tau=0.05|lambda=0.8,primary,Camelyon17-WILDS,11,1.0,8000,1.0,0.05,0.8,point_selection_balanced,True,"MANCE++::epsilon=0.05,steps=3",MANCE++,0.0,False,NA,False,True,False,True
primary|Camelyon17-WILDS|seed=11|fraction=1|gamma=1|tau=0.05|lambda=0.8,primary,Camelyon17-WILDS,11,1.0,8000,1.0,0.05,0.8,vera_balanced_iut,False,,,0.0,False,NA,False,False,True,True
primary|Camelyon17-WILDS|seed=11|fraction=1|gamma=1|tau=0.05|lambda=0.8,primary,Camelyon17-WILDS,11,1.0,8000,1.0,0.05,0.8,vera_balanced_envelope,False,,,0.0,False,NA,False,False,True,True
primary|Camelyon17-WILDS|seed=11|fraction=1|gamma=1|tau=0.05|lambda=0.8,primary,Camelyon17-WILDS,11,1.0,8000,1.0,0.05,0.8,external_balanced_oracle,False,,,0.0,False,NA,False,False,False,True
primary|Camelyon17-WILDS|seed=11|fraction=1|gamma=1|tau=0.1|lambda=0.6,primary,Camelyon17-WILDS,11,1.0,8000,1.0,0.1,0.6,always_deploy_balanced,True,"MANCE++::epsilon=0.05,steps=3",MANCE++,0.0,False,NA,False,True,False,True
primary|Camelyon17-WILDS|seed=11|fraction=1|gamma=1|tau=0.1|lambda=0.6,primary,Camelyon17-WILDS,11,1.0,8000,1.0,0.1,0.6,point_selection_balanced,False,,,0.0,False,NA,False,False,False,True
primary|Camelyon17-WILDS|seed=11|fraction=1|gamma=1|tau=0.1|lambda=0.6,primary,Camelyon17-WILDS,11,1.0,8000,1.0,0.1,0.6,vera_balanced_iut,False,,,0.0,False,NA,False,False,True,True
primary|Camelyon17-WILDS|seed=11|fraction=1|gamma=1|tau=0.1|lambda=0.6,primary,Camelyon17-WILDS,11,1.0,8000,1.0,0.1,0.6,vera_balanced_envelope,False,,,0.0,False,NA,False,False,True,True
primary|Camelyon17-WILDS|seed=11|fraction=1|gamma=1|tau=0.1|lambda=0.6,primary,Camelyon17-WILDS,11,1.0,8000,1.0,0.1,0.6,external_balanced_oracle,False,,,0.0,False,NA,False,False,False,True
primary|Camelyon17-WILDS|seed=11|fraction=1|gamma=1|tau=0.1|lambda=0.7,primary,Camelyon17-WILDS,11,1.0,8000,1.0,0.1,0.7,always_deploy_balanced,True,"MANCE++::epsilon=0.05,steps=3",MANCE++,0.0,False,NA,False,True,False,True
primary|Camelyon17-WILDS|seed=11|fraction=1|gamma=1|tau=0.1|lambda=0.7,primary,Camelyon17-WILDS,11,1.0,8000,1.0,0.1,0.7,point_selection_balanced,False,,,0.0,False,NA,False,False,False,True
primary|Camelyon17-WILDS|seed=11|fraction=1|gamma=1|tau=0.1|lambda=0.7,primary,Camelyon17-WILDS,11,1.0,8000,1.0,0.1,0.7,vera_balanced_iut,False,,,0.0,False,NA,False,False,True,True
primary|Camelyon17-WILDS|seed=11|fraction=1|gamma=1|tau=0.1|lambda=0.7,primary,Camelyon17-WILDS,11,1.0,8000,1.0,0.1,0.7,vera_balanced_envelope,False,,,0.0,False,NA,False,False,True,True
primary|Camelyon17-WILDS|seed=11|fraction=1|gamma=1|tau=0.1|lambda=0.7,primary,Camelyon17-WILDS,11,1.0,8000,1.0,0.1,0.7,external_balanced_oracle,False,,,0.0,False,NA,False,False,False,True
primary|Camelyon17-WILDS|seed=11|fraction=1|gamma=1|tau=0.1|lambda=0.8,primary,Camelyon17-WILDS,11,1.0,8000,1.0,0.1,0.8,always_deploy_balanced,True,"MANCE++::epsilon=0.05,steps=3",MANCE++,0.0,False,NA,False,True,False,True
primary|Camelyon17-WILDS|seed=11|fraction=1|gamma=1|tau=0.1|lambda=0.8,primary,Camelyon17-WILDS,11,1.0,8000,1.0,0.1,0.8,point_selection_balanced,True,"MANCE++::epsilon=0.05,steps=3",MANCE++,0.0,False,NA,False,True,False,True
primary|Camelyon17-WILDS|seed=11|fraction=1|gamma=1|tau=0.1|lambda=0.8,primary,Camelyon17-WILDS,11,1.0,8000,1.0,0.1,0.8,vera_balanced_iut,False,,,0.0,False,NA,False,False,True,True
primary|Camelyon17-WILDS|seed=11|fraction=1|gamma=1|tau=0.1|lambda=0.8,primary,Camelyon17-WILDS,11,1.0,8000,1.0,0.1,0.8,vera_balanced_envelope,False,,,0.0,False,NA,False,False,True,True
primary|Camelyon17-WILDS|seed=11|fraction=1|gamma=1|tau=0.1|lambda=0.8,primary,Camelyon17-WILDS,11,1.0,8000,1.0,0.1,0.8,external_balanced_oracle,False,,,0.0,False,NA,False,False,False,True
primary|Camelyon17-WILDS|seed=11|fraction=1|gamma=1|tau=0.2|lambda=0.6,primary,Camelyon17-WILDS,11,1.0,8000,1.0,0.2,0.6,always_deploy_balanced,True,"MANCE++::epsilon=0.05,steps=3",MANCE++,0.0,False,NA,False,True,False,True
primary|Camelyon17-WILDS|seed=11|fraction=1|gamma=1|tau=0.2|lambda=0.6,primary,Camelyon17-WILDS,11,1.0,8000,1.0,0.2,0.6,point_selection_balanced,False,,,0.0,False,NA,False,False,False,True
primary|Camelyon17-WILDS|seed=11|fraction=1|gamma=1|tau=0.2|lambda=0.6,primary,Camelyon17-WILDS,11,1.0,8000,1.0,0.2,0.6,vera_balanced_iut,False,,,0.0,False,NA,False,False,True,True
primary|Camelyon17-WILDS|seed=11|fraction=1|gamma=1|tau=0.2|lambda=0.6,primary,Camelyon17-WILDS,11,1.0,8000,1.0,0.2,0.6,vera_balanced_envelope,False,,,0.0,False,NA,False,False,True,True
primary|Camelyon17-WILDS|seed=11|fraction=1|gamma=1|tau=0.2|lambda=0.6,primary,Camelyon17-WILDS,11,1.0,8000,1.0,0.2,0.6,external_balanced_oracle,False,,,0.0,False,NA,False,False,False,True
primary|Camelyon17-WILDS|seed=11|fraction=1|gamma=1|tau=0.2|lambda=0.7,primary,Camelyon17-WILDS,11,1.0,8000,1.0,0.2,0.7,always_deploy_balanced,True,"MANCE++::epsilon=0.05,steps=3",MANCE++,0.0,False,NA,False,True,False,True
primary|Camelyon17-WILDS|seed=11|fraction=1|gamma=1|tau=0.2|lambda=0.7,primary,Camelyon17-WILDS,11,1.0,8000,1.0,0.2,0.7,point_selection_balanced,False,,,0.0,False,NA,False,False,False,True
primary|Camelyon17-WILDS|seed=11|fraction=1|gamma=1|tau=0.2|lambda=0.7,primary,Camelyon17-WILDS,11,1.0,8000,1.0,0.2,0.7,vera_balanced_iut,False,,,0.0,False,NA,False,False,True,True
primary|Camelyon17-WILDS|seed=11|fraction=1|gamma=1|tau=0.2|lambda=0.7,primary,Camelyon17-WILDS,11,1.0,8000,1.0,0.2,0.7,vera_balanced_envelope,False,,,0.0,False,NA,False,False,True,True
primary|Camelyon17-WILDS|seed=11|fraction=1|gamma=1|tau=0.2|lambda=0.7,primary,Camelyon17-WILDS,11,1.0,8000,1.0,0.2,0.7,external_balanced_oracle,False,,,0.0,False,NA,False,False,False,True
primary|Camelyon17-WILDS|seed=11|fraction=1|gamma=1|tau=0.2|lambda=0.8,primary,Camelyon17-WILDS,11,1.0,8000,1.0,0.2,0.8,always_deploy_balanced,True,"MANCE++::epsilon=0.05,steps=3",MANCE++,0.0,False,NA,False,True,False,True
primary|Camelyon17-WILDS|seed=11|fraction=1|gamma=1|tau=0.2|lambda=0.8,primary,Camelyon17-WILDS,11,1.0,8000,1.0,0.2,0.8,point_selection_balanced,True,"MANCE++::epsilon=0.05,steps=3",MANCE++,0.0,False,NA,False,True,False,True
primary|Camelyon17-WILDS|seed=11|fraction=1|gamma=1|tau=0.2|lambda=0.8,primary,Camelyon17-WILDS,11,1.0,8000,1.0,0.2,0.8,vera_balanced_iut,False,,,0.0,False,NA,False,False,True,True
primary|Camelyon17-WILDS|seed=11|fraction=1|gamma=1|tau=0.2|lambda=0.8,primary,Camelyon17-WILDS,11,1.0,8000,1.0,0.2,0.8,vera_balanced_envelope,False,,,0.0,False,NA,False,False,True,True
primary|Camelyon17-WILDS|seed=11|fraction=1|gamma=1|tau=0.2|lambda=0.8,primary,Camelyon17-WILDS,11,1.0,8000,1.0,0.2,0.8,external_balanced_oracle,False,,,0.0,False,NA,False,False,False,True
shifted_sensitivity|Camelyon17-WILDS|seed=11|fraction=1|gamma=1.01|tau=0.05|lambda=0.6,shifted_sensitivity,Camelyon17-WILDS,11,1.0,8000,1.01,0.05,0.6,always_deploy_balanced,True,"MANCE++::epsilon=0.05,steps=3",MANCE++,0.0,False,NA,False,True,False,True
shifted_sensitivity|Camelyon17-WILDS|seed=11|fraction=1|gamma=1.01|tau=0.05|lambda=0.6,shifted_sensitivity,Camelyon17-WILDS,11,1.0,8000,1.01,0.05,0.6,point_selection_balanced,False,,,0.0,False,NA,False,False,False,True
shifted_sensitivity|Camelyon17-WILDS|seed=11|fraction=1|gamma=1.01|tau=0.05|lambda=0.6,shifted_sensitivity,Camelyon17-WILDS,11,1.0,8000,1.01,0.05,0.6,vera_balanced_iut,False,,,0.0,False,NA,False,False,True,True
shifted_sensitivity|Camelyon17-WILDS|seed=11|fraction=1|gamma=1.01|tau=0.05|lambda=0.6,shifted_sensitivity,Camelyon17-WILDS,11,1.0,8000,1.01,0.05,0.6,vera_balanced_envelope,False,,,0.0,False,NA,False,False,True,True
shifted_sensitivity|Camelyon17-WILDS|seed=11|fraction=1|gamma=1.01|tau=0.05|lambda=0.6,shifted_sensitivity,Camelyon17-WILDS,11,1.0,8000,1.01,0.05,0.6,external_balanced_oracle,False,,,0.0,False,NA,False,False,False,True
shifted_sensitivity|Camelyon17-WILDS|seed=11|fraction=1|gamma=1.01|tau=0.05|lambda=0.7,shifted_sensitivity,Camelyon17-WILDS,11,1.0,8000,1.01,0.05,0.7,always_deploy_balanced,True,"MANCE++::epsilon=0.05,steps=3",MANCE++,0.0,False,NA,False,True,False,True
shifted_sensitivity|Camelyon17-WILDS|seed=11|fraction=1|gamma=1.01|tau=0.05|lambda=0.7,shifted_sensitivity,Camelyon17-WILDS,11,1.0,8000,1.01,0.05,0.7,point_selection_balanced,False,,,0.0,False,NA,False,False,False,True
shifted_sensitivity|Camelyon17-WILDS|seed=11|fraction=1|gamma=1.01|tau=0.05|lambda=0.7,shifted_sensitivity,Camelyon17-WILDS,11,1.0,8000,1.01,0.05,0.7,vera_balanced_iut,False,,,0.0,False,NA,False,False,True,True
shifted_sensitivity|Camelyon17-WILDS|seed=11|fraction=1|gamma=1.01|tau=0.05|lambda=0.7,shifted_sensitivity,Camelyon17-WILDS,11,1.0,8000,1.01,0.05,0.7,vera_balanced_envelope,False,,,0.0,False,NA,False,False,True,True
shifted_sensitivity|Camelyon17-WILDS|seed=11|fraction=1|gamma=1.01|tau=0.05|lambda=0.7,shifted_sensitivity,Camelyon17-WILDS,11,1.0,8000,1.01,0.05,0.7,external_balanced_oracle,False,,,0.0,False,NA,False,False,False,True
shifted_sensitivity|Camelyon17-WILDS|seed=11|fraction=1|gamma=1.01|tau=0.05|lambda=0.8,shifted_sensitivity,Camelyon17-WILDS,11,1.0,8000,1.01,0.05,0.8,always_deploy_balanced,True,"MANCE++::epsilon=0.05,steps=3",MANCE++,0.0,False,NA,False,True,False,True
shifted_sensitivity|Camelyon17-WILDS|seed=11|fraction=1|gamma=1.01|tau=0.05|lambda=0.8,shifted_sensitivity,Camelyon17-WILDS,11,1.0,8000,1.01,0.05,0.8,point_selection_balanced,True,"MANCE++::epsilon=0.05,steps=3",MANCE++,0.0,False,NA,False,True,False,True
shifted_sensitivity|Camelyon17-WILDS|seed=11|fraction=1|gamma=1.01|tau=0.05|lambda=0.8,shifted_sensitivity,Camelyon17-WILDS,11,1.0,8000,1.01,0.05,0.8,vera_balanced_iut,False,,,0.0,False,NA,False,False,True,True
shifted_sensitivity|Camelyon17-WILDS|seed=11|fraction=1|gamma=1.01|tau=0.05|lambda=0.8,shifted_sensitivity,Camelyon17-WILDS,11,1.0,8000,1.01,0.05,0.8,vera_balanced_envelope,False,,,0.0,False,NA,False,False,True,True
shifted_sensitivity|Camelyon17-WILDS|seed=11|fraction=1|gamma=1.01|tau=0.05|lambda=0.8,shifted_sensitivity,Camelyon17-WILDS,11,1.0,8000,1.01,0.05,0.8,external_balanced_oracle,False,,,0.0,False,NA,False,False,False,True
shifted_sensitivity|Camelyon17-WILDS|seed=11|fraction=1|gamma=1.01|tau=0.1|lambda=0.6,shifted_sensitivity,Camelyon17-WILDS,11,1.0,8000,1.01,0.1,0.6,always_deploy_balanced,True,"MANCE++::epsilon=0.05,steps=3",MANCE++,0.0,False,NA,False,True,False,True
shifted_sensitivity|Camelyon17-WILDS|seed=11|fraction=1|gamma=1.01|tau=0.1|lambda=0.6,shifted_sensitivity,Camelyon17-WILDS,11,1.0,8000,1.01,0.1,0.6,point_selection_balanced,False,,,0.0,False,NA,False,False,False,True
shifted_sensitivity|Camelyon17-WILDS|seed=11|fraction=1|gamma=1.01|tau=0.1|lambda=0.6,shifted_sensitivity,Camelyon17-WILDS,11,1.0,8000,1.01,0.1,0.6,vera_balanced_iut,False,,,0.0,False,NA,False,False,True,True
shifted_sensitivity|Camelyon17-WILDS|seed=11|fraction=1|gamma=1.01|tau=0.1|lambda=0.6,shifted_sensitivity,Camelyon17-WILDS,11,1.0,8000,1.01,0.1,0.6,vera_balanced_envelope,False,,,0.0,False,NA,False,False,True,True
shifted_sensitivity|Camelyon17-WILDS|seed=11|fraction=1|gamma=1.01|tau=0.1|lambda=0.6,shifted_sensitivity,Camelyon17-WILDS,11,1.0,8000,1.01,0.1,0.6,external_balanced_oracle,False,,,0.0,False,NA,False,False,False,True
shifted_sensitivity|Camelyon17-WILDS|seed=11|fraction=1|gamma=1.01|tau=0.1|lambda=0.7,shifted_sensitivity,Camelyon17-WILDS,11,1.0,8000,1.01,0.1,0.7,always_deploy_balanced,True,"MANCE++::epsilon=0.05,steps=3",MANCE++,0.0,False,NA,False,True,False,True
shifted_sensitivity|Camelyon17-WILDS|seed=11|fraction=1|gamma=1.01|tau=0.1|lambda=0.7,shifted_sensitivity,Camelyon17-WILDS,11,1.0,8000,1.01,0.1,0.7,point_selection_balanced,False,,,0.0,False,NA,False,False,False,True
shifted_sensitivity|Camelyon17-WILDS|seed=11|fraction=1|gamma=1.01|tau=0.1|lambda=0.7,shifted_sensitivity,Camelyon17-WILDS,11,1.0,8000,1.01,0.1,0.7,vera_balanced_iut,False,,,0.0,False,NA,False,False,True,True
shifted_sensitivity|Camelyon17-WILDS|seed=11|fraction=1|gamma=1.01|tau=0.1|lambda=0.7,shifted_sensitivity,Camelyon17-WILDS,11,1.0,8000,1.01,0.1,0.7,vera_balanced_envelope,False,,,0.0,False,NA,False,False,True,True
shifted_sensitivity|Camelyon17-WILDS|seed=11|fraction=1|gamma=1.01|tau=0.1|lambda=0.7,shifted_sensitivity,Camelyon17-WILDS,11,1.0,8000,1.01,0.1,0.7,external_balanced_oracle,False,,,0.0,False,NA,False,False,False,True
shifted_sensitivity|Camelyon17-WILDS|seed=11|fraction=1|gamma=1.01|tau=0.1|lambda=0.8,shifted_sensitivity,Camelyon17-WILDS,11,1.0,8000,1.01,0.1,0.8,always_deploy_balanced,True,"MANCE++::epsilon=0.05,steps=3",MANCE++,0.0,False,NA,False,True,False,True
shifted_sensitivity|Camelyon17-WILDS|seed=11|fraction=1|gamma=1.01|tau=0.1|lambda=0.8,shifted_sensitivity,Camelyon17-WILDS,11,1.0,8000,1.01,0.1,0.8,point_selection_balanced,True,"MANCE++::epsilon=0.05,steps=3",MANCE++,0.0,False,NA,False,True,False,True
shifted_sensitivity|Camelyon17-WILDS|seed=11|fraction=1|gamma=1.01|tau=0.1|lambda=0.8,shifted_sensitivity,Camelyon17-WILDS,11,1.0,8000,1.01,0.1,0.8,vera_balanced_iut,False,,,0.0,False,NA,False,False,True,True
shifted_sensitivity|Camelyon17-WILDS|seed=11|fraction=1|gamma=1.01|tau=0.1|lambda=0.8,shifted_sensitivity,Camelyon17-WILDS,11,1.0,8000,1.01,0.1,0.8,vera_balanced_envelope,False,,,0.0,False,NA,False,False,True,True
shifted_sensitivity|Camelyon17-WILDS|seed=11|fraction=1|gamma=1.01|tau=0.1|lambda=0.8,shifted_sensitivity,Camelyon17-WILDS,11,1.0,8000,1.01,0.1,0.8,external_balanced_oracle,False,,,0.0,False,NA,False,False,False,True
shifted_sensitivity|Camelyon17-WILDS|seed=11|fraction=1|gamma=1.01|tau=0.2|lambda=0.6,shifted_sensitivity,Camelyon17-WILDS,11,1.0,8000,1.01,0.2,0.6,always_deploy_balanced,True,"MANCE++::epsilon=0.05,steps=3",MANCE++,0.0,False,NA,False,True,False,True
shifted_sensitivity|Camelyon17-WILDS|seed=11|fraction=1|gamma=1.01|tau=0.2|lambda=0.6,shifted_sensitivity,Camelyon17-WILDS,11,1.0,8000,1.01,0.2,0.6,point_selection_balanced,False,,,0.0,False,NA,False,False,False,True
shifted_sensitivity|Camelyon17-WILDS|seed=11|fraction=1|gamma=1.01|tau=0.2|lambda=0.6,shifted_sensitivity,Camelyon17-WILDS,11,1.0,8000,1.01,0.2,0.6,vera_balanced_iut,False,,,0.0,False,NA,False,False,True,True
shifted_sensitivity|Camelyon17-WILDS|seed=11|fraction=1|gamma=1.01|tau=0.2|lambda=0.6,shifted_sensitivity,Camelyon17-WILDS,11,1.0,8000,1.01,0.2,0.6,vera_balanced_envelope,False,,,0.0,False,NA,False,False,True,True
shifted_sensitivity|Camelyon17-WILDS|seed=11|fraction=1|gamma=1.01|tau=0.2|lambda=0.6,shifted_sensitivity,Camelyon17-WILDS,11,1.0,8000,1.01,0.2,0.6,external_balanced_oracle,False,,,0.0,False,NA,False,False,False,True
shifted_sensitivity|Camelyon17-WILDS|seed=11|fraction=1|gamma=1.01|tau=0.2|lambda=0.7,shifted_sensitivity,Camelyon17-WILDS,11,1.0,8000,1.01,0.2,0.7,always_deploy_balanced,True,"MANCE++::epsilon=0.05,steps=3",MANCE++,0.0,False,NA,False,True,False,True
shifted_sensitivity|Camelyon17-WILDS|seed=11|fraction=1|gamma=1.01|tau=0.2|lambda=0.7,shifted_sensitivity,Camelyon17-WILDS,11,1.0,8000,1.01,0.2,0.7,point_selection_balanced,False,,,0.0,False,NA,False,False,False,True
shifted_sensitivity|Camelyon17-WILDS|seed=11|fraction=1|gamma=1.01|tau=0.2|lambda=0.7,shifted_sensitivity,Camelyon17-WILDS,11,1.0,8000,1.01,0.2,0.7,vera_balanced_iut,False,,,0.0,False,NA,False,False,True,True
shifted_sensitivity|Camelyon17-WILDS|seed=11|fraction=1|gamma=1.01|tau=0.2|lambda=0.7,shifted_sensitivity,Camelyon17-WILDS,11,1.0,8000,1.01,0.2,0.7,vera_balanced_envelope,False,,,0.0,False,NA,False,False,True,True
shifted_sensitivity|Camelyon17-WILDS|seed=11|fraction=1|gamma=1.01|tau=0.2|lambda=0.7,shifted_sensitivity,Camelyon17-WILDS,11,1.0,8000,1.01,0.2,0.7,external_balanced_oracle,False,,,0.0,False,NA,False,False,False,True
shifted_sensitivity|Camelyon17-WILDS|seed=11|fraction=1|gamma=1.01|tau=0.2|lambda=0.8,shifted_sensitivity,Camelyon17-WILDS,11,1.0,8000,1.01,0.2,0.8,always_deploy_balanced,True,"MANCE++::epsilon=0.05,steps=3",MANCE++,0.0,False,NA,False,True,False,True
shifted_sensitivity|Camelyon17-WILDS|seed=11|fraction=1|gamma=1.01|tau=0.2|lambda=0.8,shifted_sensitivity,Camelyon17-WILDS,11,1.0,8000,1.01,0.2,0.8,point_selection_balanced,True,"MANCE++::epsilon=0.05,steps=3",MANCE++,0.0,False,NA,False,True,False,True
shifted_sensitivity|Camelyon17-WILDS|seed=11|fraction=1|gamma=1.01|tau=0.2|lambda=0.8,shifted_sensitivity,Camelyon17-WILDS,11,1.0,8000,1.01,0.2,0.8,vera_balanced_iut,False,,,0.0,False,NA,False,False,True,True
shifted_sensitivity|Camelyon17-WILDS|seed=11|fraction=1|gamma=1.01|tau=0.2|lambda=0.8,shifted_sensitivity,Camelyon17-WILDS,11,1.0,8000,1.01,0.2,0.8,vera_balanced_envelope,False,,,0.0,False,NA,False,False,True,True
shifted_sensitivity|Camelyon17-WILDS|seed=11|fraction=1|gamma=1.01|tau=0.2|lambda=0.8,shifted_sensitivity,Camelyon17-WILDS,11,1.0,8000,1.01,0.2,0.8,external_balanced_oracle,False,,,0.0,False,NA,False,False,False,True
learning_curve|Camelyon17-WILDS|seed=12|fraction=0.05|gamma=1|tau=0.05|lambda=0.6,learning_curve,Camelyon17-WILDS,12,0.05,397,1.0,0.05,0.6,always_deploy_balanced,True,"MANCE++::epsilon=0.05,steps=3",MANCE++,0.0,False,NA,False,True,False,True
learning_curve|Camelyon17-WILDS|seed=12|fraction=0.05|gamma=1|tau=0.05|lambda=0.6,learning_curve,Camelyon17-WILDS,12,0.05,397,1.0,0.05,0.6,point_selection_balanced,False,,,0.0,False,NA,False,False,False,True
learning_curve|Camelyon17-WILDS|seed=12|fraction=0.05|gamma=1|tau=0.05|lambda=0.6,learning_curve,Camelyon17-WILDS,12,0.05,397,1.0,0.05,0.6,vera_balanced_iut,False,,,0.0,False,NA,False,False,True,True
learning_curve|Camelyon17-WILDS|seed=12|fraction=0.05|gamma=1|tau=0.05|lambda=0.6,learning_curve,Camelyon17-WILDS,12,0.05,397,1.0,0.05,0.6,vera_balanced_envelope,False,,,0.0,False,NA,False,False,True,True
learning_curve|Camelyon17-WILDS|seed=12|fraction=0.05|gamma=1|tau=0.05|lambda=0.6,learning_curve,Camelyon17-WILDS,12,0.05,397,1.0,0.05,0.6,external_balanced_oracle,False,,,0.0,False,NA,False,False,False,True
learning_curve|Camelyon17-WILDS|seed=12|fraction=0.05|gamma=1|tau=0.05|lambda=0.7,learning_curve,Camelyon17-WILDS,12,0.05,397,1.0,0.05,0.7,always_deploy_balanced,True,"MANCE++::epsilon=0.05,steps=3",MANCE++,0.0,False,NA,False,True,False,True
learning_curve|Camelyon17-WILDS|seed=12|fraction=0.05|gamma=1|tau=0.05|lambda=0.7,learning_curve,Camelyon17-WILDS,12,0.05,397,1.0,0.05,0.7,point_selection_balanced,False,,,0.0,False,NA,False,False,False,True
learning_curve|Camelyon17-WILDS|seed=12|fraction=0.05|gamma=1|tau=0.05|lambda=0.7,learning_curve,Camelyon17-WILDS,12,0.05,397,1.0,0.05,0.7,vera_balanced_iut,False,,,0.0,False,NA,False,False,True,True
learning_curve|Camelyon17-WILDS|seed=12|fraction=0.05|gamma=1|tau=0.05|lambda=0.7,learning_curve,Camelyon17-WILDS,12,0.05,397,1.0,0.05,0.7,vera_balanced_envelope,False,,,0.0,False,NA,False,False,True,True
learning_curve|Camelyon17-WILDS|seed=12|fraction=0.05|gamma=1|tau=0.05|lambda=0.7,learning_curve,Camelyon17-WILDS,12,0.05,397,1.0,0.05,0.7,external_balanced_oracle,False,,,0.0,False,NA,False,False,False,True
learning_curve|Camelyon17-WILDS|seed=12|fraction=0.05|gamma=1|tau=0.05|lambda=0.8,learning_curve,Camelyon17-WILDS,12,0.05,397,1.0,0.05,0.8,always_deploy_balanced,True,"MANCE++::epsilon=0.05,steps=3",MANCE++,0.0,False,NA,False,True,False,True
learning_curve|Camelyon17-WILDS|seed=12|fraction=0.05|gamma=1|tau=0.05|lambda=0.8,learning_curve,Camelyon17-WILDS,12,0.05,397,1.0,0.05,0.8,point_selection_balanced,False,,,0.0,False,NA,False,False,False,True
learning_curve|Camelyon17-WILDS|seed=12|fraction=0.05|gamma=1|tau=0.05|lambda=0.8,learning_curve,Camelyon17-WILDS,12,0.05,397,1.0,0.05,0.8,vera_balanced_iut,False,,,0.0,False,NA,False,False,True,True
learning_curve|Camelyon17-WILDS|seed=12|fraction=0.05|gamma=1|tau=0.05|lambda=0.8,learning_curve,Camelyon17-WILDS,12,0.05,397,1.0,0.05,0.8,vera_balanced_envelope,False,,,0.0,False,NA,False,False,True,True
learning_curve|Camelyon17-WILDS|seed=12|fraction=0.05|gamma=1|tau=0.05|lambda=0.8,learning_curve,Camelyon17-WILDS,12,0.05,397,1.0,0.05,0.8,external_balanced_oracle,False,,,0.0,False,NA,False,False,False,True
learning_curve|Camelyon17-WILDS|seed=12|fraction=0.05|gamma=1|tau=0.1|lambda=0.6,learning_curve,Camelyon17-WILDS,12,0.05,397,1.0,0.1,0.6,always_deploy_balanced,True,"MANCE++::epsilon=0.05,steps=3",MANCE++,0.0,False,NA,False,True,False,True
learning_curve|Camelyon17-WILDS|seed=12|fraction=0.05|gamma=1|tau=0.1|lambda=0.6,learning_curve,Camelyon17-WILDS,12,0.05,397,1.0,0.1,0.6,point_selection_balanced,False,,,0.0,False,NA,False,False,False,True
learning_curve|Camelyon17-WILDS|seed=12|fraction=0.05|gamma=1|tau=0.1|lambda=0.6,learning_curve,Camelyon17-WILDS,12,0.05,397,1.0,0.1,0.6,vera_balanced_iut,False,,,0.0,False,NA,False,False,True,True
learning_curve|Camelyon17-WILDS|seed=12|fraction=0.05|gamma=1|tau=0.1|lambda=0.6,learning_curve,Camelyon17-WILDS,12,0.05,397,1.0,0.1,0.6,vera_balanced_envelope,False,,,0.0,False,NA,False,False,True,True
learning_curve|Camelyon17-WILDS|seed=12|fraction=0.05|gamma=1|tau=0.1|lambda=0.6,learning_curve,Camelyon17-WILDS,12,0.05,397,1.0,0.1,0.6,external_balanced_oracle,False,,,0.0,False,NA,False,False,False,True
learning_curve|Camelyon17-WILDS|seed=12|fraction=0.05|gamma=1|tau=0.1|lambda=0.7,learning_curve,Camelyon17-WILDS,12,0.05,397,1.0,0.1,0.7,always_deploy_balanced,True,"MANCE++::epsilon=0.05,steps=3",MANCE++,0.0,False,NA,False,True,False,True
learning_curve|Camelyon17-WILDS|seed=12|fraction=0.05|gamma=1|tau=0.1|lambda=0.7,learning_curve,Camelyon17-WILDS,12,0.05,397,1.0,0.1,0.7,point_selection_balanced,False,,,0.0,False,NA,False,False,False,True
learning_curve|Camelyon17-WILDS|seed=12|fraction=0.05|gamma=1|tau=0.1|lambda=0.7,learning_curve,Camelyon17-WILDS,12,0.05,397,1.0,0.1,0.7,vera_balanced_iut,False,,,0.0,False,NA,False,False,True,True
learning_curve|Camelyon17-WILDS|seed=12|fraction=0.05|gamma=1|tau=0.1|lambda=0.7,learning_curve,Camelyon17-WILDS,12,0.05,397,1.0,0.1,0.7,vera_balanced_envelope,False,,,0.0,False,NA,False,False,True,True
learning_curve|Camelyon17-WILDS|seed=12|fraction=0.05|gamma=1|tau=0.1|lambda=0.7,learning_curve,Camelyon17-WILDS,12,0.05,397,1.0,0.1,0.7,external_balanced_oracle,False,,,0.0,False,NA,False,False,False,True
learning_curve|Camelyon17-WILDS|seed=12|fraction=0.05|gamma=1|tau=0.1|lambda=0.8,learning_curve,Camelyon17-WILDS,12,0.05,397,1.0,0.1,0.8,always_deploy_balanced,True,"MANCE++::epsilon=0.05,steps=3",MANCE++,0.0,False,NA,False,True,False,True
learning_curve|Camelyon17-WILDS|seed=12|fraction=0.05|gamma=1|tau=0.1|lambda=0.8,learning_curve,Camelyon17-WILDS,12,0.05,397,1.0,0.1,0.8,point_selection_balanced,False,,,0.0,False,NA,False,False,False,True
learning_curve|Camelyon17-WILDS|seed=12|fraction=0.05|gamma=1|tau=0.1|lambda=0.8,learning_curve,Camelyon17-WILDS,12,0.05,397,1.0,0.1,0.8,vera_balanced_iut,False,,,0.0,False,NA,False,False,True,True
learning_curve|Camelyon17-WILDS|seed=12|fraction=0.05|gamma=1|tau=0.1|lambda=0.8,learning_curve,Camelyon17-WILDS,12,0.05,397,1.0,0.1,0.8,vera_balanced_envelope,False,,,0.0,False,NA,False,False,True,True
learning_curve|Camelyon17-WILDS|seed=12|fraction=0.05|gamma=1|tau=0.1|lambda=0.8,learning_curve,Camelyon17-WILDS,12,0.05,397,1.0,0.1,0.8,external_balanced_oracle,False,,,0.0,False,NA,False,False,False,True
learning_curve|Camelyon17-WILDS|seed=12|fraction=0.05|gamma=1|tau=0.2|lambda=0.6,learning_curve,Camelyon17-WILDS,12,0.05,397,1.0,0.2,0.6,always_deploy_balanced,True,"MANCE++::epsilon=0.05,steps=3",MANCE++,0.0,False,NA,False,True,False,True
learning_curve|Camelyon17-WILDS|seed=12|fraction=0.05|gamma=1|tau=0.2|lambda=0.6,learning_curve,Camelyon17-WILDS,12,0.05,397,1.0,0.2,0.6,point_selection_balanced,False,,,0.0,False,NA,False,False,False,True
learning_curve|Camelyon17-WILDS|seed=12|fraction=0.05|gamma=1|tau=0.2|lambda=0.6,learning_curve,Camelyon17-WILDS,12,0.05,397,1.0,0.2,0.6,vera_balanced_iut,False,,,0.0,False,NA,False,False,True,True
learning_curve|Camelyon17-WILDS|seed=12|fraction=0.05|gamma=1|tau=0.2|lambda=0.6,learning_curve,Camelyon17-WILDS,12,0.05,397,1.0,0.2,0.6,vera_balanced_envelope,False,,,0.0,False,NA,False,False,True,True
learning_curve|Camelyon17-WILDS|seed=12|fraction=0.05|gamma=1|tau=0.2|lambda=0.6,learning_curve,Camelyon17-WILDS,12,0.05,397,1.0,0.2,0.6,external_balanced_oracle,False,,,0.0,False,NA,False,False,False,True
learning_curve|Camelyon17-WILDS|seed=12|fraction=0.05|gamma=1|tau=0.2|lambda=0.7,learning_curve,Camelyon17-WILDS,12,0.05,397,1.0,0.2,0.7,always_deploy_balanced,True,"MANCE++::epsilon=0.05,steps=3",MANCE++,0.0,False,NA,False,True,False,True
learning_curve|Camelyon17-WILDS|seed=12|fraction=0.05|gamma=1|tau=0.2|lambda=0.7,learning_curve,Camelyon17-WILDS,12,0.05,397,1.0,0.2,0.7,point_selection_balanced,False,,,0.0,False,NA,False,False,False,True
learning_curve|Camelyon17-WILDS|seed=12|fraction=0.05|gamma=1|tau=0.2|lambda=0.7,learning_curve,Camelyon17-WILDS,12,0.05,397,1.0,0.2,0.7,vera_balanced_iut,False,,,0.0,False,NA,False,False,True,True
learning_curve|Camelyon17-WILDS|seed=12|fraction=0.05|gamma=1|tau=0.2|lambda=0.7,learning_curve,Camelyon17-WILDS,12,0.05,397,1.0,0.2,0.7,vera_balanced_envelope,False,,,0.0,False,NA,False,False,True,True
learning_curve|Camelyon17-WILDS|seed=12|fraction=0.05|gamma=1|tau=0.2|lambda=0.7,learning_curve,Camelyon17-WILDS,12,0.05,397,1.0,0.2,0.7,external_balanced_oracle,False,,,0.0,False,NA,False,False,False,True
learning_curve|Camelyon17-WILDS|seed=12|fraction=0.05|gamma=1|tau=0.2|lambda=0.8,learning_curve,Camelyon17-WILDS,12,0.05,397,1.0,0.2,0.8,always_deploy_balanced,True,"MANCE++::epsilon=0.05,steps=3",MANCE++,0.0,False,NA,False,True,False,True
learning_curve|Camelyon17-WILDS|seed=12|fraction=0.05|gamma=1|tau=0.2|lambda=0.8,learning_curve,Camelyon17-WILDS,12,0.05,397,1.0,0.2,0.8,point_selection_balanced,False,,,0.0,False,NA,False,False,False,True
learning_curve|Camelyon17-WILDS|seed=12|fraction=0.05|gamma=1|tau=0.2|lambda=0.8,learning_curve,Camelyon17-WILDS,12,0.05,397,1.0,0.2,0.8,vera_balanced_iut,False,,,0.0,False,NA,False,False,True,True
learning_curve|Camelyon17-WILDS|seed=12|fraction=0.05|gamma=1|tau=0.2|lambda=0.8,learning_curve,Camelyon17-WILDS,12,0.05,397,1.0,0.2,0.8,vera_balanced_envelope,False,,,0.0,False,NA,False,False,True,True
learning_curve|Camelyon17-WILDS|seed=12|fraction=0.05|gamma=1|tau=0.2|lambda=0.8,learning_curve,Camelyon17-WILDS,12,0.05,397,1.0,0.2,0.8,external_balanced_oracle,False,,,0.0,False,NA,False,False,False,True
learning_curve|Camelyon17-WILDS|seed=12|fraction=0.1|gamma=1|tau=0.05|lambda=0.6,learning_curve,Camelyon17-WILDS,12,0.1,797,1.0,0.05,0.6,always_deploy_balanced,True,"MANCE++::epsilon=0.05,steps=3",MANCE++,0.0,False,NA,False,True,False,True
learning_curve|Camelyon17-WILDS|seed=12|fraction=0.1|gamma=1|tau=0.05|lambda=0.6,learning_curve,Camelyon17-WILDS,12,0.1,797,1.0,0.05,0.6,point_selection_balanced,False,,,0.0,False,NA,False,False,False,True
learning_curve|Camelyon17-WILDS|seed=12|fraction=0.1|gamma=1|tau=0.05|lambda=0.6,learning_curve,Camelyon17-WILDS,12,0.1,797,1.0,0.05,0.6,vera_balanced_iut,False,,,0.0,False,NA,False,False,True,True
learning_curve|Camelyon17-WILDS|seed=12|fraction=0.1|gamma=1|tau=0.05|lambda=0.6,learning_curve,Camelyon17-WILDS,12,0.1,797,1.0,0.05,0.6,vera_balanced_envelope,False,,,0.0,False,NA,False,False,True,True
learning_curve|Camelyon17-WILDS|seed=12|fraction=0.1|gamma=1|tau=0.05|lambda=0.6,learning_curve,Camelyon17-WILDS,12,0.1,797,1.0,0.05,0.6,external_balanced_oracle,False,,,0.0,False,NA,False,False,False,True
learning_curve|Camelyon17-WILDS|seed=12|fraction=0.1|gamma=1|tau=0.05|lambda=0.7,learning_curve,Camelyon17-WILDS,12,0.1,797,1.0,0.05,0.7,always_deploy_balanced,True,"MANCE++::epsilon=0.05,steps=3",MANCE++,0.0,False,NA,False,True,False,True
learning_curve|Camelyon17-WILDS|seed=12|fraction=0.1|gamma=1|tau=0.05|lambda=0.7,learning_curve,Camelyon17-WILDS,12,0.1,797,1.0,0.05,0.7,point_selection_balanced,False,,,0.0,False,NA,False,False,False,True
learning_curve|Camelyon17-WILDS|seed=12|fraction=0.1|gamma=1|tau=0.05|lambda=0.7,learning_curve,Camelyon17-WILDS,12,0.1,797,1.0,0.05,0.7,vera_balanced_iut,False,,,0.0,False,NA,False,False,True,True
learning_curve|Camelyon17-WILDS|seed=12|fraction=0.1|gamma=1|tau=0.05|lambda=0.7,learning_curve,Camelyon17-WILDS,12,0.1,797,1.0,0.05,0.7,vera_balanced_envelope,False,,,0.0,False,NA,False,False,True,True
learning_curve|Camelyon17-WILDS|seed=12|fraction=0.1|gamma=1|tau=0.05|lambda=0.7,learning_curve,Camelyon17-WILDS,12,0.1,797,1.0,0.05,0.7,external_balanced_oracle,False,,,0.0,False,NA,False,False,False,True
learning_curve|Camelyon17-WILDS|seed=12|fraction=0.1|gamma=1|tau=0.05|lambda=0.8,learning_curve,Camelyon17-WILDS,12,0.1,797,1.0,0.05,0.8,always_deploy_balanced,True,"MANCE++::epsilon=0.05,steps=3",MANCE++,0.0,False,NA,False,True,False,True
learning_curve|Camelyon17-WILDS|seed=12|fraction=0.1|gamma=1|tau=0.05|lambda=0.8,learning_curve,Camelyon17-WILDS,12,0.1,797,1.0,0.05,0.8,point_selection_balanced,True,"MANCE++::epsilon=0.05,steps=3",MANCE++,0.0,False,NA,False,True,False,True
learning_curve|Camelyon17-WILDS|seed=12|fraction=0.1|gamma=1|tau=0.05|lambda=0.8,learning_curve,Camelyon17-WILDS,12,0.1,797,1.0,0.05,0.8,vera_balanced_iut,False,,,0.0,False,NA,False,False,True,True
learning_curve|Camelyon17-WILDS|seed=12|fraction=0.1|gamma=1|tau=0.05|lambda=0.8,learning_curve,Camelyon17-WILDS,12,0.1,797,1.0,0.05,0.8,vera_balanced_envelope,False,,,0.0,False,NA,False,False,True,True
learning_curve|Camelyon17-WILDS|seed=12|fraction=0.1|gamma=1|tau=0.05|lambda=0.8,learning_curve,Camelyon17-WILDS,12,0.1,797,1.0,0.05,0.8,external_balanced_oracle,False,,,0.0,False,NA,False,False,False,True
learning_curve|Camelyon17-WILDS|seed=12|fraction=0.1|gamma=1|tau=0.1|lambda=0.6,learning_curve,Camelyon17-WILDS,12,0.1,797,1.0,0.1,0.6,always_deploy_balanced,True,"MANCE++::epsilon=0.05,steps=3",MANCE++,0.0,False,NA,False,True,False,True
learning_curve|Camelyon17-WILDS|seed=12|fraction=0.1|gamma=1|tau=0.1|lambda=0.6,learning_curve,Camelyon17-WILDS,12,0.1,797,1.0,0.1,0.6,point_selection_balanced,False,,,0.0,False,NA,False,False,False,True
learning_curve|Camelyon17-WILDS|seed=12|fraction=0.1|gamma=1|tau=0.1|lambda=0.6,learning_curve,Camelyon17-WILDS,12,0.1,797,1.0,0.1,0.6,vera_balanced_iut,False,,,0.0,False,NA,False,False,True,True
learning_curve|Camelyon17-WILDS|seed=12|fraction=0.1|gamma=1|tau=0.1|lambda=0.6,learning_curve,Camelyon17-WILDS,12,0.1,797,1.0,0.1,0.6,vera_balanced_envelope,False,,,0.0,False,NA,False,False,True,True
learning_curve|Camelyon17-WILDS|seed=12|fraction=0.1|gamma=1|tau=0.1|lambda=0.6,learning_curve,Camelyon17-WILDS,12,0.1,797,1.0,0.1,0.6,external_balanced_oracle,False,,,0.0,False,NA,False,False,False,True
learning_curve|Camelyon17-WILDS|seed=12|fraction=0.1|gamma=1|tau=0.1|lambda=0.7,learning_curve,Camelyon17-WILDS,12,0.1,797,1.0,0.1,0.7,always_deploy_balanced,True,"MANCE++::epsilon=0.05,steps=3",MANCE++,0.0,False,NA,False,True,False,True
learning_curve|Camelyon17-WILDS|seed=12|fraction=0.1|gamma=1|tau=0.1|lambda=0.7,learning_curve,Camelyon17-WILDS,12,0.1,797,1.0,0.1,0.7,point_selection_balanced,False,,,0.0,False,NA,False,False,False,True
learning_curve|Camelyon17-WILDS|seed=12|fraction=0.1|gamma=1|tau=0.1|lambda=0.7,learning_curve,Camelyon17-WILDS,12,0.1,797,1.0,0.1,0.7,vera_balanced_iut,False,,,0.0,False,NA,False,False,True,True
learning_curve|Camelyon17-WILDS|seed=12|fraction=0.1|gamma=1|tau=0.1|lambda=0.7,learning_curve,Camelyon17-WILDS,12,0.1,797,1.0,0.1,0.7,vera_balanced_envelope,False,,,0.0,False,NA,False,False,True,True
learning_curve|Camelyon17-WILDS|seed=12|fraction=0.1|gamma=1|tau=0.1|lambda=0.7,learning_curve,Camelyon17-WILDS,12,0.1,797,1.0,0.1,0.7,external_balanced_oracle,False,,,0.0,False,NA,False,False,False,True
learning_curve|Camelyon17-WILDS|seed=12|fraction=0.1|gamma=1|tau=0.1|lambda=0.8,learning_curve,Camelyon17-WILDS,12,0.1,797,1.0,0.1,0.8,always_deploy_balanced,True,"MANCE++::epsilon=0.05,steps=3",MANCE++,0.0,False,NA,False,True,False,True
learning_curve|Camelyon17-WILDS|seed=12|fraction=0.1|gamma=1|tau=0.1|lambda=0.8,learning_curve,Camelyon17-WILDS,12,0.1,797,1.0,0.1,0.8,point_selection_balanced,True,"MANCE++::epsilon=0.05,steps=3",MANCE++,0.0,False,NA,False,True,False,True
learning_curve|Camelyon17-WILDS|seed=12|fraction=0.1|gamma=1|tau=0.1|lambda=0.8,learning_curve,Camelyon17-WILDS,12,0.1,797,1.0,0.1,0.8,vera_balanced_iut,False,,,0.0,False,NA,False,False,True,True
learning_curve|Camelyon17-WILDS|seed=12|fraction=0.1|gamma=1|tau=0.1|lambda=0.8,learning_curve,Camelyon17-WILDS,12,0.1,797,1.0,0.1,0.8,vera_balanced_envelope,False,,,0.0,False,NA,False,False,True,True
learning_curve|Camelyon17-WILDS|seed=12|fraction=0.1|gamma=1|tau=0.1|lambda=0.8,learning_curve,Camelyon17-WILDS,12,0.1,797,1.0,0.1,0.8,external_balanced_oracle,False,,,0.0,False,NA,False,False,False,True
learning_curve|Camelyon17-WILDS|seed=12|fraction=0.1|gamma=1|tau=0.2|lambda=0.6,learning_curve,Camelyon17-WILDS,12,0.1,797,1.0,0.2,0.6,always_deploy_balanced,True,"MANCE++::epsilon=0.05,steps=3",MANCE++,0.0,False,NA,False,True,False,True
learning_curve|Camelyon17-WILDS|seed=12|fraction=0.1|gamma=1|tau=0.2|lambda=0.6,learning_curve,Camelyon17-WILDS,12,0.1,797,1.0,0.2,0.6,point_selection_balanced,False,,,0.0,False,NA,False,False,False,True
learning_curve|Camelyon17-WILDS|seed=12|fraction=0.1|gamma=1|tau=0.2|lambda=0.6,learning_curve,Camelyon17-WILDS,12,0.1,797,1.0,0.2,0.6,vera_balanced_iut,False,,,0.0,False,NA,False,False,True,True
learning_curve|Camelyon17-WILDS|seed=12|fraction=0.1|gamma=1|tau=0.2|lambda=0.6,learning_curve,Camelyon17-WILDS,12,0.1,797,1.0,0.2,0.6,vera_balanced_envelope,False,,,0.0,False,NA,False,False,True,True
learning_curve|Camelyon17-WILDS|seed=12|fraction=0.1|gamma=1|tau=0.2|lambda=0.6,learning_curve,Camelyon17-WILDS,12,0.1,797,1.0,0.2,0.6,external_balanced_oracle,False,,,0.0,False,NA,False,False,False,True
learning_curve|Camelyon17-WILDS|seed=12|fraction=0.1|gamma=1|tau=0.2|lambda=0.7,learning_curve,Camelyon17-WILDS,12,0.1,797,1.0,0.2,0.7,always_deploy_balanced,True,"MANCE++::epsilon=0.05,steps=3",MANCE++,0.0,False,NA,False,True,False,True
learning_curve|Camelyon17-WILDS|seed=12|fraction=0.1|gamma=1|tau=0.2|lambda=0.7,learning_curve,Camelyon17-WILDS,12,0.1,797,1.0,0.2,0.7,point_selection_balanced,False,,,0.0,False,NA,False,False,False,True
learning_curve|Camelyon17-WILDS|seed=12|fraction=0.1|gamma=1|tau=0.2|lambda=0.7,learning_curve,Camelyon17-WILDS,12,0.1,797,1.0,0.2,0.7,vera_balanced_iut,False,,,0.0,False,NA,False,False,True,True
learning_curve|Camelyon17-WILDS|seed=12|fraction=0.1|gamma=1|tau=0.2|lambda=0.7,learning_curve,Camelyon17-WILDS,12,0.1,797,1.0,0.2,0.7,vera_balanced_envelope,False,,,0.0,False,NA,False,False,True,True
learning_curve|Camelyon17-WILDS|seed=12|fraction=0.1|gamma=1|tau=0.2|lambda=0.7,learning_curve,Camelyon17-WILDS,12,0.1,797,1.0,0.2,0.7,external_balanced_oracle,False,,,0.0,False,NA,False,False,False,True
learning_curve|Camelyon17-WILDS|seed=12|fraction=0.1|gamma=1|tau=0.2|lambda=0.8,learning_curve,Camelyon17-WILDS,12,0.1,797,1.0,0.2,0.8,always_deploy_balanced,True,"MANCE++::epsilon=0.05,steps=3",MANCE++,0.0,False,NA,False,True,False,True
learning_curve|Camelyon17-WILDS|seed=12|fraction=0.1|gamma=1|tau=0.2|lambda=0.8,learning_curve,Camelyon17-WILDS,12,0.1,797,1.0,0.2,0.8,point_selection_balanced,True,"MANCE++::epsilon=0.05,steps=3",MANCE++,0.0,False,NA,False,True,False,True
learning_curve|Camelyon17-WILDS|seed=12|fraction=0.1|gamma=1|tau=0.2|lambda=0.8,learning_curve,Camelyon17-WILDS,12,0.1,797,1.0,0.2,0.8,vera_balanced_iut,False,,,0.0,False,NA,False,False,True,True
learning_curve|Camelyon17-WILDS|seed=12|fraction=0.1|gamma=1|tau=0.2|lambda=0.8,learning_curve,Camelyon17-WILDS,12,0.1,797,1.0,0.2,0.8,vera_balanced_envelope,False,,,0.0,False,NA,False,False,True,True
learning_curve|Camelyon17-WILDS|seed=12|fraction=0.1|gamma=1|tau=0.2|lambda=0.8,learning_curve,Camelyon17-WILDS,12,0.1,797,1.0,0.2,0.8,external_balanced_oracle,False,,,0.0,False,NA,False,False,False,True
learning_curve|Camelyon17-WILDS|seed=12|fraction=0.25|gamma=1|tau=0.05|lambda=0.6,learning_curve,Camelyon17-WILDS,12,0.25,1998,1.0,0.05,0.6,always_deploy_balanced,True,"MANCE++::epsilon=0.05,steps=3",MANCE++,0.0,False,NA,False,True,False,True
learning_curve|Camelyon17-WILDS|seed=12|fraction=0.25|gamma=1|tau=0.05|lambda=0.6,learning_curve,Camelyon17-WILDS,12,0.25,1998,1.0,0.05,0.6,point_selection_balanced,False,,,0.0,False,NA,False,False,False,True
learning_curve|Camelyon17-WILDS|seed=12|fraction=0.25|gamma=1|tau=0.05|lambda=0.6,learning_curve,Camelyon17-WILDS,12,0.25,1998,1.0,0.05,0.6,vera_balanced_iut,False,,,0.0,False,NA,False,False,True,True
learning_curve|Camelyon17-WILDS|seed=12|fraction=0.25|gamma=1|tau=0.05|lambda=0.6,learning_curve,Camelyon17-WILDS,12,0.25,1998,1.0,0.05,0.6,vera_balanced_envelope,False,,,0.0,False,NA,False,False,True,True
learning_curve|Camelyon17-WILDS|seed=12|fraction=0.25|gamma=1|tau=0.05|lambda=0.6,learning_curve,Camelyon17-WILDS,12,0.25,1998,1.0,0.05,0.6,external_balanced_oracle,False,,,0.0,False,NA,False,False,False,True
learning_curve|Camelyon17-WILDS|seed=12|fraction=0.25|gamma=1|tau=0.05|lambda=0.7,learning_curve,Camelyon17-WILDS,12,0.25,1998,1.0,0.05,0.7,always_deploy_balanced,True,"MANCE++::epsilon=0.05,steps=3",MANCE++,0.0,False,NA,False,True,False,True
learning_curve|Camelyon17-WILDS|seed=12|fraction=0.25|gamma=1|tau=0.05|lambda=0.7,learning_curve,Camelyon17-WILDS,12,0.25,1998,1.0,0.05,0.7,point_selection_balanced,False,,,0.0,False,NA,False,False,False,True
learning_curve|Camelyon17-WILDS|seed=12|fraction=0.25|gamma=1|tau=0.05|lambda=0.7,learning_curve,Camelyon17-WILDS,12,0.25,1998,1.0,0.05,0.7,vera_balanced_iut,False,,,0.0,False,NA,False,False,True,True
learning_curve|Camelyon17-WILDS|seed=12|fraction=0.25|gamma=1|tau=0.05|lambda=0.7,learning_curve,Camelyon17-WILDS,12,0.25,1998,1.0,0.05,0.7,vera_balanced_envelope,False,,,0.0,False,NA,False,False,True,True
learning_curve|Camelyon17-WILDS|seed=12|fraction=0.25|gamma=1|tau=0.05|lambda=0.7,learning_curve,Camelyon17-WILDS,12,0.25,1998,1.0,0.05,0.7,external_balanced_oracle,False,,,0.0,False,NA,False,False,False,True
learning_curve|Camelyon17-WILDS|seed=12|fraction=0.25|gamma=1|tau=0.05|lambda=0.8,learning_curve,Camelyon17-WILDS,12,0.25,1998,1.0,0.05,0.8,always_deploy_balanced,True,"MANCE++::epsilon=0.05,steps=3",MANCE++,0.0,False,NA,False,True,False,True
learning_curve|Camelyon17-WILDS|seed=12|fraction=0.25|gamma=1|tau=0.05|lambda=0.8,learning_curve,Camelyon17-WILDS,12,0.25,1998,1.0,0.05,0.8,point_selection_balanced,True,"MANCE++::epsilon=0.05,steps=3",MANCE++,0.0,False,NA,False,True,False,True
learning_curve|Camelyon17-WILDS|seed=12|fraction=0.25|gamma=1|tau=0.05|lambda=0.8,learning_curve,Camelyon17-WILDS,12,0.25,1998,1.0,0.05,0.8,vera_balanced_iut,False,,,0.0,False,NA,False,False,True,True
learning_curve|Camelyon17-WILDS|seed=12|fraction=0.25|gamma=1|tau=0.05|lambda=0.8,learning_curve,Camelyon17-WILDS,12,0.25,1998,1.0,0.05,0.8,vera_balanced_envelope,False,,,0.0,False,NA,False,False,True,True
learning_curve|Camelyon17-WILDS|seed=12|fraction=0.25|gamma=1|tau=0.05|lambda=0.8,learning_curve,Camelyon17-WILDS,12,0.25,1998,1.0,0.05,0.8,external_balanced_oracle,False,,,0.0,False,NA,False,False,False,True
learning_curve|Camelyon17-WILDS|seed=12|fraction=0.25|gamma=1|tau=0.1|lambda=0.6,learning_curve,Camelyon17-WILDS,12,0.25,1998,1.0,0.1,0.6,always_deploy_balanced,True,"MANCE++::epsilon=0.05,steps=3",MANCE++,0.0,False,NA,False,True,False,True
learning_curve|Camelyon17-WILDS|seed=12|fraction=0.25|gamma=1|tau=0.1|lambda=0.6,learning_curve,Camelyon17-WILDS,12,0.25,1998,1.0,0.1,0.6,point_selection_balanced,False,,,0.0,False,NA,False,False,False,True
learning_curve|Camelyon17-WILDS|seed=12|fraction=0.25|gamma=1|tau=0.1|lambda=0.6,learning_curve,Camelyon17-WILDS,12,0.25,1998,1.0,0.1,0.6,vera_balanced_iut,False,,,0.0,False,NA,False,False,True,True
learning_curve|Camelyon17-WILDS|seed=12|fraction=0.25|gamma=1|tau=0.1|lambda=0.6,learning_curve,Camelyon17-WILDS,12,0.25,1998,1.0,0.1,0.6,vera_balanced_envelope,False,,,0.0,False,NA,False,False,True,True
learning_curve|Camelyon17-WILDS|seed=12|fraction=0.25|gamma=1|tau=0.1|lambda=0.6,learning_curve,Camelyon17-WILDS,12,0.25,1998,1.0,0.1,0.6,external_balanced_oracle,False,,,0.0,False,NA,False,False,False,True
learning_curve|Camelyon17-WILDS|seed=12|fraction=0.25|gamma=1|tau=0.1|lambda=0.7,learning_curve,Camelyon17-WILDS,12,0.25,1998,1.0,0.1,0.7,always_deploy_balanced,True,"MANCE++::epsilon=0.05,steps=3",MANCE++,0.0,False,NA,False,True,False,True
learning_curve|Camelyon17-WILDS|seed=12|fraction=0.25|gamma=1|tau=0.1|lambda=0.7,learning_curve,Camelyon17-WILDS,12,0.25,1998,1.0,0.1,0.7,point_selection_balanced,False,,,0.0,False,NA,False,False,False,True
learning_curve|Camelyon17-WILDS|seed=12|fraction=0.25|gamma=1|tau=0.1|lambda=0.7,learning_curve,Camelyon17-WILDS,12,0.25,1998,1.0,0.1,0.7,vera_balanced_iut,False,,,0.0,False,NA,False,False,True,True
learning_curve|Camelyon17-WILDS|seed=12|fraction=0.25|gamma=1|tau=0.1|lambda=0.7,learning_curve,Camelyon17-WILDS,12,0.25,1998,1.0,0.1,0.7,vera_balanced_envelope,False,,,0.0,False,NA,False,False,True,True
learning_curve|Camelyon17-WILDS|seed=12|fraction=0.25|gamma=1|tau=0.1|lambda=0.7,learning_curve,Camelyon17-WILDS,12,0.25,1998,1.0,0.1,0.7,external_balanced_oracle,False,,,0.0,False,NA,False,False,False,True
learning_curve|Camelyon17-WILDS|seed=12|fraction=0.25|gamma=1|tau=0.1|lambda=0.8,learning_curve,Camelyon17-WILDS,12,0.25,1998,1.0,0.1,0.8,always_deploy_balanced,True,"MANCE++::epsilon=0.05,steps=3",MANCE++,0.0,False,NA,False,True,False,True
learning_curve|Camelyon17-WILDS|seed=12|fraction=0.25|gamma=1|tau=0.1|lambda=0.8,learning_curve,Camelyon17-WILDS,12,0.25,1998,1.0,0.1,0.8,point_selection_balanced,True,"MANCE++::epsilon=0.05,steps=3",MANCE++,0.0,False,NA,False,True,False,True
learning_curve|Camelyon17-WILDS|seed=12|fraction=0.25|gamma=1|tau=0.1|lambda=0.8,learning_curve,Camelyon17-WILDS,12,0.25,1998,1.0,0.1,0.8,vera_balanced_iut,False,,,0.0,False,NA,False,False,True,True
learning_curve|Camelyon17-WILDS|seed=12|fraction=0.25|gamma=1|tau=0.1|lambda=0.8,learning_curve,Camelyon17-WILDS,12,0.25,1998,1.0,0.1,0.8,vera_balanced_envelope,False,,,0.0,False,NA,False,False,True,True
learning_curve|Camelyon17-WILDS|seed=12|fraction=0.25|gamma=1|tau=0.1|lambda=0.8,learning_curve,Camelyon17-WILDS,12,0.25,1998,1.0,0.1,0.8,external_balanced_oracle,False,,,0.0,False,NA,False,False,False,True
learning_curve|Camelyon17-WILDS|seed=12|fraction=0.25|gamma=1|tau=0.2|lambda=0.6,learning_curve,Camelyon17-WILDS,12,0.25,1998,1.0,0.2,0.6,always_deploy_balanced,True,"MANCE++::epsilon=0.05,steps=3",MANCE++,0.0,False,NA,False,True,False,True
learning_curve|Camelyon17-WILDS|seed=12|fraction=0.25|gamma=1|tau=0.2|lambda=0.6,learning_curve,Camelyon17-WILDS,12,0.25,1998,1.0,0.2,0.6,point_selection_balanced,False,,,0.0,False,NA,False,False,False,True
learning_curve|Camelyon17-WILDS|seed=12|fraction=0.25|gamma=1|tau=0.2|lambda=0.6,learning_curve,Camelyon17-WILDS,12,0.25,1998,1.0,0.2,0.6,vera_balanced_iut,False,,,0.0,False,NA,False,False,True,True
learning_curve|Camelyon17-WILDS|seed=12|fraction=0.25|gamma=1|tau=0.2|lambda=0.6,learning_curve,Camelyon17-WILDS,12,0.25,1998,1.0,0.2,0.6,vera_balanced_envelope,False,,,0.0,False,NA,False,False,True,True
learning_curve|Camelyon17-WILDS|seed=12|fraction=0.25|gamma=1|tau=0.2|lambda=0.6,learning_curve,Camelyon17-WILDS,12,0.25,1998,1.0,0.2,0.6,external_balanced_oracle,False,,,0.0,False,NA,False,False,False,True
learning_curve|Camelyon17-WILDS|seed=12|fraction=0.25|gamma=1|tau=0.2|lambda=0.7,learning_curve,Camelyon17-WILDS,12,0.25,1998,1.0,0.2,0.7,always_deploy_balanced,True,"MANCE++::epsilon=0.05,steps=3",MANCE++,0.0,False,NA,False,True,False,True
learning_curve|Camelyon17-WILDS|seed=12|fraction=0.25|gamma=1|tau=0.2|lambda=0.7,learning_curve,Camelyon17-WILDS,12,0.25,1998,1.0,0.2,0.7,point_selection_balanced,False,,,0.0,False,NA,False,False,False,True
learning_curve|Camelyon17-WILDS|seed=12|fraction=0.25|gamma=1|tau=0.2|lambda=0.7,learning_curve,Camelyon17-WILDS,12,0.25,1998,1.0,0.2,0.7,vera_balanced_iut,False,,,0.0,False,NA,False,False,True,True
learning_curve|Camelyon17-WILDS|seed=12|fraction=0.25|gamma=1|tau=0.2|lambda=0.7,learning_curve,Camelyon17-WILDS,12,0.25,1998,1.0,0.2,0.7,vera_balanced_envelope,False,,,0.0,False,NA,False,False,True,True
learning_curve|Camelyon17-WILDS|seed=12|fraction=0.25|gamma=1|tau=0.2|lambda=0.7,learning_curve,Camelyon17-WILDS,12,0.25,1998,1.0,0.2,0.7,external_balanced_oracle,False,,,0.0,False,NA,False,False,False,True
learning_curve|Camelyon17-WILDS|seed=12|fraction=0.25|gamma=1|tau=0.2|lambda=0.8,learning_curve,Camelyon17-WILDS,12,0.25,1998,1.0,0.2,0.8,always_deploy_balanced,True,"MANCE++::epsilon=0.05,steps=3",MANCE++,0.0,False,NA,False,True,False,True
learning_curve|Camelyon17-WILDS|seed=12|fraction=0.25|gamma=1|tau=0.2|lambda=0.8,learning_curve,Camelyon17-WILDS,12,0.25,1998,1.0,0.2,0.8,point_selection_balanced,True,"MANCE++::epsilon=0.05,steps=3",MANCE++,0.0,False,NA,False,True,False,True
learning_curve|Camelyon17-WILDS|seed=12|fraction=0.25|gamma=1|tau=0.2|lambda=0.8,learning_curve,Camelyon17-WILDS,12,0.25,1998,1.0,0.2,0.8,vera_balanced_iut,False,,,0.0,False,NA,False,False,True,True
learning_curve|Camelyon17-WILDS|seed=12|fraction=0.25|gamma=1|tau=0.2|lambda=0.8,learning_curve,Camelyon17-WILDS,12,0.25,1998,1.0,0.2,0.8,vera_balanced_envelope,False,,,0.0,False,NA,False,False,True,True
learning_curve|Camelyon17-WILDS|seed=12|fraction=0.25|gamma=1|tau=0.2|lambda=0.8,learning_curve,Camelyon17-WILDS,12,0.25,1998,1.0,0.2,0.8,external_balanced_oracle,False,,,0.0,False,NA,False,False,False,True
learning_curve|Camelyon17-WILDS|seed=12|fraction=0.5|gamma=1|tau=0.05|lambda=0.6,learning_curve,Camelyon17-WILDS,12,0.5,3998,1.0,0.05,0.6,always_deploy_balanced,True,"MANCE++::epsilon=0.05,steps=3",MANCE++,0.0,False,NA,False,True,False,True
learning_curve|Camelyon17-WILDS|seed=12|fraction=0.5|gamma=1|tau=0.05|lambda=0.6,learning_curve,Camelyon17-WILDS,12,0.5,3998,1.0,0.05,0.6,point_selection_balanced,False,,,0.0,False,NA,False,False,False,True
learning_curve|Camelyon17-WILDS|seed=12|fraction=0.5|gamma=1|tau=0.05|lambda=0.6,learning_curve,Camelyon17-WILDS,12,0.5,3998,1.0,0.05,0.6,vera_balanced_iut,False,,,0.0,False,NA,False,False,True,True
learning_curve|Camelyon17-WILDS|seed=12|fraction=0.5|gamma=1|tau=0.05|lambda=0.6,learning_curve,Camelyon17-WILDS,12,0.5,3998,1.0,0.05,0.6,vera_balanced_envelope,False,,,0.0,False,NA,False,False,True,True
learning_curve|Camelyon17-WILDS|seed=12|fraction=0.5|gamma=1|tau=0.05|lambda=0.6,learning_curve,Camelyon17-WILDS,12,0.5,3998,1.0,0.05,0.6,external_balanced_oracle,False,,,0.0,False,NA,False,False,False,True
learning_curve|Camelyon17-WILDS|seed=12|fraction=0.5|gamma=1|tau=0.05|lambda=0.7,learning_curve,Camelyon17-WILDS,12,0.5,3998,1.0,0.05,0.7,always_deploy_balanced,True,"MANCE++::epsilon=0.05,steps=3",MANCE++,0.0,False,NA,False,True,False,True
learning_curve|Camelyon17-WILDS|seed=12|fraction=0.5|gamma=1|tau=0.05|lambda=0.7,learning_curve,Camelyon17-WILDS,12,0.5,3998,1.0,0.05,0.7,point_selection_balanced,False,,,0.0,False,NA,False,False,False,True
learning_curve|Camelyon17-WILDS|seed=12|fraction=0.5|gamma=1|tau=0.05|lambda=0.7,learning_curve,Camelyon17-WILDS,12,0.5,3998,1.0,0.05,0.7,vera_balanced_iut,False,,,0.0,False,NA,False,False,True,True
learning_curve|Camelyon17-WILDS|seed=12|fraction=0.5|gamma=1|tau=0.05|lambda=0.7,learning_curve,Camelyon17-WILDS,12,0.5,3998,1.0,0.05,0.7,vera_balanced_envelope,False,,,0.0,False,NA,False,False,True,True
learning_curve|Camelyon17-WILDS|seed=12|fraction=0.5|gamma=1|tau=0.05|lambda=0.7,learning_curve,Camelyon17-WILDS,12,0.5,3998,1.0,0.05,0.7,external_balanced_oracle,False,,,0.0,False,NA,False,False,False,True
learning_curve|Camelyon17-WILDS|seed=12|fraction=0.5|gamma=1|tau=0.05|lambda=0.8,learning_curve,Camelyon17-WILDS,12,0.5,3998,1.0,0.05,0.8,always_deploy_balanced,True,"MANCE++::epsilon=0.05,steps=3",MANCE++,0.0,False,NA,False,True,False,True
learning_curve|Camelyon17-WILDS|seed=12|fraction=0.5|gamma=1|tau=0.05|lambda=0.8,learning_curve,Camelyon17-WILDS,12,0.5,3998,1.0,0.05,0.8,point_selection_balanced,True,"MANCE++::epsilon=0.05,steps=3",MANCE++,0.0,False,NA,False,True,False,True
learning_curve|Camelyon17-WILDS|seed=12|fraction=0.5|gamma=1|tau=0.05|lambda=0.8,learning_curve,Camelyon17-WILDS,12,0.5,3998,1.0,0.05,0.8,vera_balanced_iut,False,,,0.0,False,NA,False,False,True,True
learning_curve|Camelyon17-WILDS|seed=12|fraction=0.5|gamma=1|tau=0.05|lambda=0.8,learning_curve,Camelyon17-WILDS,12,0.5,3998,1.0,0.05,0.8,vera_balanced_envelope,False,,,0.0,False,NA,False,False,True,True
learning_curve|Camelyon17-WILDS|seed=12|fraction=0.5|gamma=1|tau=0.05|lambda=0.8,learning_curve,Camelyon17-WILDS,12,0.5,3998,1.0,0.05,0.8,external_balanced_oracle,False,,,0.0,False,NA,False,False,False,True
learning_curve|Camelyon17-WILDS|seed=12|fraction=0.5|gamma=1|tau=0.1|lambda=0.6,learning_curve,Camelyon17-WILDS,12,0.5,3998,1.0,0.1,0.6,always_deploy_balanced,True,"MANCE++::epsilon=0.05,steps=3",MANCE++,0.0,False,NA,False,True,False,True
learning_curve|Camelyon17-WILDS|seed=12|fraction=0.5|gamma=1|tau=0.1|lambda=0.6,learning_curve,Camelyon17-WILDS,12,0.5,3998,1.0,0.1,0.6,point_selection_balanced,False,,,0.0,False,NA,False,False,False,True
learning_curve|Camelyon17-WILDS|seed=12|fraction=0.5|gamma=1|tau=0.1|lambda=0.6,learning_curve,Camelyon17-WILDS,12,0.5,3998,1.0,0.1,0.6,vera_balanced_iut,False,,,0.0,False,NA,False,False,True,True
learning_curve|Camelyon17-WILDS|seed=12|fraction=0.5|gamma=1|tau=0.1|lambda=0.6,learning_curve,Camelyon17-WILDS,12,0.5,3998,1.0,0.1,0.6,vera_balanced_envelope,False,,,0.0,False,NA,False,False,True,True
learning_curve|Camelyon17-WILDS|seed=12|fraction=0.5|gamma=1|tau=0.1|lambda=0.6,learning_curve,Camelyon17-WILDS,12,0.5,3998,1.0,0.1,0.6,external_balanced_oracle,False,,,0.0,False,NA,False,False,False,True
learning_curve|Camelyon17-WILDS|seed=12|fraction=0.5|gamma=1|tau=0.1|lambda=0.7,learning_curve,Camelyon17-WILDS,12,0.5,3998,1.0,0.1,0.7,always_deploy_balanced,True,"MANCE++::epsilon=0.05,steps=3",MANCE++,0.0,False,NA,False,True,False,True
learning_curve|Camelyon17-WILDS|seed=12|fraction=0.5|gamma=1|tau=0.1|lambda=0.7,learning_curve,Camelyon17-WILDS,12,0.5,3998,1.0,0.1,0.7,point_selection_balanced,False,,,0.0,False,NA,False,False,False,True
learning_curve|Camelyon17-WILDS|seed=12|fraction=0.5|gamma=1|tau=0.1|lambda=0.7,learning_curve,Camelyon17-WILDS,12,0.5,3998,1.0,0.1,0.7,vera_balanced_iut,False,,,0.0,False,NA,False,False,True,True
learning_curve|Camelyon17-WILDS|seed=12|fraction=0.5|gamma=1|tau=0.1|lambda=0.7,learning_curve,Camelyon17-WILDS,12,0.5,3998,1.0,0.1,0.7,vera_balanced_envelope,False,,,0.0,False,NA,False,False,True,True
learning_curve|Camelyon17-WILDS|seed=12|fraction=0.5|gamma=1|tau=0.1|lambda=0.7,learning_curve,Camelyon17-WILDS,12,0.5,3998,1.0,0.1,0.7,external_balanced_oracle,False,,,0.0,False,NA,False,False,False,True
learning_curve|Camelyon17-WILDS|seed=12|fraction=0.5|gamma=1|tau=0.1|lambda=0.8,learning_curve,Camelyon17-WILDS,12,0.5,3998,1.0,0.1,0.8,always_deploy_balanced,True,"MANCE++::epsilon=0.05,steps=3",MANCE++,0.0,False,NA,False,True,False,True
learning_curve|Camelyon17-WILDS|seed=12|fraction=0.5|gamma=1|tau=0.1|lambda=0.8,learning_curve,Camelyon17-WILDS,12,0.5,3998,1.0,0.1,0.8,point_selection_balanced,True,"MANCE++::epsilon=0.05,steps=3",MANCE++,0.0,False,NA,False,True,False,True
learning_curve|Camelyon17-WILDS|seed=12|fraction=0.5|gamma=1|tau=0.1|lambda=0.8,learning_curve,Camelyon17-WILDS,12,0.5,3998,1.0,0.1,0.8,vera_balanced_iut,False,,,0.0,False,NA,False,False,True,True
learning_curve|Camelyon17-WILDS|seed=12|fraction=0.5|gamma=1|tau=0.1|lambda=0.8,learning_curve,Camelyon17-WILDS,12,0.5,3998,1.0,0.1,0.8,vera_balanced_envelope,False,,,0.0,False,NA,False,False,True,True
learning_curve|Camelyon17-WILDS|seed=12|fraction=0.5|gamma=1|tau=0.1|lambda=0.8,learning_curve,Camelyon17-WILDS,12,0.5,3998,1.0,0.1,0.8,external_balanced_oracle,False,,,0.0,False,NA,False,False,False,True
learning_curve|Camelyon17-WILDS|seed=12|fraction=0.5|gamma=1|tau=0.2|lambda=0.6,learning_curve,Camelyon17-WILDS,12,0.5,3998,1.0,0.2,0.6,always_deploy_balanced,True,"MANCE++::epsilon=0.05,steps=3",MANCE++,0.0,False,NA,False,True,False,True
learning_curve|Camelyon17-WILDS|seed=12|fraction=0.5|gamma=1|tau=0.2|lambda=0.6,learning_curve,Camelyon17-WILDS,12,0.5,3998,1.0,0.2,0.6,point_selection_balanced,False,,,0.0,False,NA,False,False,False,True
learning_curve|Camelyon17-WILDS|seed=12|fraction=0.5|gamma=1|tau=0.2|lambda=0.6,learning_curve,Camelyon17-WILDS,12,0.5,3998,1.0,0.2,0.6,vera_balanced_iut,False,,,0.0,False,NA,False,False,True,True
learning_curve|Camelyon17-WILDS|seed=12|fraction=0.5|gamma=1|tau=0.2|lambda=0.6,learning_curve,Camelyon17-WILDS,12,0.5,3998,1.0,0.2,0.6,vera_balanced_envelope,False,,,0.0,False,NA,False,False,True,True
learning_curve|Camelyon17-WILDS|seed=12|fraction=0.5|gamma=1|tau=0.2|lambda=0.6,learning_curve,Camelyon17-WILDS,12,0.5,3998,1.0,0.2,0.6,external_balanced_oracle,False,,,0.0,False,NA,False,False,False,True
learning_curve|Camelyon17-WILDS|seed=12|fraction=0.5|gamma=1|tau=0.2|lambda=0.7,learning_curve,Camelyon17-WILDS,12,0.5,3998,1.0,0.2,0.7,always_deploy_balanced,True,"MANCE++::epsilon=0.05,steps=3",MANCE++,0.0,False,NA,False,True,False,True
learning_curve|Camelyon17-WILDS|seed=12|fraction=0.5|gamma=1|tau=0.2|lambda=0.7,learning_curve,Camelyon17-WILDS,12,0.5,3998,1.0,0.2,0.7,point_selection_balanced,False,,,0.0,False,NA,False,False,False,True
learning_curve|Camelyon17-WILDS|seed=12|fraction=0.5|gamma=1|tau=0.2|lambda=0.7,learning_curve,Camelyon17-WILDS,12,0.5,3998,1.0,0.2,0.7,vera_balanced_iut,False,,,0.0,False,NA,False,False,True,True
learning_curve|Camelyon17-WILDS|seed=12|fraction=0.5|gamma=1|tau=0.2|lambda=0.7,learning_curve,Camelyon17-WILDS,12,0.5,3998,1.0,0.2,0.7,vera_balanced_envelope,False,,,0.0,False,NA,False,False,True,True
learning_curve|Camelyon17-WILDS|seed=12|fraction=0.5|gamma=1|tau=0.2|lambda=0.7,learning_curve,Camelyon17-WILDS,12,0.5,3998,1.0,0.2,0.7,external_balanced_oracle,False,,,0.0,False,NA,False,False,False,True
learning_curve|Camelyon17-WILDS|seed=12|fraction=0.5|gamma=1|tau=0.2|lambda=0.8,learning_curve,Camelyon17-WILDS,12,0.5,3998,1.0,0.2,0.8,always_deploy_balanced,True,"MANCE++::epsilon=0.05,steps=3",MANCE++,0.0,False,NA,False,True,False,True
learning_curve|Camelyon17-WILDS|seed=12|fraction=0.5|gamma=1|tau=0.2|lambda=0.8,learning_curve,Camelyon17-WILDS,12,0.5,3998,1.0,0.2,0.8,point_selection_balanced,True,"MANCE++::epsilon=0.05,steps=3",MANCE++,0.0,False,NA,False,True,False,True
learning_curve|Camelyon17-WILDS|seed=12|fraction=0.5|gamma=1|tau=0.2|lambda=0.8,learning_curve,Camelyon17-WILDS,12,0.5,3998,1.0,0.2,0.8,vera_balanced_iut,False,,,0.0,False,NA,False,False,True,True
learning_curve|Camelyon17-WILDS|seed=12|fraction=0.5|gamma=1|tau=0.2|lambda=0.8,learning_curve,Camelyon17-WILDS,12,0.5,3998,1.0,0.2,0.8,vera_balanced_envelope,False,,,0.0,False,NA,False,False,True,True
learning_curve|Camelyon17-WILDS|seed=12|fraction=0.5|gamma=1|tau=0.2|lambda=0.8,learning_curve,Camelyon17-WILDS,12,0.5,3998,1.0,0.2,0.8,external_balanced_oracle,False,,,0.0,False,NA,False,False,False,True
primary|Camelyon17-WILDS|seed=12|fraction=1|gamma=1|tau=0.05|lambda=0.6,primary,Camelyon17-WILDS,12,1.0,8000,1.0,0.05,0.6,always_deploy_balanced,True,"MANCE++::epsilon=0.05,steps=3",MANCE++,0.0,False,NA,False,True,False,True
primary|Camelyon17-WILDS|seed=12|fraction=1|gamma=1|tau=0.05|lambda=0.6,primary,Camelyon17-WILDS,12,1.0,8000,1.0,0.05,0.6,point_selection_balanced,False,,,0.0,False,NA,False,False,False,True
primary|Camelyon17-WILDS|seed=12|fraction=1|gamma=1|tau=0.05|lambda=0.6,primary,Camelyon17-WILDS,12,1.0,8000,1.0,0.05,0.6,vera_balanced_iut,False,,,0.0,False,NA,False,False,True,True
primary|Camelyon17-WILDS|seed=12|fraction=1|gamma=1|tau=0.05|lambda=0.6,primary,Camelyon17-WILDS,12,1.0,8000,1.0,0.05,0.6,vera_balanced_envelope,False,,,0.0,False,NA,False,False,True,True
primary|Camelyon17-WILDS|seed=12|fraction=1|gamma=1|tau=0.05|lambda=0.6,primary,Camelyon17-WILDS,12,1.0,8000,1.0,0.05,0.6,external_balanced_oracle,False,,,0.0,False,NA,False,False,False,True
primary|Camelyon17-WILDS|seed=12|fraction=1|gamma=1|tau=0.05|lambda=0.7,primary,Camelyon17-WILDS,12,1.0,8000,1.0,0.05,0.7,always_deploy_balanced,True,"MANCE++::epsilon=0.05,steps=3",MANCE++,0.0,False,NA,False,True,False,True
primary|Camelyon17-WILDS|seed=12|fraction=1|gamma=1|tau=0.05|lambda=0.7,primary,Camelyon17-WILDS,12,1.0,8000,1.0,0.05,0.7,point_selection_balanced,False,,,0.0,False,NA,False,False,False,True
primary|Camelyon17-WILDS|seed=12|fraction=1|gamma=1|tau=0.05|lambda=0.7,primary,Camelyon17-WILDS,12,1.0,8000,1.0,0.05,0.7,vera_balanced_iut,False,,,0.0,False,NA,False,False,True,True
primary|Camelyon17-WILDS|seed=12|fraction=1|gamma=1|tau=0.05|lambda=0.7,primary,Camelyon17-WILDS,12,1.0,8000,1.0,0.05,0.7,vera_balanced_envelope,False,,,0.0,False,NA,False,False,True,True
primary|Camelyon17-WILDS|seed=12|fraction=1|gamma=1|tau=0.05|lambda=0.7,primary,Camelyon17-WILDS,12,1.0,8000,1.0,0.05,0.7,external_balanced_oracle,False,,,0.0,False,NA,False,False,False,True
primary|Camelyon17-WILDS|seed=12|fraction=1|gamma=1|tau=0.05|lambda=0.8,primary,Camelyon17-WILDS,12,1.0,8000,1.0,0.05,0.8,always_deploy_balanced,True,"MANCE++::epsilon=0.05,steps=3",MANCE++,0.0,False,NA,False,True,False,True
primary|Camelyon17-WILDS|seed=12|fraction=1|gamma=1|tau=0.05|lambda=0.8,primary,Camelyon17-WILDS,12,1.0,8000,1.0,0.05,0.8,point_selection_balanced,True,"MANCE++::epsilon=0.05,steps=3",MANCE++,0.0,False,NA,False,True,False,True
primary|Camelyon17-WILDS|seed=12|fraction=1|gamma=1|tau=0.05|lambda=0.8,primary,Camelyon17-WILDS,12,1.0,8000,1.0,0.05,0.8,vera_balanced_iut,False,,,0.0,False,NA,False,False,True,True
primary|Camelyon17-WILDS|seed=12|fraction=1|gamma=1|tau=0.05|lambda=0.8,primary,Camelyon17-WILDS,12,1.0,8000,1.0,0.05,0.8,vera_balanced_envelope,False,,,0.0,False,NA,False,False,True,True
primary|Camelyon17-WILDS|seed=12|fraction=1|gamma=1|tau=0.05|lambda=0.8,primary,Camelyon17-WILDS,12,1.0,8000,1.0,0.05,0.8,external_balanced_oracle,False,,,0.0,False,NA,False,False,False,True
primary|Camelyon17-WILDS|seed=12|fraction=1|gamma=1|tau=0.1|lambda=0.6,primary,Camelyon17-WILDS,12,1.0,8000,1.0,0.1,0.6,always_deploy_balanced,True,"MANCE++::epsilon=0.05,steps=3",MANCE++,0.0,False,NA,False,True,False,True
primary|Camelyon17-WILDS|seed=12|fraction=1|gamma=1|tau=0.1|lambda=0.6,primary,Camelyon17-WILDS,12,1.0,8000,1.0,0.1,0.6,point_selection_balanced,False,,,0.0,False,NA,False,False,False,True
primary|Camelyon17-WILDS|seed=12|fraction=1|gamma=1|tau=0.1|lambda=0.6,primary,Camelyon17-WILDS,12,1.0,8000,1.0,0.1,0.6,vera_balanced_iut,False,,,0.0,False,NA,False,False,True,True
primary|Camelyon17-WILDS|seed=12|fraction=1|gamma=1|tau=0.1|lambda=0.6,primary,Camelyon17-WILDS,12,1.0,8000,1.0,0.1,0.6,vera_balanced_envelope,False,,,0.0,False,NA,False,False,True,True
primary|Camelyon17-WILDS|seed=12|fraction=1|gamma=1|tau=0.1|lambda=0.6,primary,Camelyon17-WILDS,12,1.0,8000,1.0,0.1,0.6,external_balanced_oracle,False,,,0.0,False,NA,False,False,False,True
primary|Camelyon17-WILDS|seed=12|fraction=1|gamma=1|tau=0.1|lambda=0.7,primary,Camelyon17-WILDS,12,1.0,8000,1.0,0.1,0.7,always_deploy_balanced,True,"MANCE++::epsilon=0.05,steps=3",MANCE++,0.0,False,NA,False,True,False,True
primary|Camelyon17-WILDS|seed=12|fraction=1|gamma=1|tau=0.1|lambda=0.7,primary,Camelyon17-WILDS,12,1.0,8000,1.0,0.1,0.7,point_selection_balanced,False,,,0.0,False,NA,False,False,False,True
primary|Camelyon17-WILDS|seed=12|fraction=1|gamma=1|tau=0.1|lambda=0.7,primary,Camelyon17-WILDS,12,1.0,8000,1.0,0.1,0.7,vera_balanced_iut,False,,,0.0,False,NA,False,False,True,True
primary|Camelyon17-WILDS|seed=12|fraction=1|gamma=1|tau=0.1|lambda=0.7,primary,Camelyon17-WILDS,12,1.0,8000,1.0,0.1,0.7,vera_balanced_envelope,False,,,0.0,False,NA,False,False,True,True
primary|Camelyon17-WILDS|seed=12|fraction=1|gamma=1|tau=0.1|lambda=0.7,primary,Camelyon17-WILDS,12,1.0,8000,1.0,0.1,0.7,external_balanced_oracle,False,,,0.0,False,NA,False,False,False,True
primary|Camelyon17-WILDS|seed=12|fraction=1|gamma=1|tau=0.1|lambda=0.8,primary,Camelyon17-WILDS,12,1.0,8000,1.0,0.1,0.8,always_deploy_balanced,True,"MANCE++::epsilon=0.05,steps=3",MANCE++,0.0,False,NA,False,True,False,True
primary|Camelyon17-WILDS|seed=12|fraction=1|gamma=1|tau=0.1|lambda=0.8,primary,Camelyon17-WILDS,12,1.0,8000,1.0,0.1,0.8,point_selection_balanced,True,"MANCE++::epsilon=0.05,steps=3",MANCE++,0.0,False,NA,False,True,False,True
primary|Camelyon17-WILDS|seed=12|fraction=1|gamma=1|tau=0.1|lambda=0.8,primary,Camelyon17-WILDS,12,1.0,8000,1.0,0.1,0.8,vera_balanced_iut,False,,,0.0,False,NA,False,False,True,True
primary|Camelyon17-WILDS|seed=12|fraction=1|gamma=1|tau=0.1|lambda=0.8,primary,Camelyon17-WILDS,12,1.0,8000,1.0,0.1,0.8,vera_balanced_envelope,False,,,0.0,False,NA,False,False,True,True
primary|Camelyon17-WILDS|seed=12|fraction=1|gamma=1|tau=0.1|lambda=0.8,primary,Camelyon17-WILDS,12,1.0,8000,1.0,0.1,0.8,external_balanced_oracle,False,,,0.0,False,NA,False,False,False,True
primary|Camelyon17-WILDS|seed=12|fraction=1|gamma=1|tau=0.2|lambda=0.6,primary,Camelyon17-WILDS,12,1.0,8000,1.0,0.2,0.6,always_deploy_balanced,True,"MANCE++::epsilon=0.05,steps=3",MANCE++,0.0,False,NA,False,True,False,True
primary|Camelyon17-WILDS|seed=12|fraction=1|gamma=1|tau=0.2|lambda=0.6,primary,Camelyon17-WILDS,12,1.0,8000,1.0,0.2,0.6,point_selection_balanced,False,,,0.0,False,NA,False,False,False,True
primary|Camelyon17-WILDS|seed=12|fraction=1|gamma=1|tau=0.2|lambda=0.6,primary,Camelyon17-WILDS,12,1.0,8000,1.0,0.2,0.6,vera_balanced_iut,False,,,0.0,False,NA,False,False,True,True
primary|Camelyon17-WILDS|seed=12|fraction=1|gamma=1|tau=0.2|lambda=0.6,primary,Camelyon17-WILDS,12,1.0,8000,1.0,0.2,0.6,vera_balanced_envelope,False,,,0.0,False,NA,False,False,True,True
primary|Camelyon17-WILDS|seed=12|fraction=1|gamma=1|tau=0.2|lambda=0.6,primary,Camelyon17-WILDS,12,1.0,8000,1.0,0.2,0.6,external_balanced_oracle,False,,,0.0,False,NA,False,False,False,True
primary|Camelyon17-WILDS|seed=12|fraction=1|gamma=1|tau=0.2|lambda=0.7,primary,Camelyon17-WILDS,12,1.0,8000,1.0,0.2,0.7,always_deploy_balanced,True,"MANCE++::epsilon=0.05,steps=3",MANCE++,0.0,False,NA,False,True,False,True
primary|Camelyon17-WILDS|seed=12|fraction=1|gamma=1|tau=0.2|lambda=0.7,primary,Camelyon17-WILDS,12,1.0,8000,1.0,0.2,0.7,point_selection_balanced,False,,,0.0,False,NA,False,False,False,True
primary|Camelyon17-WILDS|seed=12|fraction=1|gamma=1|tau=0.2|lambda=0.7,primary,Camelyon17-WILDS,12,1.0,8000,1.0,0.2,0.7,vera_balanced_iut,False,,,0.0,False,NA,False,False,True,True
primary|Camelyon17-WILDS|seed=12|fraction=1|gamma=1|tau=0.2|lambda=0.7,primary,Camelyon17-WILDS,12,1.0,8000,1.0,0.2,0.7,vera_balanced_envelope,False,,,0.0,False,NA,False,False,True,True
primary|Camelyon17-WILDS|seed=12|fraction=1|gamma=1|tau=0.2|lambda=0.7,primary,Camelyon17-WILDS,12,1.0,8000,1.0,0.2,0.7,external_balanced_oracle,False,,,0.0,False,NA,False,False,False,True
primary|Camelyon17-WILDS|seed=12|fraction=1|gamma=1|tau=0.2|lambda=0.8,primary,Camelyon17-WILDS,12,1.0,8000,1.0,0.2,0.8,always_deploy_balanced,True,"MANCE++::epsilon=0.05,steps=3",MANCE++,0.0,False,NA,False,True,False,True
primary|Camelyon17-WILDS|seed=12|fraction=1|gamma=1|tau=0.2|lambda=0.8,primary,Camelyon17-WILDS,12,1.0,8000,1.0,0.2,0.8,point_selection_balanced,True,"MANCE++::epsilon=0.05,steps=3",MANCE++,0.0,False,NA,False,True,False,True
primary|Camelyon17-WILDS|seed=12|fraction=1|gamma=1|tau=0.2|lambda=0.8,primary,Camelyon17-WILDS,12,1.0,8000,1.0,0.2,0.8,vera_balanced_iut,False,,,0.0,False,NA,False,False,True,True
primary|Camelyon17-WILDS|seed=12|fraction=1|gamma=1|tau=0.2|lambda=0.8,primary,Camelyon17-WILDS,12,1.0,8000,1.0,0.2,0.8,vera_balanced_envelope,False,,,0.0,False,NA,False,False,True,True
primary|Camelyon17-WILDS|seed=12|fraction=1|gamma=1|tau=0.2|lambda=0.8,primary,Camelyon17-WILDS,12,1.0,8000,1.0,0.2,0.8,external_balanced_oracle,False,,,0.0,False,NA,False,False,False,True
shifted_sensitivity|Camelyon17-WILDS|seed=12|fraction=1|gamma=1.01|tau=0.05|lambda=0.6,shifted_sensitivity,Camelyon17-WILDS,12,1.0,8000,1.01,0.05,0.6,always_deploy_balanced,True,"MANCE++::epsilon=0.05,steps=3",MANCE++,0.0,False,NA,False,True,False,True
shifted_sensitivity|Camelyon17-WILDS|seed=12|fraction=1|gamma=1.01|tau=0.05|lambda=0.6,shifted_sensitivity,Camelyon17-WILDS,12,1.0,8000,1.01,0.05,0.6,point_selection_balanced,False,,,0.0,False,NA,False,False,False,True
shifted_sensitivity|Camelyon17-WILDS|seed=12|fraction=1|gamma=1.01|tau=0.05|lambda=0.6,shifted_sensitivity,Camelyon17-WILDS,12,1.0,8000,1.01,0.05,0.6,vera_balanced_iut,False,,,0.0,False,NA,False,False,True,True
shifted_sensitivity|Camelyon17-WILDS|seed=12|fraction=1|gamma=1.01|tau=0.05|lambda=0.6,shifted_sensitivity,Camelyon17-WILDS,12,1.0,8000,1.01,0.05,0.6,vera_balanced_envelope,False,,,0.0,False,NA,False,False,True,True
shifted_sensitivity|Camelyon17-WILDS|seed=12|fraction=1|gamma=1.01|tau=0.05|lambda=0.6,shifted_sensitivity,Camelyon17-WILDS,12,1.0,8000,1.01,0.05,0.6,external_balanced_oracle,False,,,0.0,False,NA,False,False,False,True
shifted_sensitivity|Camelyon17-WILDS|seed=12|fraction=1|gamma=1.01|tau=0.05|lambda=0.7,shifted_sensitivity,Camelyon17-WILDS,12,1.0,8000,1.01,0.05,0.7,always_deploy_balanced,True,"MANCE++::epsilon=0.05,steps=3",MANCE++,0.0,False,NA,False,True,False,True
shifted_sensitivity|Camelyon17-WILDS|seed=12|fraction=1|gamma=1.01|tau=0.05|lambda=0.7,shifted_sensitivity,Camelyon17-WILDS,12,1.0,8000,1.01,0.05,0.7,point_selection_balanced,False,,,0.0,False,NA,False,False,False,True
shifted_sensitivity|Camelyon17-WILDS|seed=12|fraction=1|gamma=1.01|tau=0.05|lambda=0.7,shifted_sensitivity,Camelyon17-WILDS,12,1.0,8000,1.01,0.05,0.7,vera_balanced_iut,False,,,0.0,False,NA,False,False,True,True
shifted_sensitivity|Camelyon17-WILDS|seed=12|fraction=1|gamma=1.01|tau=0.05|lambda=0.7,shifted_sensitivity,Camelyon17-WILDS,12,1.0,8000,1.01,0.05,0.7,vera_balanced_envelope,False,,,0.0,False,NA,False,False,True,True
shifted_sensitivity|Camelyon17-WILDS|seed=12|fraction=1|gamma=1.01|tau=0.05|lambda=0.7,shifted_sensitivity,Camelyon17-WILDS,12,1.0,8000,1.01,0.05,0.7,external_balanced_oracle,False,,,0.0,False,NA,False,False,False,True
shifted_sensitivity|Camelyon17-WILDS|seed=12|fraction=1|gamma=1.01|tau=0.05|lambda=0.8,shifted_sensitivity,Camelyon17-WILDS,12,1.0,8000,1.01,0.05,0.8,always_deploy_balanced,True,"MANCE++::epsilon=0.05,steps=3",MANCE++,0.0,False,NA,False,True,False,True
shifted_sensitivity|Camelyon17-WILDS|seed=12|fraction=1|gamma=1.01|tau=0.05|lambda=0.8,shifted_sensitivity,Camelyon17-WILDS,12,1.0,8000,1.01,0.05,0.8,point_selection_balanced,True,"MANCE++::epsilon=0.05,steps=3",MANCE++,0.0,False,NA,False,True,False,True
shifted_sensitivity|Camelyon17-WILDS|seed=12|fraction=1|gamma=1.01|tau=0.05|lambda=0.8,shifted_sensitivity,Camelyon17-WILDS,12,1.0,8000,1.01,0.05,0.8,vera_balanced_iut,False,,,0.0,False,NA,False,False,True,True
shifted_sensitivity|Camelyon17-WILDS|seed=12|fraction=1|gamma=1.01|tau=0.05|lambda=0.8,shifted_sensitivity,Camelyon17-WILDS,12,1.0,8000,1.01,0.05,0.8,vera_balanced_envelope,False,,,0.0,False,NA,False,False,True,True
shifted_sensitivity|Camelyon17-WILDS|seed=12|fraction=1|gamma=1.01|tau=0.05|lambda=0.8,shifted_sensitivity,Camelyon17-WILDS,12,1.0,8000,1.01,0.05,0.8,external_balanced_oracle,False,,,0.0,False,NA,False,False,False,True
shifted_sensitivity|Camelyon17-WILDS|seed=12|fraction=1|gamma=1.01|tau=0.1|lambda=0.6,shifted_sensitivity,Camelyon17-WILDS,12,1.0,8000,1.01,0.1,0.6,always_deploy_balanced,True,"MANCE++::epsilon=0.05,steps=3",MANCE++,0.0,False,NA,False,True,False,True
shifted_sensitivity|Camelyon17-WILDS|seed=12|fraction=1|gamma=1.01|tau=0.1|lambda=0.6,shifted_sensitivity,Camelyon17-WILDS,12,1.0,8000,1.01,0.1,0.6,point_selection_balanced,False,,,0.0,False,NA,False,False,False,True
shifted_sensitivity|Camelyon17-WILDS|seed=12|fraction=1|gamma=1.01|tau=0.1|lambda=0.6,shifted_sensitivity,Camelyon17-WILDS,12,1.0,8000,1.01,0.1,0.6,vera_balanced_iut,False,,,0.0,False,NA,False,False,True,True
shifted_sensitivity|Camelyon17-WILDS|seed=12|fraction=1|gamma=1.01|tau=0.1|lambda=0.6,shifted_sensitivity,Camelyon17-WILDS,12,1.0,8000,1.01,0.1,0.6,vera_balanced_envelope,False,,,0.0,False,NA,False,False,True,True
shifted_sensitivity|Camelyon17-WILDS|seed=12|fraction=1|gamma=1.01|tau=0.1|lambda=0.6,shifted_sensitivity,Camelyon17-WILDS,12,1.0,8000,1.01,0.1,0.6,external_balanced_oracle,False,,,0.0,False,NA,False,False,False,True
shifted_sensitivity|Camelyon17-WILDS|seed=12|fraction=1|gamma=1.01|tau=0.1|lambda=0.7,shifted_sensitivity,Camelyon17-WILDS,12,1.0,8000,1.01,0.1,0.7,always_deploy_balanced,True,"MANCE++::epsilon=0.05,steps=3",MANCE++,0.0,False,NA,False,True,False,True
shifted_sensitivity|Camelyon17-WILDS|seed=12|fraction=1|gamma=1.01|tau=0.1|lambda=0.7,shifted_sensitivity,Camelyon17-WILDS,12,1.0,8000,1.01,0.1,0.7,point_selection_balanced,False,,,0.0,False,NA,False,False,False,True
shifted_sensitivity|Camelyon17-WILDS|seed=12|fraction=1|gamma=1.01|tau=0.1|lambda=0.7,shifted_sensitivity,Camelyon17-WILDS,12,1.0,8000,1.01,0.1,0.7,vera_balanced_iut,False,,,0.0,False,NA,False,False,True,True
shifted_sensitivity|Camelyon17-WILDS|seed=12|fraction=1|gamma=1.01|tau=0.1|lambda=0.7,shifted_sensitivity,Camelyon17-WILDS,12,1.0,8000,1.01,0.1,0.7,vera_balanced_envelope,False,,,0.0,False,NA,False,False,True,True
shifted_sensitivity|Camelyon17-WILDS|seed=12|fraction=1|gamma=1.01|tau=0.1|lambda=0.7,shifted_sensitivity,Camelyon17-WILDS,12,1.0,8000,1.01,0.1,0.7,external_balanced_oracle,False,,,0.0,False,NA,False,False,False,True
shifted_sensitivity|Camelyon17-WILDS|seed=12|fraction=1|gamma=1.01|tau=0.1|lambda=0.8,shifted_sensitivity,Camelyon17-WILDS,12,1.0,8000,1.01,0.1,0.8,always_deploy_balanced,True,"MANCE++::epsilon=0.05,steps=3",MANCE++,0.0,False,NA,False,True,False,True
shifted_sensitivity|Camelyon17-WILDS|seed=12|fraction=1|gamma=1.01|tau=0.1|lambda=0.8,shifted_sensitivity,Camelyon17-WILDS,12,1.0,8000,1.01,0.1,0.8,point_selection_balanced,True,"MANCE++::epsilon=0.05,steps=3",MANCE++,0.0,False,NA,False,True,False,True
shifted_sensitivity|Camelyon17-WILDS|seed=12|fraction=1|gamma=1.01|tau=0.1|lambda=0.8,shifted_sensitivity,Camelyon17-WILDS,12,1.0,8000,1.01,0.1,0.8,vera_balanced_iut,False,,,0.0,False,NA,False,False,True,True
shifted_sensitivity|Camelyon17-WILDS|seed=12|fraction=1|gamma=1.01|tau=0.1|lambda=0.8,shifted_sensitivity,Camelyon17-WILDS,12,1.0,8000,1.01,0.1,0.8,vera_balanced_envelope,False,,,0.0,False,NA,False,False,True,True
shifted_sensitivity|Camelyon17-WILDS|seed=12|fraction=1|gamma=1.01|tau=0.1|lambda=0.8,shifted_sensitivity,Camelyon17-WILDS,12,1.0,8000,1.01,0.1,0.8,external_balanced_oracle,False,,,0.0,False,NA,False,False,False,True
shifted_sensitivity|Camelyon17-WILDS|seed=12|fraction=1|gamma=1.01|tau=0.2|lambda=0.6,shifted_sensitivity,Camelyon17-WILDS,12,1.0,8000,1.01,0.2,0.6,always_deploy_balanced,True,"MANCE++::epsilon=0.05,steps=3",MANCE++,0.0,False,NA,False,True,False,True
shifted_sensitivity|Camelyon17-WILDS|seed=12|fraction=1|gamma=1.01|tau=0.2|lambda=0.6,shifted_sensitivity,Camelyon17-WILDS,12,1.0,8000,1.01,0.2,0.6,point_selection_balanced,False,,,0.0,False,NA,False,False,False,True
shifted_sensitivity|Camelyon17-WILDS|seed=12|fraction=1|gamma=1.01|tau=0.2|lambda=0.6,shifted_sensitivity,Camelyon17-WILDS,12,1.0,8000,1.01,0.2,0.6,vera_balanced_iut,False,,,0.0,False,NA,False,False,True,True
shifted_sensitivity|Camelyon17-WILDS|seed=12|fraction=1|gamma=1.01|tau=0.2|lambda=0.6,shifted_sensitivity,Camelyon17-WILDS,12,1.0,8000,1.01,0.2,0.6,vera_balanced_envelope,False,,,0.0,False,NA,False,False,True,True
shifted_sensitivity|Camelyon17-WILDS|seed=12|fraction=1|gamma=1.01|tau=0.2|lambda=0.6,shifted_sensitivity,Camelyon17-WILDS,12,1.0,8000,1.01,0.2,0.6,external_balanced_oracle,False,,,0.0,False,NA,False,False,False,True
shifted_sensitivity|Camelyon17-WILDS|seed=12|fraction=1|gamma=1.01|tau=0.2|lambda=0.7,shifted_sensitivity,Camelyon17-WILDS,12,1.0,8000,1.01,0.2,0.7,always_deploy_balanced,True,"MANCE++::epsilon=0.05,steps=3",MANCE++,0.0,False,NA,False,True,False,True
shifted_sensitivity|Camelyon17-WILDS|seed=12|fraction=1|gamma=1.01|tau=0.2|lambda=0.7,shifted_sensitivity,Camelyon17-WILDS,12,1.0,8000,1.01,0.2,0.7,point_selection_balanced,False,,,0.0,False,NA,False,False,False,True
shifted_sensitivity|Camelyon17-WILDS|seed=12|fraction=1|gamma=1.01|tau=0.2|lambda=0.7,shifted_sensitivity,Camelyon17-WILDS,12,1.0,8000,1.01,0.2,0.7,vera_balanced_iut,False,,,0.0,False,NA,False,False,True,True
shifted_sensitivity|Camelyon17-WILDS|seed=12|fraction=1|gamma=1.01|tau=0.2|lambda=0.7,shifted_sensitivity,Camelyon17-WILDS,12,1.0,8000,1.01,0.2,0.7,vera_balanced_envelope,False,,,0.0,False,NA,False,False,True,True
shifted_sensitivity|Camelyon17-WILDS|seed=12|fraction=1|gamma=1.01|tau=0.2|lambda=0.7,shifted_sensitivity,Camelyon17-WILDS,12,1.0,8000,1.01,0.2,0.7,external_balanced_oracle,False,,,0.0,False,NA,False,False,False,True
shifted_sensitivity|Camelyon17-WILDS|seed=12|fraction=1|gamma=1.01|tau=0.2|lambda=0.8,shifted_sensitivity,Camelyon17-WILDS,12,1.0,8000,1.01,0.2,0.8,always_deploy_balanced,True,"MANCE++::epsilon=0.05,steps=3",MANCE++,0.0,False,NA,False,True,False,True
shifted_sensitivity|Camelyon17-WILDS|seed=12|fraction=1|gamma=1.01|tau=0.2|lambda=0.8,shifted_sensitivity,Camelyon17-WILDS,12,1.0,8000,1.01,0.2,0.8,point_selection_balanced,True,"MANCE++::epsilon=0.05,steps=3",MANCE++,0.0,False,NA,False,True,False,True
shifted_sensitivity|Camelyon17-WILDS|seed=12|fraction=1|gamma=1.01|tau=0.2|lambda=0.8,shifted_sensitivity,Camelyon17-WILDS,12,1.0,8000,1.01,0.2,0.8,vera_balanced_iut,False,,,0.0,False,NA,False,False,True,True
shifted_sensitivity|Camelyon17-WILDS|seed=12|fraction=1|gamma=1.01|tau=0.2|lambda=0.8,shifted_sensitivity,Camelyon17-WILDS,12,1.0,8000,1.01,0.2,0.8,vera_balanced_envelope,False,,,0.0,False,NA,False,False,True,True
shifted_sensitivity|Camelyon17-WILDS|seed=12|fraction=1|gamma=1.01|tau=0.2|lambda=0.8,shifted_sensitivity,Camelyon17-WILDS,12,1.0,8000,1.01,0.2,0.8,external_balanced_oracle,False,,,0.0,False,NA,False,False,False,True
learning_curve|CivilComments-WILDS|seed=5|fraction=0.05|gamma=1|tau=0.05|lambda=0.6,learning_curve,CivilComments-WILDS,5,0.05,397,1.0,0.05,0.6,always_deploy_balanced,True,TaCo::components_removed=2,TaCo,0.0,True,False,True,False,False,True
learning_curve|CivilComments-WILDS|seed=5|fraction=0.05|gamma=1|tau=0.05|lambda=0.6,learning_curve,CivilComments-WILDS,5,0.05,397,1.0,0.05,0.6,point_selection_balanced,False,,,0.0,True,NA,False,False,False,True
learning_curve|CivilComments-WILDS|seed=5|fraction=0.05|gamma=1|tau=0.05|lambda=0.6,learning_curve,CivilComments-WILDS,5,0.05,397,1.0,0.05,0.6,vera_balanced_iut,False,,,0.0,True,NA,False,False,False,True
learning_curve|CivilComments-WILDS|seed=5|fraction=0.05|gamma=1|tau=0.05|lambda=0.6,learning_curve,CivilComments-WILDS,5,0.05,397,1.0,0.05,0.6,vera_balanced_envelope,False,,,0.0,True,NA,False,False,False,True
learning_curve|CivilComments-WILDS|seed=5|fraction=0.05|gamma=1|tau=0.05|lambda=0.6,learning_curve,CivilComments-WILDS,5,0.05,397,1.0,0.05,0.6,external_balanced_oracle,False,,,0.0,True,NA,False,False,False,True
learning_curve|CivilComments-WILDS|seed=5|fraction=0.05|gamma=1|tau=0.05|lambda=0.7,learning_curve,CivilComments-WILDS,5,0.05,397,1.0,0.05,0.7,always_deploy_balanced,True,TaCo::components_removed=2,TaCo,0.0,True,False,True,False,False,True
learning_curve|CivilComments-WILDS|seed=5|fraction=0.05|gamma=1|tau=0.05|lambda=0.7,learning_curve,CivilComments-WILDS,5,0.05,397,1.0,0.05,0.7,point_selection_balanced,False,,,0.0,True,NA,False,False,False,True
learning_curve|CivilComments-WILDS|seed=5|fraction=0.05|gamma=1|tau=0.05|lambda=0.7,learning_curve,CivilComments-WILDS,5,0.05,397,1.0,0.05,0.7,vera_balanced_iut,False,,,0.0,True,NA,False,False,False,True
learning_curve|CivilComments-WILDS|seed=5|fraction=0.05|gamma=1|tau=0.05|lambda=0.7,learning_curve,CivilComments-WILDS,5,0.05,397,1.0,0.05,0.7,vera_balanced_envelope,False,,,0.0,True,NA,False,False,False,True
learning_curve|CivilComments-WILDS|seed=5|fraction=0.05|gamma=1|tau=0.05|lambda=0.7,learning_curve,CivilComments-WILDS,5,0.05,397,1.0,0.05,0.7,external_balanced_oracle,False,,,0.0,True,NA,False,False,False,True
learning_curve|CivilComments-WILDS|seed=5|fraction=0.05|gamma=1|tau=0.05|lambda=0.8,learning_curve,CivilComments-WILDS,5,0.05,397,1.0,0.05,0.8,always_deploy_balanced,True,TaCo::components_removed=2,TaCo,0.0,True,False,True,False,False,True
learning_curve|CivilComments-WILDS|seed=5|fraction=0.05|gamma=1|tau=0.05|lambda=0.8,learning_curve,CivilComments-WILDS,5,0.05,397,1.0,0.05,0.8,point_selection_balanced,False,,,0.0,True,NA,False,False,False,True
learning_curve|CivilComments-WILDS|seed=5|fraction=0.05|gamma=1|tau=0.05|lambda=0.8,learning_curve,CivilComments-WILDS,5,0.05,397,1.0,0.05,0.8,vera_balanced_iut,False,,,0.0,True,NA,False,False,False,True
learning_curve|CivilComments-WILDS|seed=5|fraction=0.05|gamma=1|tau=0.05|lambda=0.8,learning_curve,CivilComments-WILDS,5,0.05,397,1.0,0.05,0.8,vera_balanced_envelope,False,,,0.0,True,NA,False,False,False,True
learning_curve|CivilComments-WILDS|seed=5|fraction=0.05|gamma=1|tau=0.05|lambda=0.8,learning_curve,CivilComments-WILDS,5,0.05,397,1.0,0.05,0.8,external_balanced_oracle,False,,,0.0,True,NA,False,False,False,True
learning_curve|CivilComments-WILDS|seed=5|fraction=0.05|gamma=1|tau=0.1|lambda=0.6,learning_curve,CivilComments-WILDS,5,0.05,397,1.0,0.1,0.6,always_deploy_balanced,True,TaCo::components_removed=2,TaCo,0.0,True,False,True,False,False,True
learning_curve|CivilComments-WILDS|seed=5|fraction=0.05|gamma=1|tau=0.1|lambda=0.6,learning_curve,CivilComments-WILDS,5,0.05,397,1.0,0.1,0.6,point_selection_balanced,False,,,0.0,True,NA,False,False,False,True
learning_curve|CivilComments-WILDS|seed=5|fraction=0.05|gamma=1|tau=0.1|lambda=0.6,learning_curve,CivilComments-WILDS,5,0.05,397,1.0,0.1,0.6,vera_balanced_iut,False,,,0.0,True,NA,False,False,False,True
learning_curve|CivilComments-WILDS|seed=5|fraction=0.05|gamma=1|tau=0.1|lambda=0.6,learning_curve,CivilComments-WILDS,5,0.05,397,1.0,0.1,0.6,vera_balanced_envelope,False,,,0.0,True,NA,False,False,False,True
learning_curve|CivilComments-WILDS|seed=5|fraction=0.05|gamma=1|tau=0.1|lambda=0.6,learning_curve,CivilComments-WILDS,5,0.05,397,1.0,0.1,0.6,external_balanced_oracle,False,,,0.0,True,NA,False,False,False,True
learning_curve|CivilComments-WILDS|seed=5|fraction=0.05|gamma=1|tau=0.1|lambda=0.7,learning_curve,CivilComments-WILDS,5,0.05,397,1.0,0.1,0.7,always_deploy_balanced,True,TaCo::components_removed=2,TaCo,0.0,True,False,True,False,False,True
learning_curve|CivilComments-WILDS|seed=5|fraction=0.05|gamma=1|tau=0.1|lambda=0.7,learning_curve,CivilComments-WILDS,5,0.05,397,1.0,0.1,0.7,point_selection_balanced,False,,,0.0,True,NA,False,False,False,True
learning_curve|CivilComments-WILDS|seed=5|fraction=0.05|gamma=1|tau=0.1|lambda=0.7,learning_curve,CivilComments-WILDS,5,0.05,397,1.0,0.1,0.7,vera_balanced_iut,False,,,0.0,True,NA,False,False,False,True
learning_curve|CivilComments-WILDS|seed=5|fraction=0.05|gamma=1|tau=0.1|lambda=0.7,learning_curve,CivilComments-WILDS,5,0.05,397,1.0,0.1,0.7,vera_balanced_envelope,False,,,0.0,True,NA,False,False,False,True
learning_curve|CivilComments-WILDS|seed=5|fraction=0.05|gamma=1|tau=0.1|lambda=0.7,learning_curve,CivilComments-WILDS,5,0.05,397,1.0,0.1,0.7,external_balanced_oracle,False,,,0.0,True,NA,False,False,False,True
learning_curve|CivilComments-WILDS|seed=5|fraction=0.05|gamma=1|tau=0.1|lambda=0.8,learning_curve,CivilComments-WILDS,5,0.05,397,1.0,0.1,0.8,always_deploy_balanced,True,TaCo::components_removed=2,TaCo,0.0,True,False,True,False,False,True
learning_curve|CivilComments-WILDS|seed=5|fraction=0.05|gamma=1|tau=0.1|lambda=0.8,learning_curve,CivilComments-WILDS,5,0.05,397,1.0,0.1,0.8,point_selection_balanced,True,INLP::rank=8,INLP,0.0,True,True,False,False,False,True
learning_curve|CivilComments-WILDS|seed=5|fraction=0.05|gamma=1|tau=0.1|lambda=0.8,learning_curve,CivilComments-WILDS,5,0.05,397,1.0,0.1,0.8,vera_balanced_iut,False,,,0.0,True,NA,False,False,False,True
learning_curve|CivilComments-WILDS|seed=5|fraction=0.05|gamma=1|tau=0.1|lambda=0.8,learning_curve,CivilComments-WILDS,5,0.05,397,1.0,0.1,0.8,vera_balanced_envelope,False,,,0.0,True,NA,False,False,False,True
learning_curve|CivilComments-WILDS|seed=5|fraction=0.05|gamma=1|tau=0.1|lambda=0.8,learning_curve,CivilComments-WILDS,5,0.05,397,1.0,0.1,0.8,external_balanced_oracle,True,"MANCE++::epsilon=0.05,steps=3",MANCE++,0.0,True,True,False,False,False,True
learning_curve|CivilComments-WILDS|seed=5|fraction=0.05|gamma=1|tau=0.2|lambda=0.6,learning_curve,CivilComments-WILDS,5,0.05,397,1.0,0.2,0.6,always_deploy_balanced,True,TaCo::components_removed=2,TaCo,0.0,True,False,True,False,False,True
learning_curve|CivilComments-WILDS|seed=5|fraction=0.05|gamma=1|tau=0.2|lambda=0.6,learning_curve,CivilComments-WILDS,5,0.05,397,1.0,0.2,0.6,point_selection_balanced,False,,,0.0,True,NA,False,False,False,True
learning_curve|CivilComments-WILDS|seed=5|fraction=0.05|gamma=1|tau=0.2|lambda=0.6,learning_curve,CivilComments-WILDS,5,0.05,397,1.0,0.2,0.6,vera_balanced_iut,False,,,0.0,True,NA,False,False,False,True
learning_curve|CivilComments-WILDS|seed=5|fraction=0.05|gamma=1|tau=0.2|lambda=0.6,learning_curve,CivilComments-WILDS,5,0.05,397,1.0,0.2,0.6,vera_balanced_envelope,False,,,0.0,True,NA,False,False,False,True
learning_curve|CivilComments-WILDS|seed=5|fraction=0.05|gamma=1|tau=0.2|lambda=0.6,learning_curve,CivilComments-WILDS,5,0.05,397,1.0,0.2,0.6,external_balanced_oracle,False,,,0.0,True,NA,False,False,False,True
learning_curve|CivilComments-WILDS|seed=5|fraction=0.05|gamma=1|tau=0.2|lambda=0.7,learning_curve,CivilComments-WILDS,5,0.05,397,1.0,0.2,0.7,always_deploy_balanced,True,TaCo::components_removed=2,TaCo,0.0,True,True,False,False,False,True
learning_curve|CivilComments-WILDS|seed=5|fraction=0.05|gamma=1|tau=0.2|lambda=0.7,learning_curve,CivilComments-WILDS,5,0.05,397,1.0,0.2,0.7,point_selection_balanced,True,TaCo::components_removed=2,TaCo,0.0,True,True,False,False,False,True
learning_curve|CivilComments-WILDS|seed=5|fraction=0.05|gamma=1|tau=0.2|lambda=0.7,learning_curve,CivilComments-WILDS,5,0.05,397,1.0,0.2,0.7,vera_balanced_iut,False,,,0.0,True,NA,False,False,False,True
learning_curve|CivilComments-WILDS|seed=5|fraction=0.05|gamma=1|tau=0.2|lambda=0.7,learning_curve,CivilComments-WILDS,5,0.05,397,1.0,0.2,0.7,vera_balanced_envelope,False,,,0.0,True,NA,False,False,False,True
learning_curve|CivilComments-WILDS|seed=5|fraction=0.05|gamma=1|tau=0.2|lambda=0.7,learning_curve,CivilComments-WILDS,5,0.05,397,1.0,0.2,0.7,external_balanced_oracle,True,TaCo::components_removed=2,TaCo,0.0,True,True,False,False,False,True
learning_curve|CivilComments-WILDS|seed=5|fraction=0.05|gamma=1|tau=0.2|lambda=0.8,learning_curve,CivilComments-WILDS,5,0.05,397,1.0,0.2,0.8,always_deploy_balanced,True,TaCo::components_removed=2,TaCo,0.0,True,True,False,False,False,True
learning_curve|CivilComments-WILDS|seed=5|fraction=0.05|gamma=1|tau=0.2|lambda=0.8,learning_curve,CivilComments-WILDS,5,0.05,397,1.0,0.2,0.8,point_selection_balanced,True,TaCo::components_removed=2,TaCo,0.0,True,True,False,False,False,True
learning_curve|CivilComments-WILDS|seed=5|fraction=0.05|gamma=1|tau=0.2|lambda=0.8,learning_curve,CivilComments-WILDS,5,0.05,397,1.0,0.2,0.8,vera_balanced_iut,False,,,0.0,True,NA,False,False,False,True
learning_curve|CivilComments-WILDS|seed=5|fraction=0.05|gamma=1|tau=0.2|lambda=0.8,learning_curve,CivilComments-WILDS,5,0.05,397,1.0,0.2,0.8,vera_balanced_envelope,False,,,0.0,True,NA,False,False,False,True
learning_curve|CivilComments-WILDS|seed=5|fraction=0.05|gamma=1|tau=0.2|lambda=0.8,learning_curve,CivilComments-WILDS,5,0.05,397,1.0,0.2,0.8,external_balanced_oracle,True,TaCo::components_removed=2,TaCo,0.0,True,True,False,False,False,True
learning_curve|CivilComments-WILDS|seed=5|fraction=0.1|gamma=1|tau=0.05|lambda=0.6,learning_curve,CivilComments-WILDS,5,0.1,798,1.0,0.05,0.6,always_deploy_balanced,True,TaCo::components_removed=5,TaCo,0.0,True,False,True,False,False,True
learning_curve|CivilComments-WILDS|seed=5|fraction=0.1|gamma=1|tau=0.05|lambda=0.6,learning_curve,CivilComments-WILDS,5,0.1,798,1.0,0.05,0.6,point_selection_balanced,False,,,0.0,True,NA,False,False,False,True
learning_curve|CivilComments-WILDS|seed=5|fraction=0.1|gamma=1|tau=0.05|lambda=0.6,learning_curve,CivilComments-WILDS,5,0.1,798,1.0,0.05,0.6,vera_balanced_iut,False,,,0.0,True,NA,False,False,False,True
learning_curve|CivilComments-WILDS|seed=5|fraction=0.1|gamma=1|tau=0.05|lambda=0.6,learning_curve,CivilComments-WILDS,5,0.1,798,1.0,0.05,0.6,vera_balanced_envelope,False,,,0.0,True,NA,False,False,False,True
learning_curve|CivilComments-WILDS|seed=5|fraction=0.1|gamma=1|tau=0.05|lambda=0.6,learning_curve,CivilComments-WILDS,5,0.1,798,1.0,0.05,0.6,external_balanced_oracle,False,,,0.0,True,NA,False,False,False,True
learning_curve|CivilComments-WILDS|seed=5|fraction=0.1|gamma=1|tau=0.05|lambda=0.7,learning_curve,CivilComments-WILDS,5,0.1,798,1.0,0.05,0.7,always_deploy_balanced,True,TaCo::components_removed=5,TaCo,0.0,True,False,True,False,False,True
learning_curve|CivilComments-WILDS|seed=5|fraction=0.1|gamma=1|tau=0.05|lambda=0.7,learning_curve,CivilComments-WILDS,5,0.1,798,1.0,0.05,0.7,point_selection_balanced,False,,,0.0,True,NA,False,False,False,True
learning_curve|CivilComments-WILDS|seed=5|fraction=0.1|gamma=1|tau=0.05|lambda=0.7,learning_curve,CivilComments-WILDS,5,0.1,798,1.0,0.05,0.7,vera_balanced_iut,False,,,0.0,True,NA,False,False,False,True
learning_curve|CivilComments-WILDS|seed=5|fraction=0.1|gamma=1|tau=0.05|lambda=0.7,learning_curve,CivilComments-WILDS,5,0.1,798,1.0,0.05,0.7,vera_balanced_envelope,False,,,0.0,True,NA,False,False,False,True
learning_curve|CivilComments-WILDS|seed=5|fraction=0.1|gamma=1|tau=0.05|lambda=0.7,learning_curve,CivilComments-WILDS,5,0.1,798,1.0,0.05,0.7,external_balanced_oracle,False,,,0.0,True,NA,False,False,False,True
learning_curve|CivilComments-WILDS|seed=5|fraction=0.1|gamma=1|tau=0.05|lambda=0.8,learning_curve,CivilComments-WILDS,5,0.1,798,1.0,0.05,0.8,always_deploy_balanced,True,TaCo::components_removed=5,TaCo,0.0,True,False,True,False,False,True
learning_curve|CivilComments-WILDS|seed=5|fraction=0.1|gamma=1|tau=0.05|lambda=0.8,learning_curve,CivilComments-WILDS,5,0.1,798,1.0,0.05,0.8,point_selection_balanced,False,,,0.0,True,NA,False,False,False,True
learning_curve|CivilComments-WILDS|seed=5|fraction=0.1|gamma=1|tau=0.05|lambda=0.8,learning_curve,CivilComments-WILDS,5,0.1,798,1.0,0.05,0.8,vera_balanced_iut,False,,,0.0,True,NA,False,False,False,True
learning_curve|CivilComments-WILDS|seed=5|fraction=0.1|gamma=1|tau=0.05|lambda=0.8,learning_curve,CivilComments-WILDS,5,0.1,798,1.0,0.05,0.8,vera_balanced_envelope,False,,,0.0,True,NA,False,False,False,True
learning_curve|CivilComments-WILDS|seed=5|fraction=0.1|gamma=1|tau=0.05|lambda=0.8,learning_curve,CivilComments-WILDS,5,0.1,798,1.0,0.05,0.8,external_balanced_oracle,False,,,0.0,True,NA,False,False,False,True
learning_curve|CivilComments-WILDS|seed=5|fraction=0.1|gamma=1|tau=0.1|lambda=0.6,learning_curve,CivilComments-WILDS,5,0.1,798,1.0,0.1,0.6,always_deploy_balanced,True,TaCo::components_removed=5,TaCo,0.0,True,False,True,False,False,True
learning_curve|CivilComments-WILDS|seed=5|fraction=0.1|gamma=1|tau=0.1|lambda=0.6,learning_curve,CivilComments-WILDS,5,0.1,798,1.0,0.1,0.6,point_selection_balanced,False,,,0.0,True,NA,False,False,False,True
learning_curve|CivilComments-WILDS|seed=5|fraction=0.1|gamma=1|tau=0.1|lambda=0.6,learning_curve,CivilComments-WILDS,5,0.1,798,1.0,0.1,0.6,vera_balanced_iut,False,,,0.0,True,NA,False,False,False,True
learning_curve|CivilComments-WILDS|seed=5|fraction=0.1|gamma=1|tau=0.1|lambda=0.6,learning_curve,CivilComments-WILDS,5,0.1,798,1.0,0.1,0.6,vera_balanced_envelope,False,,,0.0,True,NA,False,False,False,True
learning_curve|CivilComments-WILDS|seed=5|fraction=0.1|gamma=1|tau=0.1|lambda=0.6,learning_curve,CivilComments-WILDS,5,0.1,798,1.0,0.1,0.6,external_balanced_oracle,False,,,0.0,True,NA,False,False,False,True
learning_curve|CivilComments-WILDS|seed=5|fraction=0.1|gamma=1|tau=0.1|lambda=0.7,learning_curve,CivilComments-WILDS,5,0.1,798,1.0,0.1,0.7,always_deploy_balanced,True,TaCo::components_removed=5,TaCo,0.0,True,False,True,False,False,True
learning_curve|CivilComments-WILDS|seed=5|fraction=0.1|gamma=1|tau=0.1|lambda=0.7,learning_curve,CivilComments-WILDS,5,0.1,798,1.0,0.1,0.7,point_selection_balanced,False,,,0.0,True,NA,False,False,False,True
learning_curve|CivilComments-WILDS|seed=5|fraction=0.1|gamma=1|tau=0.1|lambda=0.7,learning_curve,CivilComments-WILDS,5,0.1,798,1.0,0.1,0.7,vera_balanced_iut,False,,,0.0,True,NA,False,False,False,True
learning_curve|CivilComments-WILDS|seed=5|fraction=0.1|gamma=1|tau=0.1|lambda=0.7,learning_curve,CivilComments-WILDS,5,0.1,798,1.0,0.1,0.7,vera_balanced_envelope,False,,,0.0,True,NA,False,False,False,True
learning_curve|CivilComments-WILDS|seed=5|fraction=0.1|gamma=1|tau=0.1|lambda=0.7,learning_curve,CivilComments-WILDS,5,0.1,798,1.0,0.1,0.7,external_balanced_oracle,False,,,0.0,True,NA,False,False,False,True
learning_curve|CivilComments-WILDS|seed=5|fraction=0.1|gamma=1|tau=0.1|lambda=0.8,learning_curve,CivilComments-WILDS,5,0.1,798,1.0,0.1,0.8,always_deploy_balanced,True,TaCo::components_removed=5,TaCo,0.0,True,False,True,False,False,True
learning_curve|CivilComments-WILDS|seed=5|fraction=0.1|gamma=1|tau=0.1|lambda=0.8,learning_curve,CivilComments-WILDS,5,0.1,798,1.0,0.1,0.8,point_selection_balanced,True,"MANCE++::epsilon=0.05,steps=3",MANCE++,0.0,True,True,False,False,False,True
learning_curve|CivilComments-WILDS|seed=5|fraction=0.1|gamma=1|tau=0.1|lambda=0.8,learning_curve,CivilComments-WILDS,5,0.1,798,1.0,0.1,0.8,vera_balanced_iut,False,,,0.0,True,NA,False,False,False,True
learning_curve|CivilComments-WILDS|seed=5|fraction=0.1|gamma=1|tau=0.1|lambda=0.8,learning_curve,CivilComments-WILDS,5,0.1,798,1.0,0.1,0.8,vera_balanced_envelope,False,,,0.0,True,NA,False,False,False,True
learning_curve|CivilComments-WILDS|seed=5|fraction=0.1|gamma=1|tau=0.1|lambda=0.8,learning_curve,CivilComments-WILDS,5,0.1,798,1.0,0.1,0.8,external_balanced_oracle,True,"MANCE++::epsilon=0.05,steps=3",MANCE++,0.0,True,True,False,False,False,True
learning_curve|CivilComments-WILDS|seed=5|fraction=0.1|gamma=1|tau=0.2|lambda=0.6,learning_curve,CivilComments-WILDS,5,0.1,798,1.0,0.2,0.6,always_deploy_balanced,True,TaCo::components_removed=5,TaCo,0.0,True,False,True,False,False,True
learning_curve|CivilComments-WILDS|seed=5|fraction=0.1|gamma=1|tau=0.2|lambda=0.6,learning_curve,CivilComments-WILDS,5,0.1,798,1.0,0.2,0.6,point_selection_balanced,False,,,0.0,True,NA,False,False,False,True
learning_curve|CivilComments-WILDS|seed=5|fraction=0.1|gamma=1|tau=0.2|lambda=0.6,learning_curve,CivilComments-WILDS,5,0.1,798,1.0,0.2,0.6,vera_balanced_iut,False,,,0.0,True,NA,False,False,False,True
learning_curve|CivilComments-WILDS|seed=5|fraction=0.1|gamma=1|tau=0.2|lambda=0.6,learning_curve,CivilComments-WILDS,5,0.1,798,1.0,0.2,0.6,vera_balanced_envelope,False,,,0.0,True,NA,False,False,False,True
learning_curve|CivilComments-WILDS|seed=5|fraction=0.1|gamma=1|tau=0.2|lambda=0.6,learning_curve,CivilComments-WILDS,5,0.1,798,1.0,0.2,0.6,external_balanced_oracle,False,,,0.0,True,NA,False,False,False,True
learning_curve|CivilComments-WILDS|seed=5|fraction=0.1|gamma=1|tau=0.2|lambda=0.7,learning_curve,CivilComments-WILDS,5,0.1,798,1.0,0.2,0.7,always_deploy_balanced,True,TaCo::components_removed=5,TaCo,0.0,True,True,False,False,False,True
learning_curve|CivilComments-WILDS|seed=5|fraction=0.1|gamma=1|tau=0.2|lambda=0.7,learning_curve,CivilComments-WILDS,5,0.1,798,1.0,0.2,0.7,point_selection_balanced,True,TaCo::components_removed=5,TaCo,0.0,True,True,False,False,False,True
learning_curve|CivilComments-WILDS|seed=5|fraction=0.1|gamma=1|tau=0.2|lambda=0.7,learning_curve,CivilComments-WILDS,5,0.1,798,1.0,0.2,0.7,vera_balanced_iut,False,,,0.0,True,NA,False,False,False,True
learning_curve|CivilComments-WILDS|seed=5|fraction=0.1|gamma=1|tau=0.2|lambda=0.7,learning_curve,CivilComments-WILDS,5,0.1,798,1.0,0.2,0.7,vera_balanced_envelope,False,,,0.0,True,NA,False,False,False,True
learning_curve|CivilComments-WILDS|seed=5|fraction=0.1|gamma=1|tau=0.2|lambda=0.7,learning_curve,CivilComments-WILDS,5,0.1,798,1.0,0.2,0.7,external_balanced_oracle,True,TaCo::components_removed=5,TaCo,0.0,True,True,False,False,False,True
learning_curve|CivilComments-WILDS|seed=5|fraction=0.1|gamma=1|tau=0.2|lambda=0.8,learning_curve,CivilComments-WILDS,5,0.1,798,1.0,0.2,0.8,always_deploy_balanced,True,TaCo::components_removed=5,TaCo,0.0,True,True,False,False,False,True
learning_curve|CivilComments-WILDS|seed=5|fraction=0.1|gamma=1|tau=0.2|lambda=0.8,learning_curve,CivilComments-WILDS,5,0.1,798,1.0,0.2,0.8,point_selection_balanced,True,TaCo::components_removed=5,TaCo,0.0,True,True,False,False,False,True
learning_curve|CivilComments-WILDS|seed=5|fraction=0.1|gamma=1|tau=0.2|lambda=0.8,learning_curve,CivilComments-WILDS,5,0.1,798,1.0,0.2,0.8,vera_balanced_iut,False,,,0.0,True,NA,False,False,False,True
learning_curve|CivilComments-WILDS|seed=5|fraction=0.1|gamma=1|tau=0.2|lambda=0.8,learning_curve,CivilComments-WILDS,5,0.1,798,1.0,0.2,0.8,vera_balanced_envelope,False,,,0.0,True,NA,False,False,False,True
learning_curve|CivilComments-WILDS|seed=5|fraction=0.1|gamma=1|tau=0.2|lambda=0.8,learning_curve,CivilComments-WILDS,5,0.1,798,1.0,0.2,0.8,external_balanced_oracle,True,TaCo::components_removed=5,TaCo,0.0,True,True,False,False,False,True
learning_curve|CivilComments-WILDS|seed=5|fraction=0.25|gamma=1|tau=0.05|lambda=0.6,learning_curve,CivilComments-WILDS,5,0.25,1999,1.0,0.05,0.6,always_deploy_balanced,True,TaCo::components_removed=5,TaCo,0.0,True,False,True,False,False,True
learning_curve|CivilComments-WILDS|seed=5|fraction=0.25|gamma=1|tau=0.05|lambda=0.6,learning_curve,CivilComments-WILDS,5,0.25,1999,1.0,0.05,0.6,point_selection_balanced,False,,,0.0,True,NA,False,False,False,True
learning_curve|CivilComments-WILDS|seed=5|fraction=0.25|gamma=1|tau=0.05|lambda=0.6,learning_curve,CivilComments-WILDS,5,0.25,1999,1.0,0.05,0.6,vera_balanced_iut,False,,,0.0,True,NA,False,False,False,True
learning_curve|CivilComments-WILDS|seed=5|fraction=0.25|gamma=1|tau=0.05|lambda=0.6,learning_curve,CivilComments-WILDS,5,0.25,1999,1.0,0.05,0.6,vera_balanced_envelope,False,,,0.0,True,NA,False,False,False,True
learning_curve|CivilComments-WILDS|seed=5|fraction=0.25|gamma=1|tau=0.05|lambda=0.6,learning_curve,CivilComments-WILDS,5,0.25,1999,1.0,0.05,0.6,external_balanced_oracle,False,,,0.0,True,NA,False,False,False,True
learning_curve|CivilComments-WILDS|seed=5|fraction=0.25|gamma=1|tau=0.05|lambda=0.7,learning_curve,CivilComments-WILDS,5,0.25,1999,1.0,0.05,0.7,always_deploy_balanced,True,TaCo::components_removed=5,TaCo,0.0,True,False,True,False,False,True
learning_curve|CivilComments-WILDS|seed=5|fraction=0.25|gamma=1|tau=0.05|lambda=0.7,learning_curve,CivilComments-WILDS,5,0.25,1999,1.0,0.05,0.7,point_selection_balanced,False,,,0.0,True,NA,False,False,False,True
learning_curve|CivilComments-WILDS|seed=5|fraction=0.25|gamma=1|tau=0.05|lambda=0.7,learning_curve,CivilComments-WILDS,5,0.25,1999,1.0,0.05,0.7,vera_balanced_iut,False,,,0.0,True,NA,False,False,False,True
learning_curve|CivilComments-WILDS|seed=5|fraction=0.25|gamma=1|tau=0.05|lambda=0.7,learning_curve,CivilComments-WILDS,5,0.25,1999,1.0,0.05,0.7,vera_balanced_envelope,False,,,0.0,True,NA,False,False,False,True
learning_curve|CivilComments-WILDS|seed=5|fraction=0.25|gamma=1|tau=0.05|lambda=0.7,learning_curve,CivilComments-WILDS,5,0.25,1999,1.0,0.05,0.7,external_balanced_oracle,False,,,0.0,True,NA,False,False,False,True
learning_curve|CivilComments-WILDS|seed=5|fraction=0.25|gamma=1|tau=0.05|lambda=0.8,learning_curve,CivilComments-WILDS,5,0.25,1999,1.0,0.05,0.8,always_deploy_balanced,True,TaCo::components_removed=5,TaCo,0.0,True,False,True,False,False,True
learning_curve|CivilComments-WILDS|seed=5|fraction=0.25|gamma=1|tau=0.05|lambda=0.8,learning_curve,CivilComments-WILDS,5,0.25,1999,1.0,0.05,0.8,point_selection_balanced,False,,,0.0,True,NA,False,False,False,True
learning_curve|CivilComments-WILDS|seed=5|fraction=0.25|gamma=1|tau=0.05|lambda=0.8,learning_curve,CivilComments-WILDS,5,0.25,1999,1.0,0.05,0.8,vera_balanced_iut,False,,,0.0,True,NA,False,False,False,True
learning_curve|CivilComments-WILDS|seed=5|fraction=0.25|gamma=1|tau=0.05|lambda=0.8,learning_curve,CivilComments-WILDS,5,0.25,1999,1.0,0.05,0.8,vera_balanced_envelope,False,,,0.0,True,NA,False,False,False,True
learning_curve|CivilComments-WILDS|seed=5|fraction=0.25|gamma=1|tau=0.05|lambda=0.8,learning_curve,CivilComments-WILDS,5,0.25,1999,1.0,0.05,0.8,external_balanced_oracle,False,,,0.0,True,NA,False,False,False,True
learning_curve|CivilComments-WILDS|seed=5|fraction=0.25|gamma=1|tau=0.1|lambda=0.6,learning_curve,CivilComments-WILDS,5,0.25,1999,1.0,0.1,0.6,always_deploy_balanced,True,TaCo::components_removed=5,TaCo,0.0,True,False,True,False,False,True
learning_curve|CivilComments-WILDS|seed=5|fraction=0.25|gamma=1|tau=0.1|lambda=0.6,learning_curve,CivilComments-WILDS,5,0.25,1999,1.0,0.1,0.6,point_selection_balanced,False,,,0.0,True,NA,False,False,False,True
learning_curve|CivilComments-WILDS|seed=5|fraction=0.25|gamma=1|tau=0.1|lambda=0.6,learning_curve,CivilComments-WILDS,5,0.25,1999,1.0,0.1,0.6,vera_balanced_iut,False,,,0.0,True,NA,False,False,False,True
learning_curve|CivilComments-WILDS|seed=5|fraction=0.25|gamma=1|tau=0.1|lambda=0.6,learning_curve,CivilComments-WILDS,5,0.25,1999,1.0,0.1,0.6,vera_balanced_envelope,False,,,0.0,True,NA,False,False,False,True
learning_curve|CivilComments-WILDS|seed=5|fraction=0.25|gamma=1|tau=0.1|lambda=0.6,learning_curve,CivilComments-WILDS,5,0.25,1999,1.0,0.1,0.6,external_balanced_oracle,False,,,0.0,True,NA,False,False,False,True
learning_curve|CivilComments-WILDS|seed=5|fraction=0.25|gamma=1|tau=0.1|lambda=0.7,learning_curve,CivilComments-WILDS,5,0.25,1999,1.0,0.1,0.7,always_deploy_balanced,True,TaCo::components_removed=5,TaCo,0.0,True,False,True,False,False,True
learning_curve|CivilComments-WILDS|seed=5|fraction=0.25|gamma=1|tau=0.1|lambda=0.7,learning_curve,CivilComments-WILDS,5,0.25,1999,1.0,0.1,0.7,point_selection_balanced,False,,,0.0,True,NA,False,False,False,True
learning_curve|CivilComments-WILDS|seed=5|fraction=0.25|gamma=1|tau=0.1|lambda=0.7,learning_curve,CivilComments-WILDS,5,0.25,1999,1.0,0.1,0.7,vera_balanced_iut,False,,,0.0,True,NA,False,False,False,True
learning_curve|CivilComments-WILDS|seed=5|fraction=0.25|gamma=1|tau=0.1|lambda=0.7,learning_curve,CivilComments-WILDS,5,0.25,1999,1.0,0.1,0.7,vera_balanced_envelope,False,,,0.0,True,NA,False,False,False,True
learning_curve|CivilComments-WILDS|seed=5|fraction=0.25|gamma=1|tau=0.1|lambda=0.7,learning_curve,CivilComments-WILDS,5,0.25,1999,1.0,0.1,0.7,external_balanced_oracle,False,,,0.0,True,NA,False,False,False,True
learning_curve|CivilComments-WILDS|seed=5|fraction=0.25|gamma=1|tau=0.1|lambda=0.8,learning_curve,CivilComments-WILDS,5,0.25,1999,1.0,0.1,0.8,always_deploy_balanced,True,TaCo::components_removed=5,TaCo,0.0,True,False,True,False,False,True
learning_curve|CivilComments-WILDS|seed=5|fraction=0.25|gamma=1|tau=0.1|lambda=0.8,learning_curve,CivilComments-WILDS,5,0.25,1999,1.0,0.1,0.8,point_selection_balanced,True,"MANCE++::epsilon=0.05,steps=3",MANCE++,0.0,True,True,False,False,False,True
learning_curve|CivilComments-WILDS|seed=5|fraction=0.25|gamma=1|tau=0.1|lambda=0.8,learning_curve,CivilComments-WILDS,5,0.25,1999,1.0,0.1,0.8,vera_balanced_iut,False,,,0.0,True,NA,False,False,False,True
learning_curve|CivilComments-WILDS|seed=5|fraction=0.25|gamma=1|tau=0.1|lambda=0.8,learning_curve,CivilComments-WILDS,5,0.25,1999,1.0,0.1,0.8,vera_balanced_envelope,False,,,0.0,True,NA,False,False,False,True
learning_curve|CivilComments-WILDS|seed=5|fraction=0.25|gamma=1|tau=0.1|lambda=0.8,learning_curve,CivilComments-WILDS,5,0.25,1999,1.0,0.1,0.8,external_balanced_oracle,True,"MANCE++::epsilon=0.05,steps=3",MANCE++,0.0,True,True,False,False,False,True
learning_curve|CivilComments-WILDS|seed=5|fraction=0.25|gamma=1|tau=0.2|lambda=0.6,learning_curve,CivilComments-WILDS,5,0.25,1999,1.0,0.2,0.6,always_deploy_balanced,True,TaCo::components_removed=5,TaCo,0.0,True,False,True,False,False,True
learning_curve|CivilComments-WILDS|seed=5|fraction=0.25|gamma=1|tau=0.2|lambda=0.6,learning_curve,CivilComments-WILDS,5,0.25,1999,1.0,0.2,0.6,point_selection_balanced,False,,,0.0,True,NA,False,False,False,True
learning_curve|CivilComments-WILDS|seed=5|fraction=0.25|gamma=1|tau=0.2|lambda=0.6,learning_curve,CivilComments-WILDS,5,0.25,1999,1.0,0.2,0.6,vera_balanced_iut,False,,,0.0,True,NA,False,False,False,True
learning_curve|CivilComments-WILDS|seed=5|fraction=0.25|gamma=1|tau=0.2|lambda=0.6,learning_curve,CivilComments-WILDS,5,0.25,1999,1.0,0.2,0.6,vera_balanced_envelope,False,,,0.0,True,NA,False,False,False,True
learning_curve|CivilComments-WILDS|seed=5|fraction=0.25|gamma=1|tau=0.2|lambda=0.6,learning_curve,CivilComments-WILDS,5,0.25,1999,1.0,0.2,0.6,external_balanced_oracle,False,,,0.0,True,NA,False,False,False,True
learning_curve|CivilComments-WILDS|seed=5|fraction=0.25|gamma=1|tau=0.2|lambda=0.7,learning_curve,CivilComments-WILDS,5,0.25,1999,1.0,0.2,0.7,always_deploy_balanced,True,TaCo::components_removed=5,TaCo,1.0045394897460938,True,True,False,False,False,True
learning_curve|CivilComments-WILDS|seed=5|fraction=0.25|gamma=1|tau=0.2|lambda=0.7,learning_curve,CivilComments-WILDS,5,0.25,1999,1.0,0.2,0.7,point_selection_balanced,True,TaCo::components_removed=5,TaCo,1.0045394897460938,True,True,False,False,False,True
learning_curve|CivilComments-WILDS|seed=5|fraction=0.25|gamma=1|tau=0.2|lambda=0.7,learning_curve,CivilComments-WILDS,5,0.25,1999,1.0,0.2,0.7,vera_balanced_iut,True,TaCo::components_removed=5,TaCo,1.0045394897460938,True,True,False,False,False,True
learning_curve|CivilComments-WILDS|seed=5|fraction=0.25|gamma=1|tau=0.2|lambda=0.7,learning_curve,CivilComments-WILDS,5,0.25,1999,1.0,0.2,0.7,vera_balanced_envelope,True,TaCo::components_removed=5,TaCo,1.0045394897460938,True,True,False,False,False,True
learning_curve|CivilComments-WILDS|seed=5|fraction=0.25|gamma=1|tau=0.2|lambda=0.7,learning_curve,CivilComments-WILDS,5,0.25,1999,1.0,0.2,0.7,external_balanced_oracle,True,TaCo::components_removed=5,TaCo,1.0045394897460938,True,True,False,False,False,True
learning_curve|CivilComments-WILDS|seed=5|fraction=0.25|gamma=1|tau=0.2|lambda=0.8,learning_curve,CivilComments-WILDS,5,0.25,1999,1.0,0.2,0.8,always_deploy_balanced,True,TaCo::components_removed=5,TaCo,1.019866943359375,True,True,False,False,False,True
learning_curve|CivilComments-WILDS|seed=5|fraction=0.25|gamma=1|tau=0.2|lambda=0.8,learning_curve,CivilComments-WILDS,5,0.25,1999,1.0,0.2,0.8,point_selection_balanced,True,TaCo::components_removed=5,TaCo,1.019866943359375,True,True,False,False,False,True
learning_curve|CivilComments-WILDS|seed=5|fraction=0.25|gamma=1|tau=0.2|lambda=0.8,learning_curve,CivilComments-WILDS,5,0.25,1999,1.0,0.2,0.8,vera_balanced_iut,True,TaCo::components_removed=5,TaCo,1.019866943359375,True,True,False,False,False,True
learning_curve|CivilComments-WILDS|seed=5|fraction=0.25|gamma=1|tau=0.2|lambda=0.8,learning_curve,CivilComments-WILDS,5,0.25,1999,1.0,0.2,0.8,vera_balanced_envelope,True,TaCo::components_removed=5,TaCo,1.019866943359375,True,True,False,False,False,True
learning_curve|CivilComments-WILDS|seed=5|fraction=0.25|gamma=1|tau=0.2|lambda=0.8,learning_curve,CivilComments-WILDS,5,0.25,1999,1.0,0.2,0.8,external_balanced_oracle,True,TaCo::components_removed=5,TaCo,1.019866943359375,True,True,False,False,False,True
learning_curve|CivilComments-WILDS|seed=5|fraction=0.5|gamma=1|tau=0.05|lambda=0.6,learning_curve,CivilComments-WILDS,5,0.5,3999,1.0,0.05,0.6,always_deploy_balanced,True,TaCo::components_removed=5,TaCo,0.0,True,False,True,False,False,True
learning_curve|CivilComments-WILDS|seed=5|fraction=0.5|gamma=1|tau=0.05|lambda=0.6,learning_curve,CivilComments-WILDS,5,0.5,3999,1.0,0.05,0.6,point_selection_balanced,False,,,0.0,True,NA,False,False,False,True
learning_curve|CivilComments-WILDS|seed=5|fraction=0.5|gamma=1|tau=0.05|lambda=0.6,learning_curve,CivilComments-WILDS,5,0.5,3999,1.0,0.05,0.6,vera_balanced_iut,False,,,0.0,True,NA,False,False,False,True
learning_curve|CivilComments-WILDS|seed=5|fraction=0.5|gamma=1|tau=0.05|lambda=0.6,learning_curve,CivilComments-WILDS,5,0.5,3999,1.0,0.05,0.6,vera_balanced_envelope,False,,,0.0,True,NA,False,False,False,True
learning_curve|CivilComments-WILDS|seed=5|fraction=0.5|gamma=1|tau=0.05|lambda=0.6,learning_curve,CivilComments-WILDS,5,0.5,3999,1.0,0.05,0.6,external_balanced_oracle,False,,,0.0,True,NA,False,False,False,True
learning_curve|CivilComments-WILDS|seed=5|fraction=0.5|gamma=1|tau=0.05|lambda=0.7,learning_curve,CivilComments-WILDS,5,0.5,3999,1.0,0.05,0.7,always_deploy_balanced,True,TaCo::components_removed=5,TaCo,0.0,True,False,True,False,False,True
learning_curve|CivilComments-WILDS|seed=5|fraction=0.5|gamma=1|tau=0.05|lambda=0.7,learning_curve,CivilComments-WILDS,5,0.5,3999,1.0,0.05,0.7,point_selection_balanced,False,,,0.0,True,NA,False,False,False,True
learning_curve|CivilComments-WILDS|seed=5|fraction=0.5|gamma=1|tau=0.05|lambda=0.7,learning_curve,CivilComments-WILDS,5,0.5,3999,1.0,0.05,0.7,vera_balanced_iut,False,,,0.0,True,NA,False,False,False,True
learning_curve|CivilComments-WILDS|seed=5|fraction=0.5|gamma=1|tau=0.05|lambda=0.7,learning_curve,CivilComments-WILDS,5,0.5,3999,1.0,0.05,0.7,vera_balanced_envelope,False,,,0.0,True,NA,False,False,False,True
learning_curve|CivilComments-WILDS|seed=5|fraction=0.5|gamma=1|tau=0.05|lambda=0.7,learning_curve,CivilComments-WILDS,5,0.5,3999,1.0,0.05,0.7,external_balanced_oracle,False,,,0.0,True,NA,False,False,False,True
learning_curve|CivilComments-WILDS|seed=5|fraction=0.5|gamma=1|tau=0.05|lambda=0.8,learning_curve,CivilComments-WILDS,5,0.5,3999,1.0,0.05,0.8,always_deploy_balanced,True,TaCo::components_removed=5,TaCo,0.0,True,False,True,False,False,True
learning_curve|CivilComments-WILDS|seed=5|fraction=0.5|gamma=1|tau=0.05|lambda=0.8,learning_curve,CivilComments-WILDS,5,0.5,3999,1.0,0.05,0.8,point_selection_balanced,False,,,0.0,True,NA,False,False,False,True
learning_curve|CivilComments-WILDS|seed=5|fraction=0.5|gamma=1|tau=0.05|lambda=0.8,learning_curve,CivilComments-WILDS,5,0.5,3999,1.0,0.05,0.8,vera_balanced_iut,False,,,0.0,True,NA,False,False,False,True
learning_curve|CivilComments-WILDS|seed=5|fraction=0.5|gamma=1|tau=0.05|lambda=0.8,learning_curve,CivilComments-WILDS,5,0.5,3999,1.0,0.05,0.8,vera_balanced_envelope,False,,,0.0,True,NA,False,False,False,True
learning_curve|CivilComments-WILDS|seed=5|fraction=0.5|gamma=1|tau=0.05|lambda=0.8,learning_curve,CivilComments-WILDS,5,0.5,3999,1.0,0.05,0.8,external_balanced_oracle,False,,,0.0,True,NA,False,False,False,True
learning_curve|CivilComments-WILDS|seed=5|fraction=0.5|gamma=1|tau=0.1|lambda=0.6,learning_curve,CivilComments-WILDS,5,0.5,3999,1.0,0.1,0.6,always_deploy_balanced,True,TaCo::components_removed=5,TaCo,0.0,True,False,True,False,False,True
learning_curve|CivilComments-WILDS|seed=5|fraction=0.5|gamma=1|tau=0.1|lambda=0.6,learning_curve,CivilComments-WILDS,5,0.5,3999,1.0,0.1,0.6,point_selection_balanced,False,,,0.0,True,NA,False,False,False,True
learning_curve|CivilComments-WILDS|seed=5|fraction=0.5|gamma=1|tau=0.1|lambda=0.6,learning_curve,CivilComments-WILDS,5,0.5,3999,1.0,0.1,0.6,vera_balanced_iut,False,,,0.0,True,NA,False,False,False,True
learning_curve|CivilComments-WILDS|seed=5|fraction=0.5|gamma=1|tau=0.1|lambda=0.6,learning_curve,CivilComments-WILDS,5,0.5,3999,1.0,0.1,0.6,vera_balanced_envelope,False,,,0.0,True,NA,False,False,False,True
learning_curve|CivilComments-WILDS|seed=5|fraction=0.5|gamma=1|tau=0.1|lambda=0.6,learning_curve,CivilComments-WILDS,5,0.5,3999,1.0,0.1,0.6,external_balanced_oracle,False,,,0.0,True,NA,False,False,False,True
learning_curve|CivilComments-WILDS|seed=5|fraction=0.5|gamma=1|tau=0.1|lambda=0.7,learning_curve,CivilComments-WILDS,5,0.5,3999,1.0,0.1,0.7,always_deploy_balanced,True,TaCo::components_removed=5,TaCo,0.0,True,False,True,False,False,True
learning_curve|CivilComments-WILDS|seed=5|fraction=0.5|gamma=1|tau=0.1|lambda=0.7,learning_curve,CivilComments-WILDS,5,0.5,3999,1.0,0.1,0.7,point_selection_balanced,True,TaCo::components_removed=5,TaCo,0.0,True,False,True,False,False,True
learning_curve|CivilComments-WILDS|seed=5|fraction=0.5|gamma=1|tau=0.1|lambda=0.7,learning_curve,CivilComments-WILDS,5,0.5,3999,1.0,0.1,0.7,vera_balanced_iut,False,,,0.0,True,NA,False,False,False,True
learning_curve|CivilComments-WILDS|seed=5|fraction=0.5|gamma=1|tau=0.1|lambda=0.7,learning_curve,CivilComments-WILDS,5,0.5,3999,1.0,0.1,0.7,vera_balanced_envelope,False,,,0.0,True,NA,False,False,False,True
learning_curve|CivilComments-WILDS|seed=5|fraction=0.5|gamma=1|tau=0.1|lambda=0.7,learning_curve,CivilComments-WILDS,5,0.5,3999,1.0,0.1,0.7,external_balanced_oracle,False,,,0.0,True,NA,False,False,False,True
learning_curve|CivilComments-WILDS|seed=5|fraction=0.5|gamma=1|tau=0.1|lambda=0.8,learning_curve,CivilComments-WILDS,5,0.5,3999,1.0,0.1,0.8,always_deploy_balanced,True,TaCo::components_removed=5,TaCo,0.0,True,False,True,False,False,True
learning_curve|CivilComments-WILDS|seed=5|fraction=0.5|gamma=1|tau=0.1|lambda=0.8,learning_curve,CivilComments-WILDS,5,0.5,3999,1.0,0.1,0.8,point_selection_balanced,True,TaCo::components_removed=5,TaCo,0.0,True,False,True,False,False,True
learning_curve|CivilComments-WILDS|seed=5|fraction=0.5|gamma=1|tau=0.1|lambda=0.8,learning_curve,CivilComments-WILDS,5,0.5,3999,1.0,0.1,0.8,vera_balanced_iut,True,INLP::rank=4,INLP,0.0,True,True,False,False,False,True
learning_curve|CivilComments-WILDS|seed=5|fraction=0.5|gamma=1|tau=0.1|lambda=0.8,learning_curve,CivilComments-WILDS,5,0.5,3999,1.0,0.1,0.8,vera_balanced_envelope,True,INLP::rank=1,INLP,1.000640869140625,True,True,False,False,False,True
learning_curve|CivilComments-WILDS|seed=5|fraction=0.5|gamma=1|tau=0.1|lambda=0.8,learning_curve,CivilComments-WILDS,5,0.5,3999,1.0,0.1,0.8,external_balanced_oracle,True,"MANCE++::epsilon=0.05,steps=3",MANCE++,0.0,True,True,False,False,False,True
learning_curve|CivilComments-WILDS|seed=5|fraction=0.5|gamma=1|tau=0.2|lambda=0.6,learning_curve,CivilComments-WILDS,5,0.5,3999,1.0,0.2,0.6,always_deploy_balanced,True,TaCo::components_removed=5,TaCo,0.0,True,False,True,False,False,True
learning_curve|CivilComments-WILDS|seed=5|fraction=0.5|gamma=1|tau=0.2|lambda=0.6,learning_curve,CivilComments-WILDS,5,0.5,3999,1.0,0.2,0.6,point_selection_balanced,False,,,0.0,True,NA,False,False,False,True
learning_curve|CivilComments-WILDS|seed=5|fraction=0.5|gamma=1|tau=0.2|lambda=0.6,learning_curve,CivilComments-WILDS,5,0.5,3999,1.0,0.2,0.6,vera_balanced_iut,False,,,0.0,True,NA,False,False,False,True
learning_curve|CivilComments-WILDS|seed=5|fraction=0.5|gamma=1|tau=0.2|lambda=0.6,learning_curve,CivilComments-WILDS,5,0.5,3999,1.0,0.2,0.6,vera_balanced_envelope,False,,,0.0,True,NA,False,False,False,True
learning_curve|CivilComments-WILDS|seed=5|fraction=0.5|gamma=1|tau=0.2|lambda=0.6,learning_curve,CivilComments-WILDS,5,0.5,3999,1.0,0.2,0.6,external_balanced_oracle,False,,,0.0,True,NA,False,False,False,True
learning_curve|CivilComments-WILDS|seed=5|fraction=0.5|gamma=1|tau=0.2|lambda=0.7,learning_curve,CivilComments-WILDS,5,0.5,3999,1.0,0.2,0.7,always_deploy_balanced,True,TaCo::components_removed=5,TaCo,1.0307083129882812,True,True,False,False,False,True
learning_curve|CivilComments-WILDS|seed=5|fraction=0.5|gamma=1|tau=0.2|lambda=0.7,learning_curve,CivilComments-WILDS,5,0.5,3999,1.0,0.2,0.7,point_selection_balanced,True,TaCo::components_removed=5,TaCo,1.0307083129882812,True,True,False,False,False,True
learning_curve|CivilComments-WILDS|seed=5|fraction=0.5|gamma=1|tau=0.2|lambda=0.7,learning_curve,CivilComments-WILDS,5,0.5,3999,1.0,0.2,0.7,vera_balanced_iut,True,TaCo::components_removed=5,TaCo,1.0307083129882812,True,True,False,False,False,True
learning_curve|CivilComments-WILDS|seed=5|fraction=0.5|gamma=1|tau=0.2|lambda=0.7,learning_curve,CivilComments-WILDS,5,0.5,3999,1.0,0.2,0.7,vera_balanced_envelope,True,TaCo::components_removed=5,TaCo,1.0307083129882812,True,True,False,False,False,True
learning_curve|CivilComments-WILDS|seed=5|fraction=0.5|gamma=1|tau=0.2|lambda=0.7,learning_curve,CivilComments-WILDS,5,0.5,3999,1.0,0.2,0.7,external_balanced_oracle,True,TaCo::components_removed=5,TaCo,1.0307083129882812,True,True,False,False,False,True
learning_curve|CivilComments-WILDS|seed=5|fraction=0.5|gamma=1|tau=0.2|lambda=0.8,learning_curve,CivilComments-WILDS,5,0.5,3999,1.0,0.2,0.8,always_deploy_balanced,True,TaCo::components_removed=5,TaCo,1.042938232421875,True,True,False,False,False,True
learning_curve|CivilComments-WILDS|seed=5|fraction=0.5|gamma=1|tau=0.2|lambda=0.8,learning_curve,CivilComments-WILDS,5,0.5,3999,1.0,0.2,0.8,point_selection_balanced,True,TaCo::components_removed=5,TaCo,1.042938232421875,True,True,False,False,False,True
learning_curve|CivilComments-WILDS|seed=5|fraction=0.5|gamma=1|tau=0.2|lambda=0.8,learning_curve,CivilComments-WILDS,5,0.5,3999,1.0,0.2,0.8,vera_balanced_iut,True,TaCo::components_removed=5,TaCo,1.042938232421875,True,True,False,False,False,True
learning_curve|CivilComments-WILDS|seed=5|fraction=0.5|gamma=1|tau=0.2|lambda=0.8,learning_curve,CivilComments-WILDS,5,0.5,3999,1.0,0.2,0.8,vera_balanced_envelope,True,TaCo::components_removed=5,TaCo,1.042938232421875,True,True,False,False,False,True
learning_curve|CivilComments-WILDS|seed=5|fraction=0.5|gamma=1|tau=0.2|lambda=0.8,learning_curve,CivilComments-WILDS,5,0.5,3999,1.0,0.2,0.8,external_balanced_oracle,True,TaCo::components_removed=5,TaCo,1.042938232421875,True,True,False,False,False,True
primary|CivilComments-WILDS|seed=5|fraction=1|gamma=1|tau=0.05|lambda=0.6,primary,CivilComments-WILDS,5,1.0,8000,1.0,0.05,0.6,always_deploy_balanced,True,TaCo::components_removed=5,TaCo,0.0,True,False,True,False,False,True
primary|CivilComments-WILDS|seed=5|fraction=1|gamma=1|tau=0.05|lambda=0.6,primary,CivilComments-WILDS,5,1.0,8000,1.0,0.05,0.6,point_selection_balanced,False,,,0.0,True,NA,False,False,False,True
primary|CivilComments-WILDS|seed=5|fraction=1|gamma=1|tau=0.05|lambda=0.6,primary,CivilComments-WILDS,5,1.0,8000,1.0,0.05,0.6,vera_balanced_iut,False,,,0.0,True,NA,False,False,False,True
primary|CivilComments-WILDS|seed=5|fraction=1|gamma=1|tau=0.05|lambda=0.6,primary,CivilComments-WILDS,5,1.0,8000,1.0,0.05,0.6,vera_balanced_envelope,False,,,0.0,True,NA,False,False,False,True
primary|CivilComments-WILDS|seed=5|fraction=1|gamma=1|tau=0.05|lambda=0.6,primary,CivilComments-WILDS,5,1.0,8000,1.0,0.05,0.6,external_balanced_oracle,False,,,0.0,True,NA,False,False,False,True
primary|CivilComments-WILDS|seed=5|fraction=1|gamma=1|tau=0.05|lambda=0.7,primary,CivilComments-WILDS,5,1.0,8000,1.0,0.05,0.7,always_deploy_balanced,True,TaCo::components_removed=5,TaCo,0.0,True,False,True,False,False,True
primary|CivilComments-WILDS|seed=5|fraction=1|gamma=1|tau=0.05|lambda=0.7,primary,CivilComments-WILDS,5,1.0,8000,1.0,0.05,0.7,point_selection_balanced,False,,,0.0,True,NA,False,False,False,True
primary|CivilComments-WILDS|seed=5|fraction=1|gamma=1|tau=0.05|lambda=0.7,primary,CivilComments-WILDS,5,1.0,8000,1.0,0.05,0.7,vera_balanced_iut,False,,,0.0,True,NA,False,False,False,True
primary|CivilComments-WILDS|seed=5|fraction=1|gamma=1|tau=0.05|lambda=0.7,primary,CivilComments-WILDS,5,1.0,8000,1.0,0.05,0.7,vera_balanced_envelope,False,,,0.0,True,NA,False,False,False,True
primary|CivilComments-WILDS|seed=5|fraction=1|gamma=1|tau=0.05|lambda=0.7,primary,CivilComments-WILDS,5,1.0,8000,1.0,0.05,0.7,external_balanced_oracle,False,,,0.0,True,NA,False,False,False,True
primary|CivilComments-WILDS|seed=5|fraction=1|gamma=1|tau=0.05|lambda=0.8,primary,CivilComments-WILDS,5,1.0,8000,1.0,0.05,0.8,always_deploy_balanced,True,TaCo::components_removed=5,TaCo,0.0,True,False,True,False,False,True
primary|CivilComments-WILDS|seed=5|fraction=1|gamma=1|tau=0.05|lambda=0.8,primary,CivilComments-WILDS,5,1.0,8000,1.0,0.05,0.8,point_selection_balanced,False,,,0.0,True,NA,False,False,False,True
primary|CivilComments-WILDS|seed=5|fraction=1|gamma=1|tau=0.05|lambda=0.8,primary,CivilComments-WILDS,5,1.0,8000,1.0,0.05,0.8,vera_balanced_iut,False,,,0.0,True,NA,False,False,False,True
primary|CivilComments-WILDS|seed=5|fraction=1|gamma=1|tau=0.05|lambda=0.8,primary,CivilComments-WILDS,5,1.0,8000,1.0,0.05,0.8,vera_balanced_envelope,False,,,0.0,True,NA,False,False,False,True
primary|CivilComments-WILDS|seed=5|fraction=1|gamma=1|tau=0.05|lambda=0.8,primary,CivilComments-WILDS,5,1.0,8000,1.0,0.05,0.8,external_balanced_oracle,False,,,0.0,True,NA,False,False,False,True
primary|CivilComments-WILDS|seed=5|fraction=1|gamma=1|tau=0.1|lambda=0.6,primary,CivilComments-WILDS,5,1.0,8000,1.0,0.1,0.6,always_deploy_balanced,True,TaCo::components_removed=5,TaCo,0.0,True,False,True,False,False,True
primary|CivilComments-WILDS|seed=5|fraction=1|gamma=1|tau=0.1|lambda=0.6,primary,CivilComments-WILDS,5,1.0,8000,1.0,0.1,0.6,point_selection_balanced,False,,,0.0,True,NA,False,False,False,True
primary|CivilComments-WILDS|seed=5|fraction=1|gamma=1|tau=0.1|lambda=0.6,primary,CivilComments-WILDS,5,1.0,8000,1.0,0.1,0.6,vera_balanced_iut,False,,,0.0,True,NA,False,False,False,True
primary|CivilComments-WILDS|seed=5|fraction=1|gamma=1|tau=0.1|lambda=0.6,primary,CivilComments-WILDS,5,1.0,8000,1.0,0.1,0.6,vera_balanced_envelope,False,,,0.0,True,NA,False,False,False,True
primary|CivilComments-WILDS|seed=5|fraction=1|gamma=1|tau=0.1|lambda=0.6,primary,CivilComments-WILDS,5,1.0,8000,1.0,0.1,0.6,external_balanced_oracle,False,,,0.0,True,NA,False,False,False,True
primary|CivilComments-WILDS|seed=5|fraction=1|gamma=1|tau=0.1|lambda=0.7,primary,CivilComments-WILDS,5,1.0,8000,1.0,0.1,0.7,always_deploy_balanced,True,TaCo::components_removed=5,TaCo,0.0,True,False,True,False,False,True
primary|CivilComments-WILDS|seed=5|fraction=1|gamma=1|tau=0.1|lambda=0.7,primary,CivilComments-WILDS,5,1.0,8000,1.0,0.1,0.7,point_selection_balanced,True,TaCo::components_removed=2,TaCo,0.0,True,False,True,False,False,True
primary|CivilComments-WILDS|seed=5|fraction=1|gamma=1|tau=0.1|lambda=0.7,primary,CivilComments-WILDS,5,1.0,8000,1.0,0.1,0.7,vera_balanced_iut,False,,,0.0,True,NA,False,False,False,True
primary|CivilComments-WILDS|seed=5|fraction=1|gamma=1|tau=0.1|lambda=0.7,primary,CivilComments-WILDS,5,1.0,8000,1.0,0.1,0.7,vera_balanced_envelope,False,,,0.0,True,NA,False,False,False,True
primary|CivilComments-WILDS|seed=5|fraction=1|gamma=1|tau=0.1|lambda=0.7,primary,CivilComments-WILDS,5,1.0,8000,1.0,0.1,0.7,external_balanced_oracle,False,,,0.0,True,NA,False,False,False,True
primary|CivilComments-WILDS|seed=5|fraction=1|gamma=1|tau=0.1|lambda=0.8,primary,CivilComments-WILDS,5,1.0,8000,1.0,0.1,0.8,always_deploy_balanced,True,TaCo::components_removed=5,TaCo,0.0,True,False,True,False,False,True
primary|CivilComments-WILDS|seed=5|fraction=1|gamma=1|tau=0.1|lambda=0.8,primary,CivilComments-WILDS,5,1.0,8000,1.0,0.1,0.8,point_selection_balanced,True,TaCo::components_removed=2,TaCo,0.0,True,False,True,False,False,True
primary|CivilComments-WILDS|seed=5|fraction=1|gamma=1|tau=0.1|lambda=0.8,primary,CivilComments-WILDS,5,1.0,8000,1.0,0.1,0.8,vera_balanced_iut,True,"MANCE++::epsilon=0.05,steps=3",MANCE++,1.008544921875,True,True,False,False,False,True
primary|CivilComments-WILDS|seed=5|fraction=1|gamma=1|tau=0.1|lambda=0.8,primary,CivilComments-WILDS,5,1.0,8000,1.0,0.1,0.8,vera_balanced_envelope,True,"MANCE++::epsilon=0.05,steps=3",MANCE++,1.008544921875,True,True,False,False,False,True
primary|CivilComments-WILDS|seed=5|fraction=1|gamma=1|tau=0.1|lambda=0.8,primary,CivilComments-WILDS,5,1.0,8000,1.0,0.1,0.8,external_balanced_oracle,True,"MANCE++::epsilon=0.05,steps=3",MANCE++,1.008544921875,True,True,False,False,False,True
primary|CivilComments-WILDS|seed=5|fraction=1|gamma=1|tau=0.2|lambda=0.6,primary,CivilComments-WILDS,5,1.0,8000,1.0,0.2,0.6,always_deploy_balanced,True,TaCo::components_removed=5,TaCo,0.0,True,False,True,False,False,True
primary|CivilComments-WILDS|seed=5|fraction=1|gamma=1|tau=0.2|lambda=0.6,primary,CivilComments-WILDS,5,1.0,8000,1.0,0.2,0.6,point_selection_balanced,False,,,0.0,True,NA,False,False,False,True
primary|CivilComments-WILDS|seed=5|fraction=1|gamma=1|tau=0.2|lambda=0.6,primary,CivilComments-WILDS,5,1.0,8000,1.0,0.2,0.6,vera_balanced_iut,False,,,0.0,True,NA,False,False,False,True
primary|CivilComments-WILDS|seed=5|fraction=1|gamma=1|tau=0.2|lambda=0.6,primary,CivilComments-WILDS,5,1.0,8000,1.0,0.2,0.6,vera_balanced_envelope,False,,,0.0,True,NA,False,False,False,True
primary|CivilComments-WILDS|seed=5|fraction=1|gamma=1|tau=0.2|lambda=0.6,primary,CivilComments-WILDS,5,1.0,8000,1.0,0.2,0.6,external_balanced_oracle,False,,,0.0,True,NA,False,False,False,True
primary|CivilComments-WILDS|seed=5|fraction=1|gamma=1|tau=0.2|lambda=0.7,primary,CivilComments-WILDS,5,1.0,8000,1.0,0.2,0.7,always_deploy_balanced,True,TaCo::components_removed=5,TaCo,1.039306640625,True,True,False,False,False,True
primary|CivilComments-WILDS|seed=5|fraction=1|gamma=1|tau=0.2|lambda=0.7,primary,CivilComments-WILDS,5,1.0,8000,1.0,0.2,0.7,point_selection_balanced,True,TaCo::components_removed=5,TaCo,1.039306640625,True,True,False,False,False,True
primary|CivilComments-WILDS|seed=5|fraction=1|gamma=1|tau=0.2|lambda=0.7,primary,CivilComments-WILDS,5,1.0,8000,1.0,0.2,0.7,vera_balanced_iut,True,TaCo::components_removed=5,TaCo,1.039306640625,True,True,False,False,False,True
primary|CivilComments-WILDS|seed=5|fraction=1|gamma=1|tau=0.2|lambda=0.7,primary,CivilComments-WILDS,5,1.0,8000,1.0,0.2,0.7,vera_balanced_envelope,True,TaCo::components_removed=5,TaCo,1.039306640625,True,True,False,False,False,True
primary|CivilComments-WILDS|seed=5|fraction=1|gamma=1|tau=0.2|lambda=0.7,primary,CivilComments-WILDS,5,1.0,8000,1.0,0.2,0.7,external_balanced_oracle,True,TaCo::components_removed=5,TaCo,1.039306640625,True,True,False,False,False,True
primary|CivilComments-WILDS|seed=5|fraction=1|gamma=1|tau=0.2|lambda=0.8,primary,CivilComments-WILDS,5,1.0,8000,1.0,0.2,0.8,always_deploy_balanced,True,TaCo::components_removed=5,TaCo,1.0545806884765625,True,True,False,False,False,True
primary|CivilComments-WILDS|seed=5|fraction=1|gamma=1|tau=0.2|lambda=0.8,primary,CivilComments-WILDS,5,1.0,8000,1.0,0.2,0.8,point_selection_balanced,True,TaCo::components_removed=5,TaCo,1.0545806884765625,True,True,False,False,False,True
primary|CivilComments-WILDS|seed=5|fraction=1|gamma=1|tau=0.2|lambda=0.8,primary,CivilComments-WILDS,5,1.0,8000,1.0,0.2,0.8,vera_balanced_iut,True,TaCo::components_removed=5,TaCo,1.0545806884765625,True,True,False,False,False,True
primary|CivilComments-WILDS|seed=5|fraction=1|gamma=1|tau=0.2|lambda=0.8,primary,CivilComments-WILDS,5,1.0,8000,1.0,0.2,0.8,vera_balanced_envelope,True,TaCo::components_removed=5,TaCo,1.0545806884765625,True,True,False,False,False,True
primary|CivilComments-WILDS|seed=5|fraction=1|gamma=1|tau=0.2|lambda=0.8,primary,CivilComments-WILDS,5,1.0,8000,1.0,0.2,0.8,external_balanced_oracle,True,TaCo::components_removed=5,TaCo,1.0545806884765625,True,True,False,False,False,True
shifted_sensitivity|CivilComments-WILDS|seed=5|fraction=1|gamma=1.01|tau=0.05|lambda=0.6,shifted_sensitivity,CivilComments-WILDS,5,1.0,8000,1.01,0.05,0.6,always_deploy_balanced,True,TaCo::components_removed=5,TaCo,0.0,True,False,True,False,False,True
shifted_sensitivity|CivilComments-WILDS|seed=5|fraction=1|gamma=1.01|tau=0.05|lambda=0.6,shifted_sensitivity,CivilComments-WILDS,5,1.0,8000,1.01,0.05,0.6,point_selection_balanced,False,,,0.0,True,NA,False,False,False,True
shifted_sensitivity|CivilComments-WILDS|seed=5|fraction=1|gamma=1.01|tau=0.05|lambda=0.6,shifted_sensitivity,CivilComments-WILDS,5,1.0,8000,1.01,0.05,0.6,vera_balanced_iut,False,,,0.0,True,NA,False,False,False,True
shifted_sensitivity|CivilComments-WILDS|seed=5|fraction=1|gamma=1.01|tau=0.05|lambda=0.6,shifted_sensitivity,CivilComments-WILDS,5,1.0,8000,1.01,0.05,0.6,vera_balanced_envelope,False,,,0.0,True,NA,False,False,False,True
shifted_sensitivity|CivilComments-WILDS|seed=5|fraction=1|gamma=1.01|tau=0.05|lambda=0.6,shifted_sensitivity,CivilComments-WILDS,5,1.0,8000,1.01,0.05,0.6,external_balanced_oracle,False,,,0.0,True,NA,False,False,False,True
shifted_sensitivity|CivilComments-WILDS|seed=5|fraction=1|gamma=1.01|tau=0.05|lambda=0.7,shifted_sensitivity,CivilComments-WILDS,5,1.0,8000,1.01,0.05,0.7,always_deploy_balanced,True,TaCo::components_removed=5,TaCo,0.0,True,False,True,False,False,True
shifted_sensitivity|CivilComments-WILDS|seed=5|fraction=1|gamma=1.01|tau=0.05|lambda=0.7,shifted_sensitivity,CivilComments-WILDS,5,1.0,8000,1.01,0.05,0.7,point_selection_balanced,False,,,0.0,True,NA,False,False,False,True
shifted_sensitivity|CivilComments-WILDS|seed=5|fraction=1|gamma=1.01|tau=0.05|lambda=0.7,shifted_sensitivity,CivilComments-WILDS,5,1.0,8000,1.01,0.05,0.7,vera_balanced_iut,False,,,0.0,True,NA,False,False,False,True
shifted_sensitivity|CivilComments-WILDS|seed=5|fraction=1|gamma=1.01|tau=0.05|lambda=0.7,shifted_sensitivity,CivilComments-WILDS,5,1.0,8000,1.01,0.05,0.7,vera_balanced_envelope,False,,,0.0,True,NA,False,False,False,True
shifted_sensitivity|CivilComments-WILDS|seed=5|fraction=1|gamma=1.01|tau=0.05|lambda=0.7,shifted_sensitivity,CivilComments-WILDS,5,1.0,8000,1.01,0.05,0.7,external_balanced_oracle,False,,,0.0,True,NA,False,False,False,True
shifted_sensitivity|CivilComments-WILDS|seed=5|fraction=1|gamma=1.01|tau=0.05|lambda=0.8,shifted_sensitivity,CivilComments-WILDS,5,1.0,8000,1.01,0.05,0.8,always_deploy_balanced,True,TaCo::components_removed=5,TaCo,0.0,True,False,True,False,False,True
shifted_sensitivity|CivilComments-WILDS|seed=5|fraction=1|gamma=1.01|tau=0.05|lambda=0.8,shifted_sensitivity,CivilComments-WILDS,5,1.0,8000,1.01,0.05,0.8,point_selection_balanced,False,,,0.0,True,NA,False,False,False,True
shifted_sensitivity|CivilComments-WILDS|seed=5|fraction=1|gamma=1.01|tau=0.05|lambda=0.8,shifted_sensitivity,CivilComments-WILDS,5,1.0,8000,1.01,0.05,0.8,vera_balanced_iut,False,,,0.0,True,NA,False,False,False,True
shifted_sensitivity|CivilComments-WILDS|seed=5|fraction=1|gamma=1.01|tau=0.05|lambda=0.8,shifted_sensitivity,CivilComments-WILDS,5,1.0,8000,1.01,0.05,0.8,vera_balanced_envelope,False,,,0.0,True,NA,False,False,False,True
shifted_sensitivity|CivilComments-WILDS|seed=5|fraction=1|gamma=1.01|tau=0.05|lambda=0.8,shifted_sensitivity,CivilComments-WILDS,5,1.0,8000,1.01,0.05,0.8,external_balanced_oracle,False,,,0.0,True,NA,False,False,False,True
shifted_sensitivity|CivilComments-WILDS|seed=5|fraction=1|gamma=1.01|tau=0.1|lambda=0.6,shifted_sensitivity,CivilComments-WILDS,5,1.0,8000,1.01,0.1,0.6,always_deploy_balanced,True,TaCo::components_removed=5,TaCo,0.0,True,False,True,False,False,True
shifted_sensitivity|CivilComments-WILDS|seed=5|fraction=1|gamma=1.01|tau=0.1|lambda=0.6,shifted_sensitivity,CivilComments-WILDS,5,1.0,8000,1.01,0.1,0.6,point_selection_balanced,False,,,0.0,True,NA,False,False,False,True
shifted_sensitivity|CivilComments-WILDS|seed=5|fraction=1|gamma=1.01|tau=0.1|lambda=0.6,shifted_sensitivity,CivilComments-WILDS,5,1.0,8000,1.01,0.1,0.6,vera_balanced_iut,False,,,0.0,True,NA,False,False,False,True
shifted_sensitivity|CivilComments-WILDS|seed=5|fraction=1|gamma=1.01|tau=0.1|lambda=0.6,shifted_sensitivity,CivilComments-WILDS,5,1.0,8000,1.01,0.1,0.6,vera_balanced_envelope,False,,,0.0,True,NA,False,False,False,True
shifted_sensitivity|CivilComments-WILDS|seed=5|fraction=1|gamma=1.01|tau=0.1|lambda=0.6,shifted_sensitivity,CivilComments-WILDS,5,1.0,8000,1.01,0.1,0.6,external_balanced_oracle,False,,,0.0,True,NA,False,False,False,True
shifted_sensitivity|CivilComments-WILDS|seed=5|fraction=1|gamma=1.01|tau=0.1|lambda=0.7,shifted_sensitivity,CivilComments-WILDS,5,1.0,8000,1.01,0.1,0.7,always_deploy_balanced,True,TaCo::components_removed=5,TaCo,0.0,True,False,True,False,False,True
shifted_sensitivity|CivilComments-WILDS|seed=5|fraction=1|gamma=1.01|tau=0.1|lambda=0.7,shifted_sensitivity,CivilComments-WILDS,5,1.0,8000,1.01,0.1,0.7,point_selection_balanced,True,TaCo::components_removed=2,TaCo,0.0,True,False,True,False,False,True
shifted_sensitivity|CivilComments-WILDS|seed=5|fraction=1|gamma=1.01|tau=0.1|lambda=0.7,shifted_sensitivity,CivilComments-WILDS,5,1.0,8000,1.01,0.1,0.7,vera_balanced_iut,False,,,0.0,True,NA,False,False,False,True
shifted_sensitivity|CivilComments-WILDS|seed=5|fraction=1|gamma=1.01|tau=0.1|lambda=0.7,shifted_sensitivity,CivilComments-WILDS,5,1.0,8000,1.01,0.1,0.7,vera_balanced_envelope,False,,,0.0,True,NA,False,False,False,True
shifted_sensitivity|CivilComments-WILDS|seed=5|fraction=1|gamma=1.01|tau=0.1|lambda=0.7,shifted_sensitivity,CivilComments-WILDS,5,1.0,8000,1.01,0.1,0.7,external_balanced_oracle,False,,,0.0,True,NA,False,False,False,True
shifted_sensitivity|CivilComments-WILDS|seed=5|fraction=1|gamma=1.01|tau=0.1|lambda=0.8,shifted_sensitivity,CivilComments-WILDS,5,1.0,8000,1.01,0.1,0.8,always_deploy_balanced,True,TaCo::components_removed=5,TaCo,0.0,True,False,True,False,False,True
shifted_sensitivity|CivilComments-WILDS|seed=5|fraction=1|gamma=1.01|tau=0.1|lambda=0.8,shifted_sensitivity,CivilComments-WILDS,5,1.0,8000,1.01,0.1,0.8,point_selection_balanced,True,TaCo::components_removed=2,TaCo,0.0,True,False,True,False,False,True
shifted_sensitivity|CivilComments-WILDS|seed=5|fraction=1|gamma=1.01|tau=0.1|lambda=0.8,shifted_sensitivity,CivilComments-WILDS,5,1.0,8000,1.01,0.1,0.8,vera_balanced_iut,True,"MANCE++::epsilon=0.05,steps=3",MANCE++,1.008544921875,True,True,False,False,False,True
shifted_sensitivity|CivilComments-WILDS|seed=5|fraction=1|gamma=1.01|tau=0.1|lambda=0.8,shifted_sensitivity,CivilComments-WILDS,5,1.0,8000,1.01,0.1,0.8,vera_balanced_envelope,True,INLP::rank=8,INLP,1.0107345581054688,True,True,False,False,False,True
shifted_sensitivity|CivilComments-WILDS|seed=5|fraction=1|gamma=1.01|tau=0.1|lambda=0.8,shifted_sensitivity,CivilComments-WILDS,5,1.0,8000,1.01,0.1,0.8,external_balanced_oracle,True,"MANCE++::epsilon=0.05,steps=3",MANCE++,1.008544921875,True,True,False,False,False,True
shifted_sensitivity|CivilComments-WILDS|seed=5|fraction=1|gamma=1.01|tau=0.2|lambda=0.6,shifted_sensitivity,CivilComments-WILDS,5,1.0,8000,1.01,0.2,0.6,always_deploy_balanced,True,TaCo::components_removed=5,TaCo,0.0,True,False,True,False,False,True
shifted_sensitivity|CivilComments-WILDS|seed=5|fraction=1|gamma=1.01|tau=0.2|lambda=0.6,shifted_sensitivity,CivilComments-WILDS,5,1.0,8000,1.01,0.2,0.6,point_selection_balanced,False,,,0.0,True,NA,False,False,False,True
shifted_sensitivity|CivilComments-WILDS|seed=5|fraction=1|gamma=1.01|tau=0.2|lambda=0.6,shifted_sensitivity,CivilComments-WILDS,5,1.0,8000,1.01,0.2,0.6,vera_balanced_iut,False,,,0.0,True,NA,False,False,False,True
shifted_sensitivity|CivilComments-WILDS|seed=5|fraction=1|gamma=1.01|tau=0.2|lambda=0.6,shifted_sensitivity,CivilComments-WILDS,5,1.0,8000,1.01,0.2,0.6,vera_balanced_envelope,False,,,0.0,True,NA,False,False,False,True
shifted_sensitivity|CivilComments-WILDS|seed=5|fraction=1|gamma=1.01|tau=0.2|lambda=0.6,shifted_sensitivity,CivilComments-WILDS,5,1.0,8000,1.01,0.2,0.6,external_balanced_oracle,False,,,0.0,True,NA,False,False,False,True
shifted_sensitivity|CivilComments-WILDS|seed=5|fraction=1|gamma=1.01|tau=0.2|lambda=0.7,shifted_sensitivity,CivilComments-WILDS,5,1.0,8000,1.01,0.2,0.7,always_deploy_balanced,True,TaCo::components_removed=5,TaCo,1.039306640625,True,True,False,False,False,True
shifted_sensitivity|CivilComments-WILDS|seed=5|fraction=1|gamma=1.01|tau=0.2|lambda=0.7,shifted_sensitivity,CivilComments-WILDS,5,1.0,8000,1.01,0.2,0.7,point_selection_balanced,True,TaCo::components_removed=5,TaCo,1.039306640625,True,True,False,False,False,True
shifted_sensitivity|CivilComments-WILDS|seed=5|fraction=1|gamma=1.01|tau=0.2|lambda=0.7,shifted_sensitivity,CivilComments-WILDS,5,1.0,8000,1.01,0.2,0.7,vera_balanced_iut,True,TaCo::components_removed=5,TaCo,1.039306640625,True,True,False,False,False,True
shifted_sensitivity|CivilComments-WILDS|seed=5|fraction=1|gamma=1.01|tau=0.2|lambda=0.7,shifted_sensitivity,CivilComments-WILDS,5,1.0,8000,1.01,0.2,0.7,vera_balanced_envelope,True,TaCo::components_removed=5,TaCo,1.039306640625,True,True,False,False,False,True
shifted_sensitivity|CivilComments-WILDS|seed=5|fraction=1|gamma=1.01|tau=0.2|lambda=0.7,shifted_sensitivity,CivilComments-WILDS,5,1.0,8000,1.01,0.2,0.7,external_balanced_oracle,True,TaCo::components_removed=5,TaCo,1.039306640625,True,True,False,False,False,True
shifted_sensitivity|CivilComments-WILDS|seed=5|fraction=1|gamma=1.01|tau=0.2|lambda=0.8,shifted_sensitivity,CivilComments-WILDS,5,1.0,8000,1.01,0.2,0.8,always_deploy_balanced,True,TaCo::components_removed=5,TaCo,1.0545806884765625,True,True,False,False,False,True
shifted_sensitivity|CivilComments-WILDS|seed=5|fraction=1|gamma=1.01|tau=0.2|lambda=0.8,shifted_sensitivity,CivilComments-WILDS,5,1.0,8000,1.01,0.2,0.8,point_selection_balanced,True,TaCo::components_removed=5,TaCo,1.0545806884765625,True,True,False,False,False,True
shifted_sensitivity|CivilComments-WILDS|seed=5|fraction=1|gamma=1.01|tau=0.2|lambda=0.8,shifted_sensitivity,CivilComments-WILDS,5,1.0,8000,1.01,0.2,0.8,vera_balanced_iut,True,TaCo::components_removed=5,TaCo,1.0545806884765625,True,True,False,False,False,True
shifted_sensitivity|CivilComments-WILDS|seed=5|fraction=1|gamma=1.01|tau=0.2|lambda=0.8,shifted_sensitivity,CivilComments-WILDS,5,1.0,8000,1.01,0.2,0.8,vera_balanced_envelope,True,TaCo::components_removed=5,TaCo,1.0545806884765625,True,True,False,False,False,True
shifted_sensitivity|CivilComments-WILDS|seed=5|fraction=1|gamma=1.01|tau=0.2|lambda=0.8,shifted_sensitivity,CivilComments-WILDS,5,1.0,8000,1.01,0.2,0.8,external_balanced_oracle,True,TaCo::components_removed=5,TaCo,1.0545806884765625,True,True,False,False,False,True
learning_curve|CivilComments-WILDS|seed=6|fraction=0.05|gamma=1|tau=0.05|lambda=0.6,learning_curve,CivilComments-WILDS,6,0.05,399,1.0,0.05,0.6,always_deploy_balanced,True,TaCo::components_removed=3,TaCo,0.0,True,False,True,False,False,True
learning_curve|CivilComments-WILDS|seed=6|fraction=0.05|gamma=1|tau=0.05|lambda=0.6,learning_curve,CivilComments-WILDS,6,0.05,399,1.0,0.05,0.6,point_selection_balanced,False,,,0.0,True,NA,False,False,False,True
learning_curve|CivilComments-WILDS|seed=6|fraction=0.05|gamma=1|tau=0.05|lambda=0.6,learning_curve,CivilComments-WILDS,6,0.05,399,1.0,0.05,0.6,vera_balanced_iut,False,,,0.0,True,NA,False,False,False,True
learning_curve|CivilComments-WILDS|seed=6|fraction=0.05|gamma=1|tau=0.05|lambda=0.6,learning_curve,CivilComments-WILDS,6,0.05,399,1.0,0.05,0.6,vera_balanced_envelope,False,,,0.0,True,NA,False,False,False,True
learning_curve|CivilComments-WILDS|seed=6|fraction=0.05|gamma=1|tau=0.05|lambda=0.6,learning_curve,CivilComments-WILDS,6,0.05,399,1.0,0.05,0.6,external_balanced_oracle,False,,,0.0,True,NA,False,False,False,True
learning_curve|CivilComments-WILDS|seed=6|fraction=0.05|gamma=1|tau=0.05|lambda=0.7,learning_curve,CivilComments-WILDS,6,0.05,399,1.0,0.05,0.7,always_deploy_balanced,True,TaCo::components_removed=3,TaCo,0.0,True,False,True,False,False,True
learning_curve|CivilComments-WILDS|seed=6|fraction=0.05|gamma=1|tau=0.05|lambda=0.7,learning_curve,CivilComments-WILDS,6,0.05,399,1.0,0.05,0.7,point_selection_balanced,True,TaCo::components_removed=3,TaCo,0.0,True,False,True,False,False,True
learning_curve|CivilComments-WILDS|seed=6|fraction=0.05|gamma=1|tau=0.05|lambda=0.7,learning_curve,CivilComments-WILDS,6,0.05,399,1.0,0.05,0.7,vera_balanced_iut,False,,,0.0,True,NA,False,False,False,True
learning_curve|CivilComments-WILDS|seed=6|fraction=0.05|gamma=1|tau=0.05|lambda=0.7,learning_curve,CivilComments-WILDS,6,0.05,399,1.0,0.05,0.7,vera_balanced_envelope,False,,,0.0,True,NA,False,False,False,True
learning_curve|CivilComments-WILDS|seed=6|fraction=0.05|gamma=1|tau=0.05|lambda=0.7,learning_curve,CivilComments-WILDS,6,0.05,399,1.0,0.05,0.7,external_balanced_oracle,False,,,0.0,True,NA,False,False,False,True
learning_curve|CivilComments-WILDS|seed=6|fraction=0.05|gamma=1|tau=0.05|lambda=0.8,learning_curve,CivilComments-WILDS,6,0.05,399,1.0,0.05,0.8,always_deploy_balanced,True,TaCo::components_removed=3,TaCo,0.0,True,False,True,False,False,True
learning_curve|CivilComments-WILDS|seed=6|fraction=0.05|gamma=1|tau=0.05|lambda=0.8,learning_curve,CivilComments-WILDS,6,0.05,399,1.0,0.05,0.8,point_selection_balanced,True,TaCo::components_removed=3,TaCo,0.0,True,False,True,False,False,True
learning_curve|CivilComments-WILDS|seed=6|fraction=0.05|gamma=1|tau=0.05|lambda=0.8,learning_curve,CivilComments-WILDS,6,0.05,399,1.0,0.05,0.8,vera_balanced_iut,False,,,0.0,True,NA,False,False,False,True
learning_curve|CivilComments-WILDS|seed=6|fraction=0.05|gamma=1|tau=0.05|lambda=0.8,learning_curve,CivilComments-WILDS,6,0.05,399,1.0,0.05,0.8,vera_balanced_envelope,False,,,0.0,True,NA,False,False,False,True
learning_curve|CivilComments-WILDS|seed=6|fraction=0.05|gamma=1|tau=0.05|lambda=0.8,learning_curve,CivilComments-WILDS,6,0.05,399,1.0,0.05,0.8,external_balanced_oracle,True,INLP::rank=2,INLP,0.0,True,True,False,False,False,True
learning_curve|CivilComments-WILDS|seed=6|fraction=0.05|gamma=1|tau=0.1|lambda=0.6,learning_curve,CivilComments-WILDS,6,0.05,399,1.0,0.1,0.6,always_deploy_balanced,True,TaCo::components_removed=3,TaCo,0.0,True,False,True,False,False,True
learning_curve|CivilComments-WILDS|seed=6|fraction=0.05|gamma=1|tau=0.1|lambda=0.6,learning_curve,CivilComments-WILDS,6,0.05,399,1.0,0.1,0.6,point_selection_balanced,False,,,0.0,True,NA,False,False,False,True
learning_curve|CivilComments-WILDS|seed=6|fraction=0.05|gamma=1|tau=0.1|lambda=0.6,learning_curve,CivilComments-WILDS,6,0.05,399,1.0,0.1,0.6,vera_balanced_iut,False,,,0.0,True,NA,False,False,False,True
learning_curve|CivilComments-WILDS|seed=6|fraction=0.05|gamma=1|tau=0.1|lambda=0.6,learning_curve,CivilComments-WILDS,6,0.05,399,1.0,0.1,0.6,vera_balanced_envelope,False,,,0.0,True,NA,False,False,False,True
learning_curve|CivilComments-WILDS|seed=6|fraction=0.05|gamma=1|tau=0.1|lambda=0.6,learning_curve,CivilComments-WILDS,6,0.05,399,1.0,0.1,0.6,external_balanced_oracle,False,,,0.0,True,NA,False,False,False,True
learning_curve|CivilComments-WILDS|seed=6|fraction=0.05|gamma=1|tau=0.1|lambda=0.7,learning_curve,CivilComments-WILDS,6,0.05,399,1.0,0.1,0.7,always_deploy_balanced,True,TaCo::components_removed=3,TaCo,0.0,True,True,False,False,False,True
learning_curve|CivilComments-WILDS|seed=6|fraction=0.05|gamma=1|tau=0.1|lambda=0.7,learning_curve,CivilComments-WILDS,6,0.05,399,1.0,0.1,0.7,point_selection_balanced,True,TaCo::components_removed=3,TaCo,0.0,True,True,False,False,False,True
learning_curve|CivilComments-WILDS|seed=6|fraction=0.05|gamma=1|tau=0.1|lambda=0.7,learning_curve,CivilComments-WILDS,6,0.05,399,1.0,0.1,0.7,vera_balanced_iut,False,,,0.0,True,NA,False,False,False,True
learning_curve|CivilComments-WILDS|seed=6|fraction=0.05|gamma=1|tau=0.1|lambda=0.7,learning_curve,CivilComments-WILDS,6,0.05,399,1.0,0.1,0.7,vera_balanced_envelope,False,,,0.0,True,NA,False,False,False,True
learning_curve|CivilComments-WILDS|seed=6|fraction=0.05|gamma=1|tau=0.1|lambda=0.7,learning_curve,CivilComments-WILDS,6,0.05,399,1.0,0.1,0.7,external_balanced_oracle,True,TaCo::components_removed=3,TaCo,0.0,True,True,False,False,False,True
learning_curve|CivilComments-WILDS|seed=6|fraction=0.05|gamma=1|tau=0.1|lambda=0.8,learning_curve,CivilComments-WILDS,6,0.05,399,1.0,0.1,0.8,always_deploy_balanced,True,TaCo::components_removed=3,TaCo,0.0,True,True,False,False,False,True
learning_curve|CivilComments-WILDS|seed=6|fraction=0.05|gamma=1|tau=0.1|lambda=0.8,learning_curve,CivilComments-WILDS,6,0.05,399,1.0,0.1,0.8,point_selection_balanced,True,TaCo::components_removed=3,TaCo,0.0,True,True,False,False,False,True
learning_curve|CivilComments-WILDS|seed=6|fraction=0.05|gamma=1|tau=0.1|lambda=0.8,learning_curve,CivilComments-WILDS,6,0.05,399,1.0,0.1,0.8,vera_balanced_iut,False,,,0.0,True,NA,False,False,False,True
learning_curve|CivilComments-WILDS|seed=6|fraction=0.05|gamma=1|tau=0.1|lambda=0.8,learning_curve,CivilComments-WILDS,6,0.05,399,1.0,0.1,0.8,vera_balanced_envelope,False,,,0.0,True,NA,False,False,False,True
learning_curve|CivilComments-WILDS|seed=6|fraction=0.05|gamma=1|tau=0.1|lambda=0.8,learning_curve,CivilComments-WILDS,6,0.05,399,1.0,0.1,0.8,external_balanced_oracle,True,TaCo::components_removed=3,TaCo,0.0,True,True,False,False,False,True
learning_curve|CivilComments-WILDS|seed=6|fraction=0.05|gamma=1|tau=0.2|lambda=0.6,learning_curve,CivilComments-WILDS,6,0.05,399,1.0,0.2,0.6,always_deploy_balanced,True,TaCo::components_removed=3,TaCo,0.0,True,False,True,False,False,True
learning_curve|CivilComments-WILDS|seed=6|fraction=0.05|gamma=1|tau=0.2|lambda=0.6,learning_curve,CivilComments-WILDS,6,0.05,399,1.0,0.2,0.6,point_selection_balanced,False,,,0.0,True,NA,False,False,False,True
learning_curve|CivilComments-WILDS|seed=6|fraction=0.05|gamma=1|tau=0.2|lambda=0.6,learning_curve,CivilComments-WILDS,6,0.05,399,1.0,0.2,0.6,vera_balanced_iut,False,,,0.0,True,NA,False,False,False,True
learning_curve|CivilComments-WILDS|seed=6|fraction=0.05|gamma=1|tau=0.2|lambda=0.6,learning_curve,CivilComments-WILDS,6,0.05,399,1.0,0.2,0.6,vera_balanced_envelope,False,,,0.0,True,NA,False,False,False,True
learning_curve|CivilComments-WILDS|seed=6|fraction=0.05|gamma=1|tau=0.2|lambda=0.6,learning_curve,CivilComments-WILDS,6,0.05,399,1.0,0.2,0.6,external_balanced_oracle,False,,,0.0,True,NA,False,False,False,True
learning_curve|CivilComments-WILDS|seed=6|fraction=0.05|gamma=1|tau=0.2|lambda=0.7,learning_curve,CivilComments-WILDS,6,0.05,399,1.0,0.2,0.7,always_deploy_balanced,True,TaCo::components_removed=3,TaCo,0.0,True,True,False,False,False,True
learning_curve|CivilComments-WILDS|seed=6|fraction=0.05|gamma=1|tau=0.2|lambda=0.7,learning_curve,CivilComments-WILDS,6,0.05,399,1.0,0.2,0.7,point_selection_balanced,True,TaCo::components_removed=3,TaCo,0.0,True,True,False,False,False,True
learning_curve|CivilComments-WILDS|seed=6|fraction=0.05|gamma=1|tau=0.2|lambda=0.7,learning_curve,CivilComments-WILDS,6,0.05,399,1.0,0.2,0.7,vera_balanced_iut,False,,,0.0,True,NA,False,False,False,True
learning_curve|CivilComments-WILDS|seed=6|fraction=0.05|gamma=1|tau=0.2|lambda=0.7,learning_curve,CivilComments-WILDS,6,0.05,399,1.0,0.2,0.7,vera_balanced_envelope,False,,,0.0,True,NA,False,False,False,True
learning_curve|CivilComments-WILDS|seed=6|fraction=0.05|gamma=1|tau=0.2|lambda=0.7,learning_curve,CivilComments-WILDS,6,0.05,399,1.0,0.2,0.7,external_balanced_oracle,True,TaCo::components_removed=3,TaCo,0.0,True,True,False,False,False,True
learning_curve|CivilComments-WILDS|seed=6|fraction=0.05|gamma=1|tau=0.2|lambda=0.8,learning_curve,CivilComments-WILDS,6,0.05,399,1.0,0.2,0.8,always_deploy_balanced,True,TaCo::components_removed=3,TaCo,1.0092926025390625,True,True,False,False,False,True
learning_curve|CivilComments-WILDS|seed=6|fraction=0.05|gamma=1|tau=0.2|lambda=0.8,learning_curve,CivilComments-WILDS,6,0.05,399,1.0,0.2,0.8,point_selection_balanced,True,TaCo::components_removed=3,TaCo,1.0092926025390625,True,True,False,False,False,True
learning_curve|CivilComments-WILDS|seed=6|fraction=0.05|gamma=1|tau=0.2|lambda=0.8,learning_curve,CivilComments-WILDS,6,0.05,399,1.0,0.2,0.8,vera_balanced_iut,True,TaCo::components_removed=3,TaCo,1.0092926025390625,True,True,False,False,False,True
learning_curve|CivilComments-WILDS|seed=6|fraction=0.05|gamma=1|tau=0.2|lambda=0.8,learning_curve,CivilComments-WILDS,6,0.05,399,1.0,0.2,0.8,vera_balanced_envelope,True,TaCo::components_removed=3,TaCo,1.0092926025390625,True,True,False,False,False,True
learning_curve|CivilComments-WILDS|seed=6|fraction=0.05|gamma=1|tau=0.2|lambda=0.8,learning_curve,CivilComments-WILDS,6,0.05,399,1.0,0.2,0.8,external_balanced_oracle,True,TaCo::components_removed=3,TaCo,1.0092926025390625,True,True,False,False,False,True
learning_curve|CivilComments-WILDS|seed=6|fraction=0.1|gamma=1|tau=0.05|lambda=0.6,learning_curve,CivilComments-WILDS,6,0.1,799,1.0,0.05,0.6,always_deploy_balanced,True,TaCo::components_removed=3,TaCo,0.0,True,False,True,False,False,True
learning_curve|CivilComments-WILDS|seed=6|fraction=0.1|gamma=1|tau=0.05|lambda=0.6,learning_curve,CivilComments-WILDS,6,0.1,799,1.0,0.05,0.6,point_selection_balanced,False,,,0.0,True,NA,False,False,False,True
learning_curve|CivilComments-WILDS|seed=6|fraction=0.1|gamma=1|tau=0.05|lambda=0.6,learning_curve,CivilComments-WILDS,6,0.1,799,1.0,0.05,0.6,vera_balanced_iut,False,,,0.0,True,NA,False,False,False,True
learning_curve|CivilComments-WILDS|seed=6|fraction=0.1|gamma=1|tau=0.05|lambda=0.6,learning_curve,CivilComments-WILDS,6,0.1,799,1.0,0.05,0.6,vera_balanced_envelope,False,,,0.0,True,NA,False,False,False,True
learning_curve|CivilComments-WILDS|seed=6|fraction=0.1|gamma=1|tau=0.05|lambda=0.6,learning_curve,CivilComments-WILDS,6,0.1,799,1.0,0.05,0.6,external_balanced_oracle,False,,,0.0,True,NA,False,False,False,True
learning_curve|CivilComments-WILDS|seed=6|fraction=0.1|gamma=1|tau=0.05|lambda=0.7,learning_curve,CivilComments-WILDS,6,0.1,799,1.0,0.05,0.7,always_deploy_balanced,True,TaCo::components_removed=3,TaCo,0.0,True,False,True,False,False,True
learning_curve|CivilComments-WILDS|seed=6|fraction=0.1|gamma=1|tau=0.05|lambda=0.7,learning_curve,CivilComments-WILDS,6,0.1,799,1.0,0.05,0.7,point_selection_balanced,True,TaCo::components_removed=3,TaCo,0.0,True,False,True,False,False,True
learning_curve|CivilComments-WILDS|seed=6|fraction=0.1|gamma=1|tau=0.05|lambda=0.7,learning_curve,CivilComments-WILDS,6,0.1,799,1.0,0.05,0.7,vera_balanced_iut,False,,,0.0,True,NA,False,False,False,True
learning_curve|CivilComments-WILDS|seed=6|fraction=0.1|gamma=1|tau=0.05|lambda=0.7,learning_curve,CivilComments-WILDS,6,0.1,799,1.0,0.05,0.7,vera_balanced_envelope,False,,,0.0,True,NA,False,False,False,True
learning_curve|CivilComments-WILDS|seed=6|fraction=0.1|gamma=1|tau=0.05|lambda=0.7,learning_curve,CivilComments-WILDS,6,0.1,799,1.0,0.05,0.7,external_balanced_oracle,False,,,0.0,True,NA,False,False,False,True
learning_curve|CivilComments-WILDS|seed=6|fraction=0.1|gamma=1|tau=0.05|lambda=0.8,learning_curve,CivilComments-WILDS,6,0.1,799,1.0,0.05,0.8,always_deploy_balanced,True,TaCo::components_removed=3,TaCo,0.0,True,False,True,False,False,True
learning_curve|CivilComments-WILDS|seed=6|fraction=0.1|gamma=1|tau=0.05|lambda=0.8,learning_curve,CivilComments-WILDS,6,0.1,799,1.0,0.05,0.8,point_selection_balanced,True,TaCo::components_removed=3,TaCo,0.0,True,False,True,False,False,True
learning_curve|CivilComments-WILDS|seed=6|fraction=0.1|gamma=1|tau=0.05|lambda=0.8,learning_curve,CivilComments-WILDS,6,0.1,799,1.0,0.05,0.8,vera_balanced_iut,False,,,0.0,True,NA,False,False,False,True
learning_curve|CivilComments-WILDS|seed=6|fraction=0.1|gamma=1|tau=0.05|lambda=0.8,learning_curve,CivilComments-WILDS,6,0.1,799,1.0,0.05,0.8,vera_balanced_envelope,False,,,0.0,True,NA,False,False,False,True
learning_curve|CivilComments-WILDS|seed=6|fraction=0.1|gamma=1|tau=0.05|lambda=0.8,learning_curve,CivilComments-WILDS,6,0.1,799,1.0,0.05,0.8,external_balanced_oracle,True,INLP::rank=2,INLP,0.0,True,True,False,False,False,True
learning_curve|CivilComments-WILDS|seed=6|fraction=0.1|gamma=1|tau=0.1|lambda=0.6,learning_curve,CivilComments-WILDS,6,0.1,799,1.0,0.1,0.6,always_deploy_balanced,True,TaCo::components_removed=3,TaCo,0.0,True,False,True,False,False,True
learning_curve|CivilComments-WILDS|seed=6|fraction=0.1|gamma=1|tau=0.1|lambda=0.6,learning_curve,CivilComments-WILDS,6,0.1,799,1.0,0.1,0.6,point_selection_balanced,False,,,0.0,True,NA,False,False,False,True
learning_curve|CivilComments-WILDS|seed=6|fraction=0.1|gamma=1|tau=0.1|lambda=0.6,learning_curve,CivilComments-WILDS,6,0.1,799,1.0,0.1,0.6,vera_balanced_iut,False,,,0.0,True,NA,False,False,False,True
learning_curve|CivilComments-WILDS|seed=6|fraction=0.1|gamma=1|tau=0.1|lambda=0.6,learning_curve,CivilComments-WILDS,6,0.1,799,1.0,0.1,0.6,vera_balanced_envelope,False,,,0.0,True,NA,False,False,False,True
learning_curve|CivilComments-WILDS|seed=6|fraction=0.1|gamma=1|tau=0.1|lambda=0.6,learning_curve,CivilComments-WILDS,6,0.1,799,1.0,0.1,0.6,external_balanced_oracle,False,,,0.0,True,NA,False,False,False,True
learning_curve|CivilComments-WILDS|seed=6|fraction=0.1|gamma=1|tau=0.1|lambda=0.7,learning_curve,CivilComments-WILDS,6,0.1,799,1.0,0.1,0.7,always_deploy_balanced,True,TaCo::components_removed=3,TaCo,0.0,True,True,False,False,False,True
learning_curve|CivilComments-WILDS|seed=6|fraction=0.1|gamma=1|tau=0.1|lambda=0.7,learning_curve,CivilComments-WILDS,6,0.1,799,1.0,0.1,0.7,point_selection_balanced,True,TaCo::components_removed=3,TaCo,0.0,True,True,False,False,False,True
learning_curve|CivilComments-WILDS|seed=6|fraction=0.1|gamma=1|tau=0.1|lambda=0.7,learning_curve,CivilComments-WILDS,6,0.1,799,1.0,0.1,0.7,vera_balanced_iut,False,,,0.0,True,NA,False,False,False,True
learning_curve|CivilComments-WILDS|seed=6|fraction=0.1|gamma=1|tau=0.1|lambda=0.7,learning_curve,CivilComments-WILDS,6,0.1,799,1.0,0.1,0.7,vera_balanced_envelope,False,,,0.0,True,NA,False,False,False,True
learning_curve|CivilComments-WILDS|seed=6|fraction=0.1|gamma=1|tau=0.1|lambda=0.7,learning_curve,CivilComments-WILDS,6,0.1,799,1.0,0.1,0.7,external_balanced_oracle,True,TaCo::components_removed=3,TaCo,0.0,True,True,False,False,False,True
learning_curve|CivilComments-WILDS|seed=6|fraction=0.1|gamma=1|tau=0.1|lambda=0.8,learning_curve,CivilComments-WILDS,6,0.1,799,1.0,0.1,0.8,always_deploy_balanced,True,TaCo::components_removed=3,TaCo,0.0,True,True,False,False,False,True
learning_curve|CivilComments-WILDS|seed=6|fraction=0.1|gamma=1|tau=0.1|lambda=0.8,learning_curve,CivilComments-WILDS,6,0.1,799,1.0,0.1,0.8,point_selection_balanced,True,TaCo::components_removed=3,TaCo,0.0,True,True,False,False,False,True
learning_curve|CivilComments-WILDS|seed=6|fraction=0.1|gamma=1|tau=0.1|lambda=0.8,learning_curve,CivilComments-WILDS,6,0.1,799,1.0,0.1,0.8,vera_balanced_iut,False,,,0.0,True,NA,False,False,False,True
learning_curve|CivilComments-WILDS|seed=6|fraction=0.1|gamma=1|tau=0.1|lambda=0.8,learning_curve,CivilComments-WILDS,6,0.1,799,1.0,0.1,0.8,vera_balanced_envelope,False,,,0.0,True,NA,False,False,False,True
learning_curve|CivilComments-WILDS|seed=6|fraction=0.1|gamma=1|tau=0.1|lambda=0.8,learning_curve,CivilComments-WILDS,6,0.1,799,1.0,0.1,0.8,external_balanced_oracle,True,TaCo::components_removed=3,TaCo,0.0,True,True,False,False,False,True
learning_curve|CivilComments-WILDS|seed=6|fraction=0.1|gamma=1|tau=0.2|lambda=0.6,learning_curve,CivilComments-WILDS,6,0.1,799,1.0,0.2,0.6,always_deploy_balanced,True,TaCo::components_removed=3,TaCo,0.0,True,False,True,False,False,True
learning_curve|CivilComments-WILDS|seed=6|fraction=0.1|gamma=1|tau=0.2|lambda=0.6,learning_curve,CivilComments-WILDS,6,0.1,799,1.0,0.2,0.6,point_selection_balanced,False,,,0.0,True,NA,False,False,False,True
learning_curve|CivilComments-WILDS|seed=6|fraction=0.1|gamma=1|tau=0.2|lambda=0.6,learning_curve,CivilComments-WILDS,6,0.1,799,1.0,0.2,0.6,vera_balanced_iut,False,,,0.0,True,NA,False,False,False,True
learning_curve|CivilComments-WILDS|seed=6|fraction=0.1|gamma=1|tau=0.2|lambda=0.6,learning_curve,CivilComments-WILDS,6,0.1,799,1.0,0.2,0.6,vera_balanced_envelope,False,,,0.0,True,NA,False,False,False,True
learning_curve|CivilComments-WILDS|seed=6|fraction=0.1|gamma=1|tau=0.2|lambda=0.6,learning_curve,CivilComments-WILDS,6,0.1,799,1.0,0.2,0.6,external_balanced_oracle,False,,,0.0,True,NA,False,False,False,True
learning_curve|CivilComments-WILDS|seed=6|fraction=0.1|gamma=1|tau=0.2|lambda=0.7,learning_curve,CivilComments-WILDS,6,0.1,799,1.0,0.2,0.7,always_deploy_balanced,True,TaCo::components_removed=3,TaCo,0.0,True,True,False,False,False,True
learning_curve|CivilComments-WILDS|seed=6|fraction=0.1|gamma=1|tau=0.2|lambda=0.7,learning_curve,CivilComments-WILDS,6,0.1,799,1.0,0.2,0.7,point_selection_balanced,True,TaCo::components_removed=3,TaCo,0.0,True,True,False,False,False,True
learning_curve|CivilComments-WILDS|seed=6|fraction=0.1|gamma=1|tau=0.2|lambda=0.7,learning_curve,CivilComments-WILDS,6,0.1,799,1.0,0.2,0.7,vera_balanced_iut,False,,,0.0,True,NA,False,False,False,True
learning_curve|CivilComments-WILDS|seed=6|fraction=0.1|gamma=1|tau=0.2|lambda=0.7,learning_curve,CivilComments-WILDS,6,0.1,799,1.0,0.2,0.7,vera_balanced_envelope,False,,,0.0,True,NA,False,False,False,True
learning_curve|CivilComments-WILDS|seed=6|fraction=0.1|gamma=1|tau=0.2|lambda=0.7,learning_curve,CivilComments-WILDS,6,0.1,799,1.0,0.2,0.7,external_balanced_oracle,True,TaCo::components_removed=3,TaCo,0.0,True,True,False,False,False,True
learning_curve|CivilComments-WILDS|seed=6|fraction=0.1|gamma=1|tau=0.2|lambda=0.8,learning_curve,CivilComments-WILDS,6,0.1,799,1.0,0.2,0.8,always_deploy_balanced,True,TaCo::components_removed=3,TaCo,1.0230178833007812,True,True,False,False,False,True
learning_curve|CivilComments-WILDS|seed=6|fraction=0.1|gamma=1|tau=0.2|lambda=0.8,learning_curve,CivilComments-WILDS,6,0.1,799,1.0,0.2,0.8,point_selection_balanced,True,TaCo::components_removed=3,TaCo,1.0230178833007812,True,True,False,False,False,True
learning_curve|CivilComments-WILDS|seed=6|fraction=0.1|gamma=1|tau=0.2|lambda=0.8,learning_curve,CivilComments-WILDS,6,0.1,799,1.0,0.2,0.8,vera_balanced_iut,True,TaCo::components_removed=3,TaCo,1.0230178833007812,True,True,False,False,False,True
learning_curve|CivilComments-WILDS|seed=6|fraction=0.1|gamma=1|tau=0.2|lambda=0.8,learning_curve,CivilComments-WILDS,6,0.1,799,1.0,0.2,0.8,vera_balanced_envelope,True,TaCo::components_removed=3,TaCo,1.0230178833007812,True,True,False,False,False,True
learning_curve|CivilComments-WILDS|seed=6|fraction=0.1|gamma=1|tau=0.2|lambda=0.8,learning_curve,CivilComments-WILDS,6,0.1,799,1.0,0.2,0.8,external_balanced_oracle,True,TaCo::components_removed=3,TaCo,1.0230178833007812,True,True,False,False,False,True
learning_curve|CivilComments-WILDS|seed=6|fraction=0.25|gamma=1|tau=0.05|lambda=0.6,learning_curve,CivilComments-WILDS,6,0.25,1999,1.0,0.05,0.6,always_deploy_balanced,True,TaCo::components_removed=3,TaCo,0.0,True,False,True,False,False,True
learning_curve|CivilComments-WILDS|seed=6|fraction=0.25|gamma=1|tau=0.05|lambda=0.6,learning_curve,CivilComments-WILDS,6,0.25,1999,1.0,0.05,0.6,point_selection_balanced,False,,,0.0,True,NA,False,False,False,True
learning_curve|CivilComments-WILDS|seed=6|fraction=0.25|gamma=1|tau=0.05|lambda=0.6,learning_curve,CivilComments-WILDS,6,0.25,1999,1.0,0.05,0.6,vera_balanced_iut,False,,,0.0,True,NA,False,False,False,True
learning_curve|CivilComments-WILDS|seed=6|fraction=0.25|gamma=1|tau=0.05|lambda=0.6,learning_curve,CivilComments-WILDS,6,0.25,1999,1.0,0.05,0.6,vera_balanced_envelope,False,,,0.0,True,NA,False,False,False,True
learning_curve|CivilComments-WILDS|seed=6|fraction=0.25|gamma=1|tau=0.05|lambda=0.6,learning_curve,CivilComments-WILDS,6,0.25,1999,1.0,0.05,0.6,external_balanced_oracle,False,,,0.0,True,NA,False,False,False,True
learning_curve|CivilComments-WILDS|seed=6|fraction=0.25|gamma=1|tau=0.05|lambda=0.7,learning_curve,CivilComments-WILDS,6,0.25,1999,1.0,0.05,0.7,always_deploy_balanced,True,TaCo::components_removed=3,TaCo,0.0,True,False,True,False,False,True
learning_curve|CivilComments-WILDS|seed=6|fraction=0.25|gamma=1|tau=0.05|lambda=0.7,learning_curve,CivilComments-WILDS,6,0.25,1999,1.0,0.05,0.7,point_selection_balanced,True,TaCo::components_removed=3,TaCo,0.0,True,False,True,False,False,True
learning_curve|CivilComments-WILDS|seed=6|fraction=0.25|gamma=1|tau=0.05|lambda=0.7,learning_curve,CivilComments-WILDS,6,0.25,1999,1.0,0.05,0.7,vera_balanced_iut,False,,,0.0,True,NA,False,False,False,True
learning_curve|CivilComments-WILDS|seed=6|fraction=0.25|gamma=1|tau=0.05|lambda=0.7,learning_curve,CivilComments-WILDS,6,0.25,1999,1.0,0.05,0.7,vera_balanced_envelope,False,,,0.0,True,NA,False,False,False,True
learning_curve|CivilComments-WILDS|seed=6|fraction=0.25|gamma=1|tau=0.05|lambda=0.7,learning_curve,CivilComments-WILDS,6,0.25,1999,1.0,0.05,0.7,external_balanced_oracle,False,,,0.0,True,NA,False,False,False,True
learning_curve|CivilComments-WILDS|seed=6|fraction=0.25|gamma=1|tau=0.05|lambda=0.8,learning_curve,CivilComments-WILDS,6,0.25,1999,1.0,0.05,0.8,always_deploy_balanced,True,TaCo::components_removed=3,TaCo,0.0,True,False,True,False,False,True
learning_curve|CivilComments-WILDS|seed=6|fraction=0.25|gamma=1|tau=0.05|lambda=0.8,learning_curve,CivilComments-WILDS,6,0.25,1999,1.0,0.05,0.8,point_selection_balanced,True,TaCo::components_removed=3,TaCo,0.0,True,False,True,False,False,True
learning_curve|CivilComments-WILDS|seed=6|fraction=0.25|gamma=1|tau=0.05|lambda=0.8,learning_curve,CivilComments-WILDS,6,0.25,1999,1.0,0.05,0.8,vera_balanced_iut,False,,,0.0,True,NA,False,False,False,True
learning_curve|CivilComments-WILDS|seed=6|fraction=0.25|gamma=1|tau=0.05|lambda=0.8,learning_curve,CivilComments-WILDS,6,0.25,1999,1.0,0.05,0.8,vera_balanced_envelope,False,,,0.0,True,NA,False,False,False,True
learning_curve|CivilComments-WILDS|seed=6|fraction=0.25|gamma=1|tau=0.05|lambda=0.8,learning_curve,CivilComments-WILDS,6,0.25,1999,1.0,0.05,0.8,external_balanced_oracle,True,INLP::rank=2,INLP,0.0,True,True,False,False,False,True
learning_curve|CivilComments-WILDS|seed=6|fraction=0.25|gamma=1|tau=0.1|lambda=0.6,learning_curve,CivilComments-WILDS,6,0.25,1999,1.0,0.1,0.6,always_deploy_balanced,True,TaCo::components_removed=3,TaCo,0.0,True,False,True,False,False,True
learning_curve|CivilComments-WILDS|seed=6|fraction=0.25|gamma=1|tau=0.1|lambda=0.6,learning_curve,CivilComments-WILDS,6,0.25,1999,1.0,0.1,0.6,point_selection_balanced,False,,,0.0,True,NA,False,False,False,True
learning_curve|CivilComments-WILDS|seed=6|fraction=0.25|gamma=1|tau=0.1|lambda=0.6,learning_curve,CivilComments-WILDS,6,0.25,1999,1.0,0.1,0.6,vera_balanced_iut,False,,,0.0,True,NA,False,False,False,True
learning_curve|CivilComments-WILDS|seed=6|fraction=0.25|gamma=1|tau=0.1|lambda=0.6,learning_curve,CivilComments-WILDS,6,0.25,1999,1.0,0.1,0.6,vera_balanced_envelope,False,,,0.0,True,NA,False,False,False,True
learning_curve|CivilComments-WILDS|seed=6|fraction=0.25|gamma=1|tau=0.1|lambda=0.6,learning_curve,CivilComments-WILDS,6,0.25,1999,1.0,0.1,0.6,external_balanced_oracle,False,,,0.0,True,NA,False,False,False,True
learning_curve|CivilComments-WILDS|seed=6|fraction=0.25|gamma=1|tau=0.1|lambda=0.7,learning_curve,CivilComments-WILDS,6,0.25,1999,1.0,0.1,0.7,always_deploy_balanced,True,TaCo::components_removed=3,TaCo,0.0,True,True,False,False,False,True
learning_curve|CivilComments-WILDS|seed=6|fraction=0.25|gamma=1|tau=0.1|lambda=0.7,learning_curve,CivilComments-WILDS,6,0.25,1999,1.0,0.1,0.7,point_selection_balanced,True,TaCo::components_removed=3,TaCo,0.0,True,True,False,False,False,True
learning_curve|CivilComments-WILDS|seed=6|fraction=0.25|gamma=1|tau=0.1|lambda=0.7,learning_curve,CivilComments-WILDS,6,0.25,1999,1.0,0.1,0.7,vera_balanced_iut,False,,,0.0,True,NA,False,False,False,True
learning_curve|CivilComments-WILDS|seed=6|fraction=0.25|gamma=1|tau=0.1|lambda=0.7,learning_curve,CivilComments-WILDS,6,0.25,1999,1.0,0.1,0.7,vera_balanced_envelope,False,,,0.0,True,NA,False,False,False,True
learning_curve|CivilComments-WILDS|seed=6|fraction=0.25|gamma=1|tau=0.1|lambda=0.7,learning_curve,CivilComments-WILDS,6,0.25,1999,1.0,0.1,0.7,external_balanced_oracle,True,TaCo::components_removed=3,TaCo,0.0,True,True,False,False,False,True
learning_curve|CivilComments-WILDS|seed=6|fraction=0.25|gamma=1|tau=0.1|lambda=0.8,learning_curve,CivilComments-WILDS,6,0.25,1999,1.0,0.1,0.8,always_deploy_balanced,True,TaCo::components_removed=3,TaCo,0.0,True,True,False,False,False,True
learning_curve|CivilComments-WILDS|seed=6|fraction=0.25|gamma=1|tau=0.1|lambda=0.8,learning_curve,CivilComments-WILDS,6,0.25,1999,1.0,0.1,0.8,point_selection_balanced,True,TaCo::components_removed=3,TaCo,0.0,True,True,False,False,False,True
learning_curve|CivilComments-WILDS|seed=6|fraction=0.25|gamma=1|tau=0.1|lambda=0.8,learning_curve,CivilComments-WILDS,6,0.25,1999,1.0,0.1,0.8,vera_balanced_iut,True,INLP::rank=2,INLP,1.0013885498046875,True,True,False,False,False,True
learning_curve|CivilComments-WILDS|seed=6|fraction=0.25|gamma=1|tau=0.1|lambda=0.8,learning_curve,CivilComments-WILDS,6,0.25,1999,1.0,0.1,0.8,vera_balanced_envelope,True,INLP::rank=2,INLP,1.0013885498046875,True,True,False,False,False,True
learning_curve|CivilComments-WILDS|seed=6|fraction=0.25|gamma=1|tau=0.1|lambda=0.8,learning_curve,CivilComments-WILDS,6,0.25,1999,1.0,0.1,0.8,external_balanced_oracle,True,TaCo::components_removed=3,TaCo,0.0,True,True,False,False,False,True
learning_curve|CivilComments-WILDS|seed=6|fraction=0.25|gamma=1|tau=0.2|lambda=0.6,learning_curve,CivilComments-WILDS,6,0.25,1999,1.0,0.2,0.6,always_deploy_balanced,True,TaCo::components_removed=3,TaCo,0.0,True,False,True,False,False,True
learning_curve|CivilComments-WILDS|seed=6|fraction=0.25|gamma=1|tau=0.2|lambda=0.6,learning_curve,CivilComments-WILDS,6,0.25,1999,1.0,0.2,0.6,point_selection_balanced,False,,,0.0,True,NA,False,False,False,True
learning_curve|CivilComments-WILDS|seed=6|fraction=0.25|gamma=1|tau=0.2|lambda=0.6,learning_curve,CivilComments-WILDS,6,0.25,1999,1.0,0.2,0.6,vera_balanced_iut,False,,,0.0,True,NA,False,False,False,True
learning_curve|CivilComments-WILDS|seed=6|fraction=0.25|gamma=1|tau=0.2|lambda=0.6,learning_curve,CivilComments-WILDS,6,0.25,1999,1.0,0.2,0.6,vera_balanced_envelope,False,,,0.0,True,NA,False,False,False,True
learning_curve|CivilComments-WILDS|seed=6|fraction=0.25|gamma=1|tau=0.2|lambda=0.6,learning_curve,CivilComments-WILDS,6,0.25,1999,1.0,0.2,0.6,external_balanced_oracle,False,,,0.0,True,NA,False,False,False,True
learning_curve|CivilComments-WILDS|seed=6|fraction=0.25|gamma=1|tau=0.2|lambda=0.7,learning_curve,CivilComments-WILDS,6,0.25,1999,1.0,0.2,0.7,always_deploy_balanced,True,TaCo::components_removed=3,TaCo,0.0,True,True,False,False,False,True
learning_curve|CivilComments-WILDS|seed=6|fraction=0.25|gamma=1|tau=0.2|lambda=0.7,learning_curve,CivilComments-WILDS,6,0.25,1999,1.0,0.2,0.7,point_selection_balanced,True,TaCo::components_removed=3,TaCo,0.0,True,True,False,False,False,True
learning_curve|CivilComments-WILDS|seed=6|fraction=0.25|gamma=1|tau=0.2|lambda=0.7,learning_curve,CivilComments-WILDS,6,0.25,1999,1.0,0.2,0.7,vera_balanced_iut,True,TaCo::components_removed=3,TaCo,0.0,True,True,False,False,False,True
learning_curve|CivilComments-WILDS|seed=6|fraction=0.25|gamma=1|tau=0.2|lambda=0.7,learning_curve,CivilComments-WILDS,6,0.25,1999,1.0,0.2,0.7,vera_balanced_envelope,False,,,0.0,True,NA,False,False,False,True
learning_curve|CivilComments-WILDS|seed=6|fraction=0.25|gamma=1|tau=0.2|lambda=0.7,learning_curve,CivilComments-WILDS,6,0.25,1999,1.0,0.2,0.7,external_balanced_oracle,True,TaCo::components_removed=3,TaCo,0.0,True,True,False,False,False,True
learning_curve|CivilComments-WILDS|seed=6|fraction=0.25|gamma=1|tau=0.2|lambda=0.8,learning_curve,CivilComments-WILDS,6,0.25,1999,1.0,0.2,0.8,always_deploy_balanced,True,TaCo::components_removed=3,TaCo,1.0541534423828125,True,True,False,False,False,True
learning_curve|CivilComments-WILDS|seed=6|fraction=0.25|gamma=1|tau=0.2|lambda=0.8,learning_curve,CivilComments-WILDS,6,0.25,1999,1.0,0.2,0.8,point_selection_balanced,True,TaCo::components_removed=3,TaCo,1.0541534423828125,True,True,False,False,False,True
learning_curve|CivilComments-WILDS|seed=6|fraction=0.25|gamma=1|tau=0.2|lambda=0.8,learning_curve,CivilComments-WILDS,6,0.25,1999,1.0,0.2,0.8,vera_balanced_iut,True,TaCo::components_removed=3,TaCo,1.0541534423828125,True,True,False,False,False,True
learning_curve|CivilComments-WILDS|seed=6|fraction=0.25|gamma=1|tau=0.2|lambda=0.8,learning_curve,CivilComments-WILDS,6,0.25,1999,1.0,0.2,0.8,vera_balanced_envelope,True,TaCo::components_removed=3,TaCo,1.0541534423828125,True,True,False,False,False,True
learning_curve|CivilComments-WILDS|seed=6|fraction=0.25|gamma=1|tau=0.2|lambda=0.8,learning_curve,CivilComments-WILDS,6,0.25,1999,1.0,0.2,0.8,external_balanced_oracle,True,TaCo::components_removed=3,TaCo,1.0541534423828125,True,True,False,False,False,True
learning_curve|CivilComments-WILDS|seed=6|fraction=0.5|gamma=1|tau=0.05|lambda=0.6,learning_curve,CivilComments-WILDS,6,0.5,4000,1.0,0.05,0.6,always_deploy_balanced,True,TaCo::components_removed=5,TaCo,0.0,True,False,True,False,False,True
learning_curve|CivilComments-WILDS|seed=6|fraction=0.5|gamma=1|tau=0.05|lambda=0.6,learning_curve,CivilComments-WILDS,6,0.5,4000,1.0,0.05,0.6,point_selection_balanced,False,,,0.0,True,NA,False,False,False,True
learning_curve|CivilComments-WILDS|seed=6|fraction=0.5|gamma=1|tau=0.05|lambda=0.6,learning_curve,CivilComments-WILDS,6,0.5,4000,1.0,0.05,0.6,vera_balanced_iut,False,,,0.0,True,NA,False,False,False,True
learning_curve|CivilComments-WILDS|seed=6|fraction=0.5|gamma=1|tau=0.05|lambda=0.6,learning_curve,CivilComments-WILDS,6,0.5,4000,1.0,0.05,0.6,vera_balanced_envelope,False,,,0.0,True,NA,False,False,False,True
learning_curve|CivilComments-WILDS|seed=6|fraction=0.5|gamma=1|tau=0.05|lambda=0.6,learning_curve,CivilComments-WILDS,6,0.5,4000,1.0,0.05,0.6,external_balanced_oracle,False,,,0.0,True,NA,False,False,False,True
learning_curve|CivilComments-WILDS|seed=6|fraction=0.5|gamma=1|tau=0.05|lambda=0.7,learning_curve,CivilComments-WILDS,6,0.5,4000,1.0,0.05,0.7,always_deploy_balanced,True,TaCo::components_removed=5,TaCo,0.0,True,False,True,False,False,True
learning_curve|CivilComments-WILDS|seed=6|fraction=0.5|gamma=1|tau=0.05|lambda=0.7,learning_curve,CivilComments-WILDS,6,0.5,4000,1.0,0.05,0.7,point_selection_balanced,False,,,0.0,True,NA,False,False,False,True
learning_curve|CivilComments-WILDS|seed=6|fraction=0.5|gamma=1|tau=0.05|lambda=0.7,learning_curve,CivilComments-WILDS,6,0.5,4000,1.0,0.05,0.7,vera_balanced_iut,False,,,0.0,True,NA,False,False,False,True
learning_curve|CivilComments-WILDS|seed=6|fraction=0.5|gamma=1|tau=0.05|lambda=0.7,learning_curve,CivilComments-WILDS,6,0.5,4000,1.0,0.05,0.7,vera_balanced_envelope,False,,,0.0,True,NA,False,False,False,True
learning_curve|CivilComments-WILDS|seed=6|fraction=0.5|gamma=1|tau=0.05|lambda=0.7,learning_curve,CivilComments-WILDS,6,0.5,4000,1.0,0.05,0.7,external_balanced_oracle,False,,,0.0,True,NA,False,False,False,True
learning_curve|CivilComments-WILDS|seed=6|fraction=0.5|gamma=1|tau=0.05|lambda=0.8,learning_curve,CivilComments-WILDS,6,0.5,4000,1.0,0.05,0.8,always_deploy_balanced,True,TaCo::components_removed=5,TaCo,0.0,True,False,True,False,False,True
learning_curve|CivilComments-WILDS|seed=6|fraction=0.5|gamma=1|tau=0.05|lambda=0.8,learning_curve,CivilComments-WILDS,6,0.5,4000,1.0,0.05,0.8,point_selection_balanced,False,,,0.0,True,NA,False,False,False,True
learning_curve|CivilComments-WILDS|seed=6|fraction=0.5|gamma=1|tau=0.05|lambda=0.8,learning_curve,CivilComments-WILDS,6,0.5,4000,1.0,0.05,0.8,vera_balanced_iut,False,,,0.0,True,NA,False,False,False,True
learning_curve|CivilComments-WILDS|seed=6|fraction=0.5|gamma=1|tau=0.05|lambda=0.8,learning_curve,CivilComments-WILDS,6,0.5,4000,1.0,0.05,0.8,vera_balanced_envelope,False,,,0.0,True,NA,False,False,False,True
learning_curve|CivilComments-WILDS|seed=6|fraction=0.5|gamma=1|tau=0.05|lambda=0.8,learning_curve,CivilComments-WILDS,6,0.5,4000,1.0,0.05,0.8,external_balanced_oracle,True,INLP::rank=2,INLP,0.0,True,True,False,False,False,True
learning_curve|CivilComments-WILDS|seed=6|fraction=0.5|gamma=1|tau=0.1|lambda=0.6,learning_curve,CivilComments-WILDS,6,0.5,4000,1.0,0.1,0.6,always_deploy_balanced,True,TaCo::components_removed=5,TaCo,0.0,True,False,True,False,False,True
learning_curve|CivilComments-WILDS|seed=6|fraction=0.5|gamma=1|tau=0.1|lambda=0.6,learning_curve,CivilComments-WILDS,6,0.5,4000,1.0,0.1,0.6,point_selection_balanced,False,,,0.0,True,NA,False,False,False,True
learning_curve|CivilComments-WILDS|seed=6|fraction=0.5|gamma=1|tau=0.1|lambda=0.6,learning_curve,CivilComments-WILDS,6,0.5,4000,1.0,0.1,0.6,vera_balanced_iut,False,,,0.0,True,NA,False,False,False,True
learning_curve|CivilComments-WILDS|seed=6|fraction=0.5|gamma=1|tau=0.1|lambda=0.6,learning_curve,CivilComments-WILDS,6,0.5,4000,1.0,0.1,0.6,vera_balanced_envelope,False,,,0.0,True,NA,False,False,False,True
learning_curve|CivilComments-WILDS|seed=6|fraction=0.5|gamma=1|tau=0.1|lambda=0.6,learning_curve,CivilComments-WILDS,6,0.5,4000,1.0,0.1,0.6,external_balanced_oracle,False,,,0.0,True,NA,False,False,False,True
learning_curve|CivilComments-WILDS|seed=6|fraction=0.5|gamma=1|tau=0.1|lambda=0.7,learning_curve,CivilComments-WILDS,6,0.5,4000,1.0,0.1,0.7,always_deploy_balanced,True,TaCo::components_removed=5,TaCo,0.0,True,True,False,False,False,True
learning_curve|CivilComments-WILDS|seed=6|fraction=0.5|gamma=1|tau=0.1|lambda=0.7,learning_curve,CivilComments-WILDS,6,0.5,4000,1.0,0.1,0.7,point_selection_balanced,True,TaCo::components_removed=5,TaCo,0.0,True,True,False,False,False,True
learning_curve|CivilComments-WILDS|seed=6|fraction=0.5|gamma=1|tau=0.1|lambda=0.7,learning_curve,CivilComments-WILDS,6,0.5,4000,1.0,0.1,0.7,vera_balanced_iut,False,,,0.0,True,NA,False,False,False,True
learning_curve|CivilComments-WILDS|seed=6|fraction=0.5|gamma=1|tau=0.1|lambda=0.7,learning_curve,CivilComments-WILDS,6,0.5,4000,1.0,0.1,0.7,vera_balanced_envelope,False,,,0.0,True,NA,False,False,False,True
learning_curve|CivilComments-WILDS|seed=6|fraction=0.5|gamma=1|tau=0.1|lambda=0.7,learning_curve,CivilComments-WILDS,6,0.5,4000,1.0,0.1,0.7,external_balanced_oracle,True,TaCo::components_removed=5,TaCo,0.0,True,True,False,False,False,True
learning_curve|CivilComments-WILDS|seed=6|fraction=0.5|gamma=1|tau=0.1|lambda=0.8,learning_curve,CivilComments-WILDS,6,0.5,4000,1.0,0.1,0.8,always_deploy_balanced,True,TaCo::components_removed=5,TaCo,0.0,True,True,False,False,False,True
learning_curve|CivilComments-WILDS|seed=6|fraction=0.5|gamma=1|tau=0.1|lambda=0.8,learning_curve,CivilComments-WILDS,6,0.5,4000,1.0,0.1,0.8,point_selection_balanced,True,TaCo::components_removed=5,TaCo,0.0,True,True,False,False,False,True
learning_curve|CivilComments-WILDS|seed=6|fraction=0.5|gamma=1|tau=0.1|lambda=0.8,learning_curve,CivilComments-WILDS,6,0.5,4000,1.0,0.1,0.8,vera_balanced_iut,True,"MANCE++::epsilon=0.05,steps=3",MANCE++,1.0052337646484375,True,True,False,False,False,True
learning_curve|CivilComments-WILDS|seed=6|fraction=0.5|gamma=1|tau=0.1|lambda=0.8,learning_curve,CivilComments-WILDS,6,0.5,4000,1.0,0.1,0.8,vera_balanced_envelope,True,"MANCE++::epsilon=0.05,steps=3",MANCE++,1.0052337646484375,True,True,False,False,False,True
learning_curve|CivilComments-WILDS|seed=6|fraction=0.5|gamma=1|tau=0.1|lambda=0.8,learning_curve,CivilComments-WILDS,6,0.5,4000,1.0,0.1,0.8,external_balanced_oracle,True,TaCo::components_removed=5,TaCo,0.0,True,True,False,False,False,True
learning_curve|CivilComments-WILDS|seed=6|fraction=0.5|gamma=1|tau=0.2|lambda=0.6,learning_curve,CivilComments-WILDS,6,0.5,4000,1.0,0.2,0.6,always_deploy_balanced,True,TaCo::components_removed=5,TaCo,0.0,True,False,True,False,False,True
learning_curve|CivilComments-WILDS|seed=6|fraction=0.5|gamma=1|tau=0.2|lambda=0.6,learning_curve,CivilComments-WILDS,6,0.5,4000,1.0,0.2,0.6,point_selection_balanced,False,,,0.0,True,NA,False,False,False,True
learning_curve|CivilComments-WILDS|seed=6|fraction=0.5|gamma=1|tau=0.2|lambda=0.6,learning_curve,CivilComments-WILDS,6,0.5,4000,1.0,0.2,0.6,vera_balanced_iut,False,,,0.0,True,NA,False,False,False,True
learning_curve|CivilComments-WILDS|seed=6|fraction=0.5|gamma=1|tau=0.2|lambda=0.6,learning_curve,CivilComments-WILDS,6,0.5,4000,1.0,0.2,0.6,vera_balanced_envelope,False,,,0.0,True,NA,False,False,False,True
learning_curve|CivilComments-WILDS|seed=6|fraction=0.5|gamma=1|tau=0.2|lambda=0.6,learning_curve,CivilComments-WILDS,6,0.5,4000,1.0,0.2,0.6,external_balanced_oracle,False,,,0.0,True,NA,False,False,False,True
learning_curve|CivilComments-WILDS|seed=6|fraction=0.5|gamma=1|tau=0.2|lambda=0.7,learning_curve,CivilComments-WILDS,6,0.5,4000,1.0,0.2,0.7,always_deploy_balanced,True,TaCo::components_removed=5,TaCo,1.0179443359375,True,True,False,False,False,True
learning_curve|CivilComments-WILDS|seed=6|fraction=0.5|gamma=1|tau=0.2|lambda=0.7,learning_curve,CivilComments-WILDS,6,0.5,4000,1.0,0.2,0.7,point_selection_balanced,True,TaCo::components_removed=5,TaCo,1.0179443359375,True,True,False,False,False,True
learning_curve|CivilComments-WILDS|seed=6|fraction=0.5|gamma=1|tau=0.2|lambda=0.7,learning_curve,CivilComments-WILDS,6,0.5,4000,1.0,0.2,0.7,vera_balanced_iut,True,TaCo::components_removed=5,TaCo,1.0179443359375,True,True,False,False,False,True
learning_curve|CivilComments-WILDS|seed=6|fraction=0.5|gamma=1|tau=0.2|lambda=0.7,learning_curve,CivilComments-WILDS,6,0.5,4000,1.0,0.2,0.7,vera_balanced_envelope,True,TaCo::components_removed=5,TaCo,1.0179443359375,True,True,False,False,False,True
learning_curve|CivilComments-WILDS|seed=6|fraction=0.5|gamma=1|tau=0.2|lambda=0.7,learning_curve,CivilComments-WILDS,6,0.5,4000,1.0,0.2,0.7,external_balanced_oracle,True,TaCo::components_removed=5,TaCo,1.0179443359375,True,True,False,False,False,True
learning_curve|CivilComments-WILDS|seed=6|fraction=0.5|gamma=1|tau=0.2|lambda=0.8,learning_curve,CivilComments-WILDS,6,0.5,4000,1.0,0.2,0.8,always_deploy_balanced,True,TaCo::components_removed=5,TaCo,1.066864013671875,True,True,False,False,False,True
learning_curve|CivilComments-WILDS|seed=6|fraction=0.5|gamma=1|tau=0.2|lambda=0.8,learning_curve,CivilComments-WILDS,6,0.5,4000,1.0,0.2,0.8,point_selection_balanced,True,TaCo::components_removed=5,TaCo,1.066864013671875,True,True,False,False,False,True
learning_curve|CivilComments-WILDS|seed=6|fraction=0.5|gamma=1|tau=0.2|lambda=0.8,learning_curve,CivilComments-WILDS,6,0.5,4000,1.0,0.2,0.8,vera_balanced_iut,True,TaCo::components_removed=5,TaCo,1.066864013671875,True,True,False,False,False,True
learning_curve|CivilComments-WILDS|seed=6|fraction=0.5|gamma=1|tau=0.2|lambda=0.8,learning_curve,CivilComments-WILDS,6,0.5,4000,1.0,0.2,0.8,vera_balanced_envelope,True,TaCo::components_removed=5,TaCo,1.066864013671875,True,True,False,False,False,True
learning_curve|CivilComments-WILDS|seed=6|fraction=0.5|gamma=1|tau=0.2|lambda=0.8,learning_curve,CivilComments-WILDS,6,0.5,4000,1.0,0.2,0.8,external_balanced_oracle,True,TaCo::components_removed=5,TaCo,1.066864013671875,True,True,False,False,False,True
primary|CivilComments-WILDS|seed=6|fraction=1|gamma=1|tau=0.05|lambda=0.6,primary,CivilComments-WILDS,6,1.0,8000,1.0,0.05,0.6,always_deploy_balanced,True,TaCo::components_removed=5,TaCo,0.0,True,False,True,False,False,True
primary|CivilComments-WILDS|seed=6|fraction=1|gamma=1|tau=0.05|lambda=0.6,primary,CivilComments-WILDS,6,1.0,8000,1.0,0.05,0.6,point_selection_balanced,False,,,0.0,True,NA,False,False,False,True
primary|CivilComments-WILDS|seed=6|fraction=1|gamma=1|tau=0.05|lambda=0.6,primary,CivilComments-WILDS,6,1.0,8000,1.0,0.05,0.6,vera_balanced_iut,False,,,0.0,True,NA,False,False,False,True
primary|CivilComments-WILDS|seed=6|fraction=1|gamma=1|tau=0.05|lambda=0.6,primary,CivilComments-WILDS,6,1.0,8000,1.0,0.05,0.6,vera_balanced_envelope,False,,,0.0,True,NA,False,False,False,True
primary|CivilComments-WILDS|seed=6|fraction=1|gamma=1|tau=0.05|lambda=0.6,primary,CivilComments-WILDS,6,1.0,8000,1.0,0.05,0.6,external_balanced_oracle,False,,,0.0,True,NA,False,False,False,True
primary|CivilComments-WILDS|seed=6|fraction=1|gamma=1|tau=0.05|lambda=0.7,primary,CivilComments-WILDS,6,1.0,8000,1.0,0.05,0.7,always_deploy_balanced,True,TaCo::components_removed=5,TaCo,0.0,True,False,True,False,False,True
primary|CivilComments-WILDS|seed=6|fraction=1|gamma=1|tau=0.05|lambda=0.7,primary,CivilComments-WILDS,6,1.0,8000,1.0,0.05,0.7,point_selection_balanced,False,,,0.0,True,NA,False,False,False,True
primary|CivilComments-WILDS|seed=6|fraction=1|gamma=1|tau=0.05|lambda=0.7,primary,CivilComments-WILDS,6,1.0,8000,1.0,0.05,0.7,vera_balanced_iut,False,,,0.0,True,NA,False,False,False,True
primary|CivilComments-WILDS|seed=6|fraction=1|gamma=1|tau=0.05|lambda=0.7,primary,CivilComments-WILDS,6,1.0,8000,1.0,0.05,0.7,vera_balanced_envelope,False,,,0.0,True,NA,False,False,False,True
primary|CivilComments-WILDS|seed=6|fraction=1|gamma=1|tau=0.05|lambda=0.7,primary,CivilComments-WILDS,6,1.0,8000,1.0,0.05,0.7,external_balanced_oracle,False,,,0.0,True,NA,False,False,False,True
primary|CivilComments-WILDS|seed=6|fraction=1|gamma=1|tau=0.05|lambda=0.8,primary,CivilComments-WILDS,6,1.0,8000,1.0,0.05,0.8,always_deploy_balanced,True,TaCo::components_removed=5,TaCo,0.0,True,False,True,False,False,True
primary|CivilComments-WILDS|seed=6|fraction=1|gamma=1|tau=0.05|lambda=0.8,primary,CivilComments-WILDS,6,1.0,8000,1.0,0.05,0.8,point_selection_balanced,False,,,0.0,True,NA,False,False,False,True
primary|CivilComments-WILDS|seed=6|fraction=1|gamma=1|tau=0.05|lambda=0.8,primary,CivilComments-WILDS,6,1.0,8000,1.0,0.05,0.8,vera_balanced_iut,False,,,0.0,True,NA,False,False,False,True
primary|CivilComments-WILDS|seed=6|fraction=1|gamma=1|tau=0.05|lambda=0.8,primary,CivilComments-WILDS,6,1.0,8000,1.0,0.05,0.8,vera_balanced_envelope,False,,,0.0,True,NA,False,False,False,True
primary|CivilComments-WILDS|seed=6|fraction=1|gamma=1|tau=0.05|lambda=0.8,primary,CivilComments-WILDS,6,1.0,8000,1.0,0.05,0.8,external_balanced_oracle,True,INLP::rank=2,INLP,0.0,True,True,False,False,False,True
primary|CivilComments-WILDS|seed=6|fraction=1|gamma=1|tau=0.1|lambda=0.6,primary,CivilComments-WILDS,6,1.0,8000,1.0,0.1,0.6,always_deploy_balanced,True,TaCo::components_removed=5,TaCo,0.0,True,False,True,False,False,True
primary|CivilComments-WILDS|seed=6|fraction=1|gamma=1|tau=0.1|lambda=0.6,primary,CivilComments-WILDS,6,1.0,8000,1.0,0.1,0.6,point_selection_balanced,False,,,0.0,True,NA,False,False,False,True
primary|CivilComments-WILDS|seed=6|fraction=1|gamma=1|tau=0.1|lambda=0.6,primary,CivilComments-WILDS,6,1.0,8000,1.0,0.1,0.6,vera_balanced_iut,False,,,0.0,True,NA,False,False,False,True
primary|CivilComments-WILDS|seed=6|fraction=1|gamma=1|tau=0.1|lambda=0.6,primary,CivilComments-WILDS,6,1.0,8000,1.0,0.1,0.6,vera_balanced_envelope,False,,,0.0,True,NA,False,False,False,True
primary|CivilComments-WILDS|seed=6|fraction=1|gamma=1|tau=0.1|lambda=0.6,primary,CivilComments-WILDS,6,1.0,8000,1.0,0.1,0.6,external_balanced_oracle,False,,,0.0,True,NA,False,False,False,True
primary|CivilComments-WILDS|seed=6|fraction=1|gamma=1|tau=0.1|lambda=0.7,primary,CivilComments-WILDS,6,1.0,8000,1.0,0.1,0.7,always_deploy_balanced,True,TaCo::components_removed=5,TaCo,1.0048599243164062,True,True,False,False,False,True
primary|CivilComments-WILDS|seed=6|fraction=1|gamma=1|tau=0.1|lambda=0.7,primary,CivilComments-WILDS,6,1.0,8000,1.0,0.1,0.7,point_selection_balanced,True,TaCo::components_removed=5,TaCo,1.0048599243164062,True,True,False,False,False,True
primary|CivilComments-WILDS|seed=6|fraction=1|gamma=1|tau=0.1|lambda=0.7,primary,CivilComments-WILDS,6,1.0,8000,1.0,0.1,0.7,vera_balanced_iut,True,TaCo::components_removed=5,TaCo,1.0048599243164062,True,True,False,False,False,True
primary|CivilComments-WILDS|seed=6|fraction=1|gamma=1|tau=0.1|lambda=0.7,primary,CivilComments-WILDS,6,1.0,8000,1.0,0.1,0.7,vera_balanced_envelope,True,TaCo::components_removed=5,TaCo,1.0048599243164062,True,True,False,False,False,True
primary|CivilComments-WILDS|seed=6|fraction=1|gamma=1|tau=0.1|lambda=0.7,primary,CivilComments-WILDS,6,1.0,8000,1.0,0.1,0.7,external_balanced_oracle,True,TaCo::components_removed=5,TaCo,1.0048599243164062,True,True,False,False,False,True
primary|CivilComments-WILDS|seed=6|fraction=1|gamma=1|tau=0.1|lambda=0.8,primary,CivilComments-WILDS,6,1.0,8000,1.0,0.1,0.8,always_deploy_balanced,True,TaCo::components_removed=5,TaCo,1.0048599243164062,True,True,False,False,False,True
primary|CivilComments-WILDS|seed=6|fraction=1|gamma=1|tau=0.1|lambda=0.8,primary,CivilComments-WILDS,6,1.0,8000,1.0,0.1,0.8,point_selection_balanced,True,TaCo::components_removed=5,TaCo,1.0048599243164062,True,True,False,False,False,True
primary|CivilComments-WILDS|seed=6|fraction=1|gamma=1|tau=0.1|lambda=0.8,primary,CivilComments-WILDS,6,1.0,8000,1.0,0.1,0.8,vera_balanced_iut,True,TaCo::components_removed=5,TaCo,1.0048599243164062,True,True,False,False,False,True
primary|CivilComments-WILDS|seed=6|fraction=1|gamma=1|tau=0.1|lambda=0.8,primary,CivilComments-WILDS,6,1.0,8000,1.0,0.1,0.8,vera_balanced_envelope,True,TaCo::components_removed=5,TaCo,1.0048599243164062,True,True,False,False,False,True
primary|CivilComments-WILDS|seed=6|fraction=1|gamma=1|tau=0.1|lambda=0.8,primary,CivilComments-WILDS,6,1.0,8000,1.0,0.1,0.8,external_balanced_oracle,True,TaCo::components_removed=5,TaCo,1.0048599243164062,True,True,False,False,False,True
primary|CivilComments-WILDS|seed=6|fraction=1|gamma=1|tau=0.2|lambda=0.6,primary,CivilComments-WILDS,6,1.0,8000,1.0,0.2,0.6,always_deploy_balanced,True,TaCo::components_removed=5,TaCo,0.0,True,False,True,False,False,True
primary|CivilComments-WILDS|seed=6|fraction=1|gamma=1|tau=0.2|lambda=0.6,primary,CivilComments-WILDS,6,1.0,8000,1.0,0.2,0.6,point_selection_balanced,False,,,0.0,True,NA,False,False,False,True
primary|CivilComments-WILDS|seed=6|fraction=1|gamma=1|tau=0.2|lambda=0.6,primary,CivilComments-WILDS,6,1.0,8000,1.0,0.2,0.6,vera_balanced_iut,False,,,0.0,True,NA,False,False,False,True
primary|CivilComments-WILDS|seed=6|fraction=1|gamma=1|tau=0.2|lambda=0.6,primary,CivilComments-WILDS,6,1.0,8000,1.0,0.2,0.6,vera_balanced_envelope,False,,,0.0,True,NA,False,False,False,True
primary|CivilComments-WILDS|seed=6|fraction=1|gamma=1|tau=0.2|lambda=0.6,primary,CivilComments-WILDS,6,1.0,8000,1.0,0.2,0.6,external_balanced_oracle,False,,,0.0,True,NA,False,False,False,True
primary|CivilComments-WILDS|seed=6|fraction=1|gamma=1|tau=0.2|lambda=0.7,primary,CivilComments-WILDS,6,1.0,8000,1.0,0.2,0.7,always_deploy_balanced,True,TaCo::components_removed=5,TaCo,1.0505752563476562,True,True,False,False,False,True
primary|CivilComments-WILDS|seed=6|fraction=1|gamma=1|tau=0.2|lambda=0.7,primary,CivilComments-WILDS,6,1.0,8000,1.0,0.2,0.7,point_selection_balanced,True,TaCo::components_removed=5,TaCo,1.0505752563476562,True,True,False,False,False,True
primary|CivilComments-WILDS|seed=6|fraction=1|gamma=1|tau=0.2|lambda=0.7,primary,CivilComments-WILDS,6,1.0,8000,1.0,0.2,0.7,vera_balanced_iut,True,TaCo::components_removed=5,TaCo,1.0505752563476562,True,True,False,False,False,True
primary|CivilComments-WILDS|seed=6|fraction=1|gamma=1|tau=0.2|lambda=0.7,primary,CivilComments-WILDS,6,1.0,8000,1.0,0.2,0.7,vera_balanced_envelope,True,TaCo::components_removed=5,TaCo,1.0505752563476562,True,True,False,False,False,True
primary|CivilComments-WILDS|seed=6|fraction=1|gamma=1|tau=0.2|lambda=0.7,primary,CivilComments-WILDS,6,1.0,8000,1.0,0.2,0.7,external_balanced_oracle,True,TaCo::components_removed=5,TaCo,1.0505752563476562,True,True,False,False,False,True
primary|CivilComments-WILDS|seed=6|fraction=1|gamma=1|tau=0.2|lambda=0.8,primary,CivilComments-WILDS,6,1.0,8000,1.0,0.2,0.8,always_deploy_balanced,True,TaCo::components_removed=5,TaCo,1.0962371826171875,True,True,False,False,False,True
primary|CivilComments-WILDS|seed=6|fraction=1|gamma=1|tau=0.2|lambda=0.8,primary,CivilComments-WILDS,6,1.0,8000,1.0,0.2,0.8,point_selection_balanced,True,TaCo::components_removed=5,TaCo,1.0962371826171875,True,True,False,False,False,True
primary|CivilComments-WILDS|seed=6|fraction=1|gamma=1|tau=0.2|lambda=0.8,primary,CivilComments-WILDS,6,1.0,8000,1.0,0.2,0.8,vera_balanced_iut,True,TaCo::components_removed=5,TaCo,1.0962371826171875,True,True,False,False,False,True
primary|CivilComments-WILDS|seed=6|fraction=1|gamma=1|tau=0.2|lambda=0.8,primary,CivilComments-WILDS,6,1.0,8000,1.0,0.2,0.8,vera_balanced_envelope,True,TaCo::components_removed=5,TaCo,1.0962371826171875,True,True,False,False,False,True
primary|CivilComments-WILDS|seed=6|fraction=1|gamma=1|tau=0.2|lambda=0.8,primary,CivilComments-WILDS,6,1.0,8000,1.0,0.2,0.8,external_balanced_oracle,True,TaCo::components_removed=5,TaCo,1.0962371826171875,True,True,False,False,False,True
shifted_sensitivity|CivilComments-WILDS|seed=6|fraction=1|gamma=1.01|tau=0.05|lambda=0.6,shifted_sensitivity,CivilComments-WILDS,6,1.0,8000,1.01,0.05,0.6,always_deploy_balanced,True,TaCo::components_removed=5,TaCo,0.0,True,False,True,False,False,True
shifted_sensitivity|CivilComments-WILDS|seed=6|fraction=1|gamma=1.01|tau=0.05|lambda=0.6,shifted_sensitivity,CivilComments-WILDS,6,1.0,8000,1.01,0.05,0.6,point_selection_balanced,False,,,0.0,True,NA,False,False,False,True
shifted_sensitivity|CivilComments-WILDS|seed=6|fraction=1|gamma=1.01|tau=0.05|lambda=0.6,shifted_sensitivity,CivilComments-WILDS,6,1.0,8000,1.01,0.05,0.6,vera_balanced_iut,False,,,0.0,True,NA,False,False,False,True
shifted_sensitivity|CivilComments-WILDS|seed=6|fraction=1|gamma=1.01|tau=0.05|lambda=0.6,shifted_sensitivity,CivilComments-WILDS,6,1.0,8000,1.01,0.05,0.6,vera_balanced_envelope,False,,,0.0,True,NA,False,False,False,True
shifted_sensitivity|CivilComments-WILDS|seed=6|fraction=1|gamma=1.01|tau=0.05|lambda=0.6,shifted_sensitivity,CivilComments-WILDS,6,1.0,8000,1.01,0.05,0.6,external_balanced_oracle,False,,,0.0,True,NA,False,False,False,True
shifted_sensitivity|CivilComments-WILDS|seed=6|fraction=1|gamma=1.01|tau=0.05|lambda=0.7,shifted_sensitivity,CivilComments-WILDS,6,1.0,8000,1.01,0.05,0.7,always_deploy_balanced,True,TaCo::components_removed=5,TaCo,0.0,True,False,True,False,False,True
shifted_sensitivity|CivilComments-WILDS|seed=6|fraction=1|gamma=1.01|tau=0.05|lambda=0.7,shifted_sensitivity,CivilComments-WILDS,6,1.0,8000,1.01,0.05,0.7,point_selection_balanced,False,,,0.0,True,NA,False,False,False,True
shifted_sensitivity|CivilComments-WILDS|seed=6|fraction=1|gamma=1.01|tau=0.05|lambda=0.7,shifted_sensitivity,CivilComments-WILDS,6,1.0,8000,1.01,0.05,0.7,vera_balanced_iut,False,,,0.0,True,NA,False,False,False,True
shifted_sensitivity|CivilComments-WILDS|seed=6|fraction=1|gamma=1.01|tau=0.05|lambda=0.7,shifted_sensitivity,CivilComments-WILDS,6,1.0,8000,1.01,0.05,0.7,vera_balanced_envelope,False,,,0.0,True,NA,False,False,False,True
shifted_sensitivity|CivilComments-WILDS|seed=6|fraction=1|gamma=1.01|tau=0.05|lambda=0.7,shifted_sensitivity,CivilComments-WILDS,6,1.0,8000,1.01,0.05,0.7,external_balanced_oracle,False,,,0.0,True,NA,False,False,False,True
shifted_sensitivity|CivilComments-WILDS|seed=6|fraction=1|gamma=1.01|tau=0.05|lambda=0.8,shifted_sensitivity,CivilComments-WILDS,6,1.0,8000,1.01,0.05,0.8,always_deploy_balanced,True,TaCo::components_removed=5,TaCo,0.0,True,False,True,False,False,True
shifted_sensitivity|CivilComments-WILDS|seed=6|fraction=1|gamma=1.01|tau=0.05|lambda=0.8,shifted_sensitivity,CivilComments-WILDS,6,1.0,8000,1.01,0.05,0.8,point_selection_balanced,False,,,0.0,True,NA,False,False,False,True
shifted_sensitivity|CivilComments-WILDS|seed=6|fraction=1|gamma=1.01|tau=0.05|lambda=0.8,shifted_sensitivity,CivilComments-WILDS,6,1.0,8000,1.01,0.05,0.8,vera_balanced_iut,False,,,0.0,True,NA,False,False,False,True
shifted_sensitivity|CivilComments-WILDS|seed=6|fraction=1|gamma=1.01|tau=0.05|lambda=0.8,shifted_sensitivity,CivilComments-WILDS,6,1.0,8000,1.01,0.05,0.8,vera_balanced_envelope,False,,,0.0,True,NA,False,False,False,True
shifted_sensitivity|CivilComments-WILDS|seed=6|fraction=1|gamma=1.01|tau=0.05|lambda=0.8,shifted_sensitivity,CivilComments-WILDS,6,1.0,8000,1.01,0.05,0.8,external_balanced_oracle,True,INLP::rank=2,INLP,0.0,True,True,False,False,False,True
shifted_sensitivity|CivilComments-WILDS|seed=6|fraction=1|gamma=1.01|tau=0.1|lambda=0.6,shifted_sensitivity,CivilComments-WILDS,6,1.0,8000,1.01,0.1,0.6,always_deploy_balanced,True,TaCo::components_removed=5,TaCo,0.0,True,False,True,False,False,True
shifted_sensitivity|CivilComments-WILDS|seed=6|fraction=1|gamma=1.01|tau=0.1|lambda=0.6,shifted_sensitivity,CivilComments-WILDS,6,1.0,8000,1.01,0.1,0.6,point_selection_balanced,False,,,0.0,True,NA,False,False,False,True
shifted_sensitivity|CivilComments-WILDS|seed=6|fraction=1|gamma=1.01|tau=0.1|lambda=0.6,shifted_sensitivity,CivilComments-WILDS,6,1.0,8000,1.01,0.1,0.6,vera_balanced_iut,False,,,0.0,True,NA,False,False,False,True
shifted_sensitivity|CivilComments-WILDS|seed=6|fraction=1|gamma=1.01|tau=0.1|lambda=0.6,shifted_sensitivity,CivilComments-WILDS,6,1.0,8000,1.01,0.1,0.6,vera_balanced_envelope,False,,,0.0,True,NA,False,False,False,True
shifted_sensitivity|CivilComments-WILDS|seed=6|fraction=1|gamma=1.01|tau=0.1|lambda=0.6,shifted_sensitivity,CivilComments-WILDS,6,1.0,8000,1.01,0.1,0.6,external_balanced_oracle,False,,,0.0,True,NA,False,False,False,True
shifted_sensitivity|CivilComments-WILDS|seed=6|fraction=1|gamma=1.01|tau=0.1|lambda=0.7,shifted_sensitivity,CivilComments-WILDS,6,1.0,8000,1.01,0.1,0.7,always_deploy_balanced,True,TaCo::components_removed=5,TaCo,1.0048599243164062,True,True,False,False,False,True
shifted_sensitivity|CivilComments-WILDS|seed=6|fraction=1|gamma=1.01|tau=0.1|lambda=0.7,shifted_sensitivity,CivilComments-WILDS,6,1.0,8000,1.01,0.1,0.7,point_selection_balanced,True,TaCo::components_removed=5,TaCo,1.0048599243164062,True,True,False,False,False,True
shifted_sensitivity|CivilComments-WILDS|seed=6|fraction=1|gamma=1.01|tau=0.1|lambda=0.7,shifted_sensitivity,CivilComments-WILDS,6,1.0,8000,1.01,0.1,0.7,vera_balanced_iut,True,TaCo::components_removed=5,TaCo,1.0048599243164062,True,True,False,False,False,True
shifted_sensitivity|CivilComments-WILDS|seed=6|fraction=1|gamma=1.01|tau=0.1|lambda=0.7,shifted_sensitivity,CivilComments-WILDS,6,1.0,8000,1.01,0.1,0.7,vera_balanced_envelope,False,,,0.0,True,NA,False,False,False,True
shifted_sensitivity|CivilComments-WILDS|seed=6|fraction=1|gamma=1.01|tau=0.1|lambda=0.7,shifted_sensitivity,CivilComments-WILDS,6,1.0,8000,1.01,0.1,0.7,external_balanced_oracle,True,TaCo::components_removed=5,TaCo,1.0048599243164062,True,True,False,False,False,True
shifted_sensitivity|CivilComments-WILDS|seed=6|fraction=1|gamma=1.01|tau=0.1|lambda=0.8,shifted_sensitivity,CivilComments-WILDS,6,1.0,8000,1.01,0.1,0.8,always_deploy_balanced,True,TaCo::components_removed=5,TaCo,1.0048599243164062,True,True,False,False,False,True
shifted_sensitivity|CivilComments-WILDS|seed=6|fraction=1|gamma=1.01|tau=0.1|lambda=0.8,shifted_sensitivity,CivilComments-WILDS,6,1.0,8000,1.01,0.1,0.8,point_selection_balanced,True,TaCo::components_removed=5,TaCo,1.0048599243164062,True,True,False,False,False,True
shifted_sensitivity|CivilComments-WILDS|seed=6|fraction=1|gamma=1.01|tau=0.1|lambda=0.8,shifted_sensitivity,CivilComments-WILDS,6,1.0,8000,1.01,0.1,0.8,vera_balanced_iut,True,TaCo::components_removed=5,TaCo,1.0048599243164062,True,True,False,False,False,True
shifted_sensitivity|CivilComments-WILDS|seed=6|fraction=1|gamma=1.01|tau=0.1|lambda=0.8,shifted_sensitivity,CivilComments-WILDS,6,1.0,8000,1.01,0.1,0.8,vera_balanced_envelope,True,"MANCE++::epsilon=0.05,steps=3",MANCE++,1.015380859375,True,True,False,False,False,True
shifted_sensitivity|CivilComments-WILDS|seed=6|fraction=1|gamma=1.01|tau=0.1|lambda=0.8,shifted_sensitivity,CivilComments-WILDS,6,1.0,8000,1.01,0.1,0.8,external_balanced_oracle,True,TaCo::components_removed=5,TaCo,1.0048599243164062,True,True,False,False,False,True
shifted_sensitivity|CivilComments-WILDS|seed=6|fraction=1|gamma=1.01|tau=0.2|lambda=0.6,shifted_sensitivity,CivilComments-WILDS,6,1.0,8000,1.01,0.2,0.6,always_deploy_balanced,True,TaCo::components_removed=5,TaCo,0.0,True,False,True,False,False,True
shifted_sensitivity|CivilComments-WILDS|seed=6|fraction=1|gamma=1.01|tau=0.2|lambda=0.6,shifted_sensitivity,CivilComments-WILDS,6,1.0,8000,1.01,0.2,0.6,point_selection_balanced,False,,,0.0,True,NA,False,False,False,True
shifted_sensitivity|CivilComments-WILDS|seed=6|fraction=1|gamma=1.01|tau=0.2|lambda=0.6,shifted_sensitivity,CivilComments-WILDS,6,1.0,8000,1.01,0.2,0.6,vera_balanced_iut,False,,,0.0,True,NA,False,False,False,True
shifted_sensitivity|CivilComments-WILDS|seed=6|fraction=1|gamma=1.01|tau=0.2|lambda=0.6,shifted_sensitivity,CivilComments-WILDS,6,1.0,8000,1.01,0.2,0.6,vera_balanced_envelope,False,,,0.0,True,NA,False,False,False,True
shifted_sensitivity|CivilComments-WILDS|seed=6|fraction=1|gamma=1.01|tau=0.2|lambda=0.6,shifted_sensitivity,CivilComments-WILDS,6,1.0,8000,1.01,0.2,0.6,external_balanced_oracle,False,,,0.0,True,NA,False,False,False,True
shifted_sensitivity|CivilComments-WILDS|seed=6|fraction=1|gamma=1.01|tau=0.2|lambda=0.7,shifted_sensitivity,CivilComments-WILDS,6,1.0,8000,1.01,0.2,0.7,always_deploy_balanced,True,TaCo::components_removed=5,TaCo,1.0505752563476562,True,True,False,False,False,True
shifted_sensitivity|CivilComments-WILDS|seed=6|fraction=1|gamma=1.01|tau=0.2|lambda=0.7,shifted_sensitivity,CivilComments-WILDS,6,1.0,8000,1.01,0.2,0.7,point_selection_balanced,True,TaCo::components_removed=5,TaCo,1.0505752563476562,True,True,False,False,False,True
shifted_sensitivity|CivilComments-WILDS|seed=6|fraction=1|gamma=1.01|tau=0.2|lambda=0.7,shifted_sensitivity,CivilComments-WILDS,6,1.0,8000,1.01,0.2,0.7,vera_balanced_iut,True,TaCo::components_removed=5,TaCo,1.0505752563476562,True,True,False,False,False,True
shifted_sensitivity|CivilComments-WILDS|seed=6|fraction=1|gamma=1.01|tau=0.2|lambda=0.7,shifted_sensitivity,CivilComments-WILDS,6,1.0,8000,1.01,0.2,0.7,vera_balanced_envelope,True,TaCo::components_removed=5,TaCo,1.0505752563476562,True,True,False,False,False,True
shifted_sensitivity|CivilComments-WILDS|seed=6|fraction=1|gamma=1.01|tau=0.2|lambda=0.7,shifted_sensitivity,CivilComments-WILDS,6,1.0,8000,1.01,0.2,0.7,external_balanced_oracle,True,TaCo::components_removed=5,TaCo,1.0505752563476562,True,True,False,False,False,True
shifted_sensitivity|CivilComments-WILDS|seed=6|fraction=1|gamma=1.01|tau=0.2|lambda=0.8,shifted_sensitivity,CivilComments-WILDS,6,1.0,8000,1.01,0.2,0.8,always_deploy_balanced,True,TaCo::components_removed=5,TaCo,1.0962371826171875,True,True,False,False,False,True
shifted_sensitivity|CivilComments-WILDS|seed=6|fraction=1|gamma=1.01|tau=0.2|lambda=0.8,shifted_sensitivity,CivilComments-WILDS,6,1.0,8000,1.01,0.2,0.8,point_selection_balanced,True,TaCo::components_removed=5,TaCo,1.0962371826171875,True,True,False,False,False,True
shifted_sensitivity|CivilComments-WILDS|seed=6|fraction=1|gamma=1.01|tau=0.2|lambda=0.8,shifted_sensitivity,CivilComments-WILDS,6,1.0,8000,1.01,0.2,0.8,vera_balanced_iut,True,TaCo::components_removed=5,TaCo,1.0962371826171875,True,True,False,False,False,True
shifted_sensitivity|CivilComments-WILDS|seed=6|fraction=1|gamma=1.01|tau=0.2|lambda=0.8,shifted_sensitivity,CivilComments-WILDS,6,1.0,8000,1.01,0.2,0.8,vera_balanced_envelope,True,TaCo::components_removed=5,TaCo,1.0962371826171875,True,True,False,False,False,True
shifted_sensitivity|CivilComments-WILDS|seed=6|fraction=1|gamma=1.01|tau=0.2|lambda=0.8,shifted_sensitivity,CivilComments-WILDS,6,1.0,8000,1.01,0.2,0.8,external_balanced_oracle,True,TaCo::components_removed=5,TaCo,1.0962371826171875,True,True,False,False,False,True
learning_curve|CivilComments-WILDS|seed=7|fraction=0.05|gamma=1|tau=0.05|lambda=0.6,learning_curve,CivilComments-WILDS,7,0.05,399,1.0,0.05,0.6,always_deploy_balanced,True,TaCo::components_removed=5,TaCo,0.0,True,False,True,False,False,True
learning_curve|CivilComments-WILDS|seed=7|fraction=0.05|gamma=1|tau=0.05|lambda=0.6,learning_curve,CivilComments-WILDS,7,0.05,399,1.0,0.05,0.6,point_selection_balanced,False,,,0.0,True,NA,False,False,False,True
learning_curve|CivilComments-WILDS|seed=7|fraction=0.05|gamma=1|tau=0.05|lambda=0.6,learning_curve,CivilComments-WILDS,7,0.05,399,1.0,0.05,0.6,vera_balanced_iut,False,,,0.0,True,NA,False,False,False,True
learning_curve|CivilComments-WILDS|seed=7|fraction=0.05|gamma=1|tau=0.05|lambda=0.6,learning_curve,CivilComments-WILDS,7,0.05,399,1.0,0.05,0.6,vera_balanced_envelope,False,,,0.0,True,NA,False,False,False,True
learning_curve|CivilComments-WILDS|seed=7|fraction=0.05|gamma=1|tau=0.05|lambda=0.6,learning_curve,CivilComments-WILDS,7,0.05,399,1.0,0.05,0.6,external_balanced_oracle,False,,,0.0,True,NA,False,False,False,True
learning_curve|CivilComments-WILDS|seed=7|fraction=0.05|gamma=1|tau=0.05|lambda=0.7,learning_curve,CivilComments-WILDS,7,0.05,399,1.0,0.05,0.7,always_deploy_balanced,True,TaCo::components_removed=5,TaCo,0.0,True,False,True,False,False,True
learning_curve|CivilComments-WILDS|seed=7|fraction=0.05|gamma=1|tau=0.05|lambda=0.7,learning_curve,CivilComments-WILDS,7,0.05,399,1.0,0.05,0.7,point_selection_balanced,False,,,0.0,True,NA,False,False,False,True
learning_curve|CivilComments-WILDS|seed=7|fraction=0.05|gamma=1|tau=0.05|lambda=0.7,learning_curve,CivilComments-WILDS,7,0.05,399,1.0,0.05,0.7,vera_balanced_iut,False,,,0.0,True,NA,False,False,False,True
learning_curve|CivilComments-WILDS|seed=7|fraction=0.05|gamma=1|tau=0.05|lambda=0.7,learning_curve,CivilComments-WILDS,7,0.05,399,1.0,0.05,0.7,vera_balanced_envelope,False,,,0.0,True,NA,False,False,False,True
learning_curve|CivilComments-WILDS|seed=7|fraction=0.05|gamma=1|tau=0.05|lambda=0.7,learning_curve,CivilComments-WILDS,7,0.05,399,1.0,0.05,0.7,external_balanced_oracle,False,,,0.0,True,NA,False,False,False,True
learning_curve|CivilComments-WILDS|seed=7|fraction=0.05|gamma=1|tau=0.05|lambda=0.8,learning_curve,CivilComments-WILDS,7,0.05,399,1.0,0.05,0.8,always_deploy_balanced,True,TaCo::components_removed=5,TaCo,0.0,True,False,True,False,False,True
learning_curve|CivilComments-WILDS|seed=7|fraction=0.05|gamma=1|tau=0.05|lambda=0.8,learning_curve,CivilComments-WILDS,7,0.05,399,1.0,0.05,0.8,point_selection_balanced,True,INLP::rank=1,INLP,0.0,True,True,False,False,False,True
learning_curve|CivilComments-WILDS|seed=7|fraction=0.05|gamma=1|tau=0.05|lambda=0.8,learning_curve,CivilComments-WILDS,7,0.05,399,1.0,0.05,0.8,vera_balanced_iut,False,,,0.0,True,NA,False,False,False,True
learning_curve|CivilComments-WILDS|seed=7|fraction=0.05|gamma=1|tau=0.05|lambda=0.8,learning_curve,CivilComments-WILDS,7,0.05,399,1.0,0.05,0.8,vera_balanced_envelope,False,,,0.0,True,NA,False,False,False,True
learning_curve|CivilComments-WILDS|seed=7|fraction=0.05|gamma=1|tau=0.05|lambda=0.8,learning_curve,CivilComments-WILDS,7,0.05,399,1.0,0.05,0.8,external_balanced_oracle,True,INLP::rank=2,INLP,0.0,True,True,False,False,False,True
learning_curve|CivilComments-WILDS|seed=7|fraction=0.05|gamma=1|tau=0.1|lambda=0.6,learning_curve,CivilComments-WILDS,7,0.05,399,1.0,0.1,0.6,always_deploy_balanced,True,TaCo::components_removed=5,TaCo,0.0,True,False,True,False,False,True
learning_curve|CivilComments-WILDS|seed=7|fraction=0.05|gamma=1|tau=0.1|lambda=0.6,learning_curve,CivilComments-WILDS,7,0.05,399,1.0,0.1,0.6,point_selection_balanced,False,,,0.0,True,NA,False,False,False,True
learning_curve|CivilComments-WILDS|seed=7|fraction=0.05|gamma=1|tau=0.1|lambda=0.6,learning_curve,CivilComments-WILDS,7,0.05,399,1.0,0.1,0.6,vera_balanced_iut,False,,,0.0,True,NA,False,False,False,True
learning_curve|CivilComments-WILDS|seed=7|fraction=0.05|gamma=1|tau=0.1|lambda=0.6,learning_curve,CivilComments-WILDS,7,0.05,399,1.0,0.1,0.6,vera_balanced_envelope,False,,,0.0,True,NA,False,False,False,True
learning_curve|CivilComments-WILDS|seed=7|fraction=0.05|gamma=1|tau=0.1|lambda=0.6,learning_curve,CivilComments-WILDS,7,0.05,399,1.0,0.1,0.6,external_balanced_oracle,False,,,0.0,True,NA,False,False,False,True
learning_curve|CivilComments-WILDS|seed=7|fraction=0.05|gamma=1|tau=0.1|lambda=0.7,learning_curve,CivilComments-WILDS,7,0.05,399,1.0,0.1,0.7,always_deploy_balanced,True,TaCo::components_removed=5,TaCo,0.0,True,True,False,False,False,True
learning_curve|CivilComments-WILDS|seed=7|fraction=0.05|gamma=1|tau=0.1|lambda=0.7,learning_curve,CivilComments-WILDS,7,0.05,399,1.0,0.1,0.7,point_selection_balanced,False,,,0.0,True,NA,False,False,False,True
learning_curve|CivilComments-WILDS|seed=7|fraction=0.05|gamma=1|tau=0.1|lambda=0.7,learning_curve,CivilComments-WILDS,7,0.05,399,1.0,0.1,0.7,vera_balanced_iut,False,,,0.0,True,NA,False,False,False,True
learning_curve|CivilComments-WILDS|seed=7|fraction=0.05|gamma=1|tau=0.1|lambda=0.7,learning_curve,CivilComments-WILDS,7,0.05,399,1.0,0.1,0.7,vera_balanced_envelope,False,,,0.0,True,NA,False,False,False,True
learning_curve|CivilComments-WILDS|seed=7|fraction=0.05|gamma=1|tau=0.1|lambda=0.7,learning_curve,CivilComments-WILDS,7,0.05,399,1.0,0.1,0.7,external_balanced_oracle,True,TaCo::components_removed=5,TaCo,0.0,True,True,False,False,False,True
learning_curve|CivilComments-WILDS|seed=7|fraction=0.05|gamma=1|tau=0.1|lambda=0.8,learning_curve,CivilComments-WILDS,7,0.05,399,1.0,0.1,0.8,always_deploy_balanced,True,TaCo::components_removed=5,TaCo,0.0,True,True,False,False,False,True
learning_curve|CivilComments-WILDS|seed=7|fraction=0.05|gamma=1|tau=0.1|lambda=0.8,learning_curve,CivilComments-WILDS,7,0.05,399,1.0,0.1,0.8,point_selection_balanced,True,"MANCE++::epsilon=0.05,steps=3",MANCE++,0.0,True,True,False,False,False,True
learning_curve|CivilComments-WILDS|seed=7|fraction=0.05|gamma=1|tau=0.1|lambda=0.8,learning_curve,CivilComments-WILDS,7,0.05,399,1.0,0.1,0.8,vera_balanced_iut,False,,,0.0,True,NA,False,False,False,True
learning_curve|CivilComments-WILDS|seed=7|fraction=0.05|gamma=1|tau=0.1|lambda=0.8,learning_curve,CivilComments-WILDS,7,0.05,399,1.0,0.1,0.8,vera_balanced_envelope,False,,,0.0,True,NA,False,False,False,True
learning_curve|CivilComments-WILDS|seed=7|fraction=0.05|gamma=1|tau=0.1|lambda=0.8,learning_curve,CivilComments-WILDS,7,0.05,399,1.0,0.1,0.8,external_balanced_oracle,True,TaCo::components_removed=5,TaCo,0.0,True,True,False,False,False,True
learning_curve|CivilComments-WILDS|seed=7|fraction=0.05|gamma=1|tau=0.2|lambda=0.6,learning_curve,CivilComments-WILDS,7,0.05,399,1.0,0.2,0.6,always_deploy_balanced,True,TaCo::components_removed=5,TaCo,0.0,True,False,True,False,False,True
learning_curve|CivilComments-WILDS|seed=7|fraction=0.05|gamma=1|tau=0.2|lambda=0.6,learning_curve,CivilComments-WILDS,7,0.05,399,1.0,0.2,0.6,point_selection_balanced,False,,,0.0,True,NA,False,False,False,True
learning_curve|CivilComments-WILDS|seed=7|fraction=0.05|gamma=1|tau=0.2|lambda=0.6,learning_curve,CivilComments-WILDS,7,0.05,399,1.0,0.2,0.6,vera_balanced_iut,False,,,0.0,True,NA,False,False,False,True
learning_curve|CivilComments-WILDS|seed=7|fraction=0.05|gamma=1|tau=0.2|lambda=0.6,learning_curve,CivilComments-WILDS,7,0.05,399,1.0,0.2,0.6,vera_balanced_envelope,False,,,0.0,True,NA,False,False,False,True
learning_curve|CivilComments-WILDS|seed=7|fraction=0.05|gamma=1|tau=0.2|lambda=0.6,learning_curve,CivilComments-WILDS,7,0.05,399,1.0,0.2,0.6,external_balanced_oracle,False,,,0.0,True,NA,False,False,False,True
learning_curve|CivilComments-WILDS|seed=7|fraction=0.05|gamma=1|tau=0.2|lambda=0.7,learning_curve,CivilComments-WILDS,7,0.05,399,1.0,0.2,0.7,always_deploy_balanced,True,TaCo::components_removed=5,TaCo,0.0,True,True,False,False,False,True
learning_curve|CivilComments-WILDS|seed=7|fraction=0.05|gamma=1|tau=0.2|lambda=0.7,learning_curve,CivilComments-WILDS,7,0.05,399,1.0,0.2,0.7,point_selection_balanced,False,,,0.0,True,NA,False,False,False,True
learning_curve|CivilComments-WILDS|seed=7|fraction=0.05|gamma=1|tau=0.2|lambda=0.7,learning_curve,CivilComments-WILDS,7,0.05,399,1.0,0.2,0.7,vera_balanced_iut,False,,,0.0,True,NA,False,False,False,True
learning_curve|CivilComments-WILDS|seed=7|fraction=0.05|gamma=1|tau=0.2|lambda=0.7,learning_curve,CivilComments-WILDS,7,0.05,399,1.0,0.2,0.7,vera_balanced_envelope,False,,,0.0,True,NA,False,False,False,True
learning_curve|CivilComments-WILDS|seed=7|fraction=0.05|gamma=1|tau=0.2|lambda=0.7,learning_curve,CivilComments-WILDS,7,0.05,399,1.0,0.2,0.7,external_balanced_oracle,True,TaCo::components_removed=5,TaCo,0.0,True,True,False,False,False,True
learning_curve|CivilComments-WILDS|seed=7|fraction=0.05|gamma=1|tau=0.2|lambda=0.8,learning_curve,CivilComments-WILDS,7,0.05,399,1.0,0.2,0.8,always_deploy_balanced,True,TaCo::components_removed=5,TaCo,0.0,True,True,False,False,False,True
learning_curve|CivilComments-WILDS|seed=7|fraction=0.05|gamma=1|tau=0.2|lambda=0.8,learning_curve,CivilComments-WILDS,7,0.05,399,1.0,0.2,0.8,point_selection_balanced,True,TaCo::components_removed=5,TaCo,0.0,True,True,False,False,False,True
learning_curve|CivilComments-WILDS|seed=7|fraction=0.05|gamma=1|tau=0.2|lambda=0.8,learning_curve,CivilComments-WILDS,7,0.05,399,1.0,0.2,0.8,vera_balanced_iut,False,,,0.0,True,NA,False,False,False,True
learning_curve|CivilComments-WILDS|seed=7|fraction=0.05|gamma=1|tau=0.2|lambda=0.8,learning_curve,CivilComments-WILDS,7,0.05,399,1.0,0.2,0.8,vera_balanced_envelope,False,,,0.0,True,NA,False,False,False,True
learning_curve|CivilComments-WILDS|seed=7|fraction=0.05|gamma=1|tau=0.2|lambda=0.8,learning_curve,CivilComments-WILDS,7,0.05,399,1.0,0.2,0.8,external_balanced_oracle,True,TaCo::components_removed=5,TaCo,0.0,True,True,False,False,False,True
learning_curve|CivilComments-WILDS|seed=7|fraction=0.1|gamma=1|tau=0.05|lambda=0.6,learning_curve,CivilComments-WILDS,7,0.1,798,1.0,0.05,0.6,always_deploy_balanced,True,TaCo::components_removed=3,TaCo,0.0,True,False,True,False,False,True
learning_curve|CivilComments-WILDS|seed=7|fraction=0.1|gamma=1|tau=0.05|lambda=0.6,learning_curve,CivilComments-WILDS,7,0.1,798,1.0,0.05,0.6,point_selection_balanced,False,,,0.0,True,NA,False,False,False,True
learning_curve|CivilComments-WILDS|seed=7|fraction=0.1|gamma=1|tau=0.05|lambda=0.6,learning_curve,CivilComments-WILDS,7,0.1,798,1.0,0.05,0.6,vera_balanced_iut,False,,,0.0,True,NA,False,False,False,True
learning_curve|CivilComments-WILDS|seed=7|fraction=0.1|gamma=1|tau=0.05|lambda=0.6,learning_curve,CivilComments-WILDS,7,0.1,798,1.0,0.05,0.6,vera_balanced_envelope,False,,,0.0,True,NA,False,False,False,True
learning_curve|CivilComments-WILDS|seed=7|fraction=0.1|gamma=1|tau=0.05|lambda=0.6,learning_curve,CivilComments-WILDS,7,0.1,798,1.0,0.05,0.6,external_balanced_oracle,False,,,0.0,True,NA,False,False,False,True
learning_curve|CivilComments-WILDS|seed=7|fraction=0.1|gamma=1|tau=0.05|lambda=0.7,learning_curve,CivilComments-WILDS,7,0.1,798,1.0,0.05,0.7,always_deploy_balanced,True,TaCo::components_removed=3,TaCo,0.0,True,False,True,False,False,True
learning_curve|CivilComments-WILDS|seed=7|fraction=0.1|gamma=1|tau=0.05|lambda=0.7,learning_curve,CivilComments-WILDS,7,0.1,798,1.0,0.05,0.7,point_selection_balanced,False,,,0.0,True,NA,False,False,False,True
learning_curve|CivilComments-WILDS|seed=7|fraction=0.1|gamma=1|tau=0.05|lambda=0.7,learning_curve,CivilComments-WILDS,7,0.1,798,1.0,0.05,0.7,vera_balanced_iut,False,,,0.0,True,NA,False,False,False,True
learning_curve|CivilComments-WILDS|seed=7|fraction=0.1|gamma=1|tau=0.05|lambda=0.7,learning_curve,CivilComments-WILDS,7,0.1,798,1.0,0.05,0.7,vera_balanced_envelope,False,,,0.0,True,NA,False,False,False,True
learning_curve|CivilComments-WILDS|seed=7|fraction=0.1|gamma=1|tau=0.05|lambda=0.7,learning_curve,CivilComments-WILDS,7,0.1,798,1.0,0.05,0.7,external_balanced_oracle,False,,,0.0,True,NA,False,False,False,True
learning_curve|CivilComments-WILDS|seed=7|fraction=0.1|gamma=1|tau=0.05|lambda=0.8,learning_curve,CivilComments-WILDS,7,0.1,798,1.0,0.05,0.8,always_deploy_balanced,True,TaCo::components_removed=3,TaCo,0.0,True,False,True,False,False,True
learning_curve|CivilComments-WILDS|seed=7|fraction=0.1|gamma=1|tau=0.05|lambda=0.8,learning_curve,CivilComments-WILDS,7,0.1,798,1.0,0.05,0.8,point_selection_balanced,False,,,0.0,True,NA,False,False,False,True
learning_curve|CivilComments-WILDS|seed=7|fraction=0.1|gamma=1|tau=0.05|lambda=0.8,learning_curve,CivilComments-WILDS,7,0.1,798,1.0,0.05,0.8,vera_balanced_iut,False,,,0.0,True,NA,False,False,False,True
learning_curve|CivilComments-WILDS|seed=7|fraction=0.1|gamma=1|tau=0.05|lambda=0.8,learning_curve,CivilComments-WILDS,7,0.1,798,1.0,0.05,0.8,vera_balanced_envelope,False,,,0.0,True,NA,False,False,False,True
learning_curve|CivilComments-WILDS|seed=7|fraction=0.1|gamma=1|tau=0.05|lambda=0.8,learning_curve,CivilComments-WILDS,7,0.1,798,1.0,0.05,0.8,external_balanced_oracle,True,INLP::rank=8,INLP,0.0,True,True,False,False,False,True
learning_curve|CivilComments-WILDS|seed=7|fraction=0.1|gamma=1|tau=0.1|lambda=0.6,learning_curve,CivilComments-WILDS,7,0.1,798,1.0,0.1,0.6,always_deploy_balanced,True,TaCo::components_removed=3,TaCo,0.0,True,False,True,False,False,True
learning_curve|CivilComments-WILDS|seed=7|fraction=0.1|gamma=1|tau=0.1|lambda=0.6,learning_curve,CivilComments-WILDS,7,0.1,798,1.0,0.1,0.6,point_selection_balanced,False,,,0.0,True,NA,False,False,False,True
learning_curve|CivilComments-WILDS|seed=7|fraction=0.1|gamma=1|tau=0.1|lambda=0.6,learning_curve,CivilComments-WILDS,7,0.1,798,1.0,0.1,0.6,vera_balanced_iut,False,,,0.0,True,NA,False,False,False,True
learning_curve|CivilComments-WILDS|seed=7|fraction=0.1|gamma=1|tau=0.1|lambda=0.6,learning_curve,CivilComments-WILDS,7,0.1,798,1.0,0.1,0.6,vera_balanced_envelope,False,,,0.0,True,NA,False,False,False,True
learning_curve|CivilComments-WILDS|seed=7|fraction=0.1|gamma=1|tau=0.1|lambda=0.6,learning_curve,CivilComments-WILDS,7,0.1,798,1.0,0.1,0.6,external_balanced_oracle,False,,,0.0,True,NA,False,False,False,True
learning_curve|CivilComments-WILDS|seed=7|fraction=0.1|gamma=1|tau=0.1|lambda=0.7,learning_curve,CivilComments-WILDS,7,0.1,798,1.0,0.1,0.7,always_deploy_balanced,True,TaCo::components_removed=3,TaCo,0.0,True,True,False,False,False,True
learning_curve|CivilComments-WILDS|seed=7|fraction=0.1|gamma=1|tau=0.1|lambda=0.7,learning_curve,CivilComments-WILDS,7,0.1,798,1.0,0.1,0.7,point_selection_balanced,True,TaCo::components_removed=3,TaCo,0.0,True,True,False,False,False,True
learning_curve|CivilComments-WILDS|seed=7|fraction=0.1|gamma=1|tau=0.1|lambda=0.7,learning_curve,CivilComments-WILDS,7,0.1,798,1.0,0.1,0.7,vera_balanced_iut,False,,,0.0,True,NA,False,False,False,True
learning_curve|CivilComments-WILDS|seed=7|fraction=0.1|gamma=1|tau=0.1|lambda=0.7,learning_curve,CivilComments-WILDS,7,0.1,798,1.0,0.1,0.7,vera_balanced_envelope,False,,,0.0,True,NA,False,False,False,True
learning_curve|CivilComments-WILDS|seed=7|fraction=0.1|gamma=1|tau=0.1|lambda=0.7,learning_curve,CivilComments-WILDS,7,0.1,798,1.0,0.1,0.7,external_balanced_oracle,True,TaCo::components_removed=3,TaCo,0.0,True,True,False,False,False,True
learning_curve|CivilComments-WILDS|seed=7|fraction=0.1|gamma=1|tau=0.1|lambda=0.8,learning_curve,CivilComments-WILDS,7,0.1,798,1.0,0.1,0.8,always_deploy_balanced,True,TaCo::components_removed=3,TaCo,0.0,True,True,False,False,False,True
learning_curve|CivilComments-WILDS|seed=7|fraction=0.1|gamma=1|tau=0.1|lambda=0.8,learning_curve,CivilComments-WILDS,7,0.1,798,1.0,0.1,0.8,point_selection_balanced,True,TaCo::components_removed=3,TaCo,0.0,True,True,False,False,False,True
learning_curve|CivilComments-WILDS|seed=7|fraction=0.1|gamma=1|tau=0.1|lambda=0.8,learning_curve,CivilComments-WILDS,7,0.1,798,1.0,0.1,0.8,vera_balanced_iut,False,,,0.0,True,NA,False,False,False,True
learning_curve|CivilComments-WILDS|seed=7|fraction=0.1|gamma=1|tau=0.1|lambda=0.8,learning_curve,CivilComments-WILDS,7,0.1,798,1.0,0.1,0.8,vera_balanced_envelope,False,,,0.0,True,NA,False,False,False,True
learning_curve|CivilComments-WILDS|seed=7|fraction=0.1|gamma=1|tau=0.1|lambda=0.8,learning_curve,CivilComments-WILDS,7,0.1,798,1.0,0.1,0.8,external_balanced_oracle,True,TaCo::components_removed=3,TaCo,0.0,True,True,False,False,False,True
learning_curve|CivilComments-WILDS|seed=7|fraction=0.1|gamma=1|tau=0.2|lambda=0.6,learning_curve,CivilComments-WILDS,7,0.1,798,1.0,0.2,0.6,always_deploy_balanced,True,TaCo::components_removed=3,TaCo,0.0,True,False,True,False,False,True
learning_curve|CivilComments-WILDS|seed=7|fraction=0.1|gamma=1|tau=0.2|lambda=0.6,learning_curve,CivilComments-WILDS,7,0.1,798,1.0,0.2,0.6,point_selection_balanced,False,,,0.0,True,NA,False,False,False,True
learning_curve|CivilComments-WILDS|seed=7|fraction=0.1|gamma=1|tau=0.2|lambda=0.6,learning_curve,CivilComments-WILDS,7,0.1,798,1.0,0.2,0.6,vera_balanced_iut,False,,,0.0,True,NA,False,False,False,True
learning_curve|CivilComments-WILDS|seed=7|fraction=0.1|gamma=1|tau=0.2|lambda=0.6,learning_curve,CivilComments-WILDS,7,0.1,798,1.0,0.2,0.6,vera_balanced_envelope,False,,,0.0,True,NA,False,False,False,True
learning_curve|CivilComments-WILDS|seed=7|fraction=0.1|gamma=1|tau=0.2|lambda=0.6,learning_curve,CivilComments-WILDS,7,0.1,798,1.0,0.2,0.6,external_balanced_oracle,False,,,0.0,True,NA,False,False,False,True
learning_curve|CivilComments-WILDS|seed=7|fraction=0.1|gamma=1|tau=0.2|lambda=0.7,learning_curve,CivilComments-WILDS,7,0.1,798,1.0,0.2,0.7,always_deploy_balanced,True,TaCo::components_removed=3,TaCo,0.0,True,True,False,False,False,True
learning_curve|CivilComments-WILDS|seed=7|fraction=0.1|gamma=1|tau=0.2|lambda=0.7,learning_curve,CivilComments-WILDS,7,0.1,798,1.0,0.2,0.7,point_selection_balanced,True,TaCo::components_removed=3,TaCo,0.0,True,True,False,False,False,True
learning_curve|CivilComments-WILDS|seed=7|fraction=0.1|gamma=1|tau=0.2|lambda=0.7,learning_curve,CivilComments-WILDS,7,0.1,798,1.0,0.2,0.7,vera_balanced_iut,False,,,0.0,True,NA,False,False,False,True
learning_curve|CivilComments-WILDS|seed=7|fraction=0.1|gamma=1|tau=0.2|lambda=0.7,learning_curve,CivilComments-WILDS,7,0.1,798,1.0,0.2,0.7,vera_balanced_envelope,False,,,0.0,True,NA,False,False,False,True
learning_curve|CivilComments-WILDS|seed=7|fraction=0.1|gamma=1|tau=0.2|lambda=0.7,learning_curve,CivilComments-WILDS,7,0.1,798,1.0,0.2,0.7,external_balanced_oracle,True,TaCo::components_removed=3,TaCo,0.0,True,True,False,False,False,True
learning_curve|CivilComments-WILDS|seed=7|fraction=0.1|gamma=1|tau=0.2|lambda=0.8,learning_curve,CivilComments-WILDS,7,0.1,798,1.0,0.2,0.8,always_deploy_balanced,True,TaCo::components_removed=3,TaCo,0.0,True,True,False,False,False,True
learning_curve|CivilComments-WILDS|seed=7|fraction=0.1|gamma=1|tau=0.2|lambda=0.8,learning_curve,CivilComments-WILDS,7,0.1,798,1.0,0.2,0.8,point_selection_balanced,True,TaCo::components_removed=3,TaCo,0.0,True,True,False,False,False,True
learning_curve|CivilComments-WILDS|seed=7|fraction=0.1|gamma=1|tau=0.2|lambda=0.8,learning_curve,CivilComments-WILDS,7,0.1,798,1.0,0.2,0.8,vera_balanced_iut,True,TaCo::components_removed=5,TaCo,0.0,True,True,False,False,False,True
learning_curve|CivilComments-WILDS|seed=7|fraction=0.1|gamma=1|tau=0.2|lambda=0.8,learning_curve,CivilComments-WILDS,7,0.1,798,1.0,0.2,0.8,vera_balanced_envelope,False,,,0.0,True,NA,False,False,False,True
learning_curve|CivilComments-WILDS|seed=7|fraction=0.1|gamma=1|tau=0.2|lambda=0.8,learning_curve,CivilComments-WILDS,7,0.1,798,1.0,0.2,0.8,external_balanced_oracle,True,TaCo::components_removed=3,TaCo,0.0,True,True,False,False,False,True
learning_curve|CivilComments-WILDS|seed=7|fraction=0.25|gamma=1|tau=0.05|lambda=0.6,learning_curve,CivilComments-WILDS,7,0.25,1999,1.0,0.05,0.6,always_deploy_balanced,True,TaCo::components_removed=5,TaCo,0.0,True,False,True,False,False,True
learning_curve|CivilComments-WILDS|seed=7|fraction=0.25|gamma=1|tau=0.05|lambda=0.6,learning_curve,CivilComments-WILDS,7,0.25,1999,1.0,0.05,0.6,point_selection_balanced,False,,,0.0,True,NA,False,False,False,True
learning_curve|CivilComments-WILDS|seed=7|fraction=0.25|gamma=1|tau=0.05|lambda=0.6,learning_curve,CivilComments-WILDS,7,0.25,1999,1.0,0.05,0.6,vera_balanced_iut,False,,,0.0,True,NA,False,False,False,True
learning_curve|CivilComments-WILDS|seed=7|fraction=0.25|gamma=1|tau=0.05|lambda=0.6,learning_curve,CivilComments-WILDS,7,0.25,1999,1.0,0.05,0.6,vera_balanced_envelope,False,,,0.0,True,NA,False,False,False,True
learning_curve|CivilComments-WILDS|seed=7|fraction=0.25|gamma=1|tau=0.05|lambda=0.6,learning_curve,CivilComments-WILDS,7,0.25,1999,1.0,0.05,0.6,external_balanced_oracle,False,,,0.0,True,NA,False,False,False,True
learning_curve|CivilComments-WILDS|seed=7|fraction=0.25|gamma=1|tau=0.05|lambda=0.7,learning_curve,CivilComments-WILDS,7,0.25,1999,1.0,0.05,0.7,always_deploy_balanced,True,TaCo::components_removed=5,TaCo,0.0,True,False,True,False,False,True
learning_curve|CivilComments-WILDS|seed=7|fraction=0.25|gamma=1|tau=0.05|lambda=0.7,learning_curve,CivilComments-WILDS,7,0.25,1999,1.0,0.05,0.7,point_selection_balanced,False,,,0.0,True,NA,False,False,False,True
learning_curve|CivilComments-WILDS|seed=7|fraction=0.25|gamma=1|tau=0.05|lambda=0.7,learning_curve,CivilComments-WILDS,7,0.25,1999,1.0,0.05,0.7,vera_balanced_iut,False,,,0.0,True,NA,False,False,False,True
learning_curve|CivilComments-WILDS|seed=7|fraction=0.25|gamma=1|tau=0.05|lambda=0.7,learning_curve,CivilComments-WILDS,7,0.25,1999,1.0,0.05,0.7,vera_balanced_envelope,False,,,0.0,True,NA,False,False,False,True
learning_curve|CivilComments-WILDS|seed=7|fraction=0.25|gamma=1|tau=0.05|lambda=0.7,learning_curve,CivilComments-WILDS,7,0.25,1999,1.0,0.05,0.7,external_balanced_oracle,False,,,0.0,True,NA,False,False,False,True
learning_curve|CivilComments-WILDS|seed=7|fraction=0.25|gamma=1|tau=0.05|lambda=0.8,learning_curve,CivilComments-WILDS,7,0.25,1999,1.0,0.05,0.8,always_deploy_balanced,True,TaCo::components_removed=5,TaCo,0.0,True,False,True,False,False,True
learning_curve|CivilComments-WILDS|seed=7|fraction=0.25|gamma=1|tau=0.05|lambda=0.8,learning_curve,CivilComments-WILDS,7,0.25,1999,1.0,0.05,0.8,point_selection_balanced,True,INLP::rank=1,INLP,0.0,True,True,False,False,False,True
learning_curve|CivilComments-WILDS|seed=7|fraction=0.25|gamma=1|tau=0.05|lambda=0.8,learning_curve,CivilComments-WILDS,7,0.25,1999,1.0,0.05,0.8,vera_balanced_iut,False,,,0.0,True,NA,False,False,False,True
learning_curve|CivilComments-WILDS|seed=7|fraction=0.25|gamma=1|tau=0.05|lambda=0.8,learning_curve,CivilComments-WILDS,7,0.25,1999,1.0,0.05,0.8,vera_balanced_envelope,False,,,0.0,True,NA,False,False,False,True
learning_curve|CivilComments-WILDS|seed=7|fraction=0.25|gamma=1|tau=0.05|lambda=0.8,learning_curve,CivilComments-WILDS,7,0.25,1999,1.0,0.05,0.8,external_balanced_oracle,True,INLP::rank=8,INLP,0.0,True,True,False,False,False,True
learning_curve|CivilComments-WILDS|seed=7|fraction=0.25|gamma=1|tau=0.1|lambda=0.6,learning_curve,CivilComments-WILDS,7,0.25,1999,1.0,0.1,0.6,always_deploy_balanced,True,TaCo::components_removed=5,TaCo,0.0,True,False,True,False,False,True
learning_curve|CivilComments-WILDS|seed=7|fraction=0.25|gamma=1|tau=0.1|lambda=0.6,learning_curve,CivilComments-WILDS,7,0.25,1999,1.0,0.1,0.6,point_selection_balanced,False,,,0.0,True,NA,False,False,False,True
learning_curve|CivilComments-WILDS|seed=7|fraction=0.25|gamma=1|tau=0.1|lambda=0.6,learning_curve,CivilComments-WILDS,7,0.25,1999,1.0,0.1,0.6,vera_balanced_iut,False,,,0.0,True,NA,False,False,False,True
learning_curve|CivilComments-WILDS|seed=7|fraction=0.25|gamma=1|tau=0.1|lambda=0.6,learning_curve,CivilComments-WILDS,7,0.25,1999,1.0,0.1,0.6,vera_balanced_envelope,False,,,0.0,True,NA,False,False,False,True
learning_curve|CivilComments-WILDS|seed=7|fraction=0.25|gamma=1|tau=0.1|lambda=0.6,learning_curve,CivilComments-WILDS,7,0.25,1999,1.0,0.1,0.6,external_balanced_oracle,False,,,0.0,True,NA,False,False,False,True
learning_curve|CivilComments-WILDS|seed=7|fraction=0.25|gamma=1|tau=0.1|lambda=0.7,learning_curve,CivilComments-WILDS,7,0.25,1999,1.0,0.1,0.7,always_deploy_balanced,True,TaCo::components_removed=5,TaCo,0.0,True,True,False,False,False,True
learning_curve|CivilComments-WILDS|seed=7|fraction=0.25|gamma=1|tau=0.1|lambda=0.7,learning_curve,CivilComments-WILDS,7,0.25,1999,1.0,0.1,0.7,point_selection_balanced,True,TaCo::components_removed=5,TaCo,0.0,True,True,False,False,False,True
learning_curve|CivilComments-WILDS|seed=7|fraction=0.25|gamma=1|tau=0.1|lambda=0.7,learning_curve,CivilComments-WILDS,7,0.25,1999,1.0,0.1,0.7,vera_balanced_iut,False,,,0.0,True,NA,False,False,False,True
learning_curve|CivilComments-WILDS|seed=7|fraction=0.25|gamma=1|tau=0.1|lambda=0.7,learning_curve,CivilComments-WILDS,7,0.25,1999,1.0,0.1,0.7,vera_balanced_envelope,False,,,0.0,True,NA,False,False,False,True
learning_curve|CivilComments-WILDS|seed=7|fraction=0.25|gamma=1|tau=0.1|lambda=0.7,learning_curve,CivilComments-WILDS,7,0.25,1999,1.0,0.1,0.7,external_balanced_oracle,True,TaCo::components_removed=5,TaCo,0.0,True,True,False,False,False,True
learning_curve|CivilComments-WILDS|seed=7|fraction=0.25|gamma=1|tau=0.1|lambda=0.8,learning_curve,CivilComments-WILDS,7,0.25,1999,1.0,0.1,0.8,always_deploy_balanced,True,TaCo::components_removed=5,TaCo,0.0,True,True,False,False,False,True
learning_curve|CivilComments-WILDS|seed=7|fraction=0.25|gamma=1|tau=0.1|lambda=0.8,learning_curve,CivilComments-WILDS,7,0.25,1999,1.0,0.1,0.8,point_selection_balanced,True,TaCo::components_removed=5,TaCo,0.0,True,True,False,False,False,True
learning_curve|CivilComments-WILDS|seed=7|fraction=0.25|gamma=1|tau=0.1|lambda=0.8,learning_curve,CivilComments-WILDS,7,0.25,1999,1.0,0.1,0.8,vera_balanced_iut,False,,,0.0,True,NA,False,False,False,True
learning_curve|CivilComments-WILDS|seed=7|fraction=0.25|gamma=1|tau=0.1|lambda=0.8,learning_curve,CivilComments-WILDS,7,0.25,1999,1.0,0.1,0.8,vera_balanced_envelope,False,,,0.0,True,NA,False,False,False,True
learning_curve|CivilComments-WILDS|seed=7|fraction=0.25|gamma=1|tau=0.1|lambda=0.8,learning_curve,CivilComments-WILDS,7,0.25,1999,1.0,0.1,0.8,external_balanced_oracle,True,TaCo::components_removed=5,TaCo,0.0,True,True,False,False,False,True
learning_curve|CivilComments-WILDS|seed=7|fraction=0.25|gamma=1|tau=0.2|lambda=0.6,learning_curve,CivilComments-WILDS,7,0.25,1999,1.0,0.2,0.6,always_deploy_balanced,True,TaCo::components_removed=5,TaCo,0.0,True,False,True,False,False,True
learning_curve|CivilComments-WILDS|seed=7|fraction=0.25|gamma=1|tau=0.2|lambda=0.6,learning_curve,CivilComments-WILDS,7,0.25,1999,1.0,0.2,0.6,point_selection_balanced,False,,,0.0,True,NA,False,False,False,True
learning_curve|CivilComments-WILDS|seed=7|fraction=0.25|gamma=1|tau=0.2|lambda=0.6,learning_curve,CivilComments-WILDS,7,0.25,1999,1.0,0.2,0.6,vera_balanced_iut,False,,,0.0,True,NA,False,False,False,True
learning_curve|CivilComments-WILDS|seed=7|fraction=0.25|gamma=1|tau=0.2|lambda=0.6,learning_curve,CivilComments-WILDS,7,0.25,1999,1.0,0.2,0.6,vera_balanced_envelope,False,,,0.0,True,NA,False,False,False,True
learning_curve|CivilComments-WILDS|seed=7|fraction=0.25|gamma=1|tau=0.2|lambda=0.6,learning_curve,CivilComments-WILDS,7,0.25,1999,1.0,0.2,0.6,external_balanced_oracle,False,,,0.0,True,NA,False,False,False,True
learning_curve|CivilComments-WILDS|seed=7|fraction=0.25|gamma=1|tau=0.2|lambda=0.7,learning_curve,CivilComments-WILDS,7,0.25,1999,1.0,0.2,0.7,always_deploy_balanced,True,TaCo::components_removed=5,TaCo,0.0,True,True,False,False,False,True
learning_curve|CivilComments-WILDS|seed=7|fraction=0.25|gamma=1|tau=0.2|lambda=0.7,learning_curve,CivilComments-WILDS,7,0.25,1999,1.0,0.2,0.7,point_selection_balanced,True,TaCo::components_removed=5,TaCo,0.0,True,True,False,False,False,True
learning_curve|CivilComments-WILDS|seed=7|fraction=0.25|gamma=1|tau=0.2|lambda=0.7,learning_curve,CivilComments-WILDS,7,0.25,1999,1.0,0.2,0.7,vera_balanced_iut,False,,,0.0,True,NA,False,False,False,True
learning_curve|CivilComments-WILDS|seed=7|fraction=0.25|gamma=1|tau=0.2|lambda=0.7,learning_curve,CivilComments-WILDS,7,0.25,1999,1.0,0.2,0.7,vera_balanced_envelope,False,,,0.0,True,NA,False,False,False,True
learning_curve|CivilComments-WILDS|seed=7|fraction=0.25|gamma=1|tau=0.2|lambda=0.7,learning_curve,CivilComments-WILDS,7,0.25,1999,1.0,0.2,0.7,external_balanced_oracle,True,TaCo::components_removed=5,TaCo,0.0,True,True,False,False,False,True
learning_curve|CivilComments-WILDS|seed=7|fraction=0.25|gamma=1|tau=0.2|lambda=0.8,learning_curve,CivilComments-WILDS,7,0.25,1999,1.0,0.2,0.8,always_deploy_balanced,True,TaCo::components_removed=5,TaCo,1.0402145385742188,True,True,False,False,False,True
learning_curve|CivilComments-WILDS|seed=7|fraction=0.25|gamma=1|tau=0.2|lambda=0.8,learning_curve,CivilComments-WILDS,7,0.25,1999,1.0,0.2,0.8,point_selection_balanced,True,TaCo::components_removed=5,TaCo,1.0402145385742188,True,True,False,False,False,True
learning_curve|CivilComments-WILDS|seed=7|fraction=0.25|gamma=1|tau=0.2|lambda=0.8,learning_curve,CivilComments-WILDS,7,0.25,1999,1.0,0.2,0.8,vera_balanced_iut,True,TaCo::components_removed=5,TaCo,1.0402145385742188,True,True,False,False,False,True
learning_curve|CivilComments-WILDS|seed=7|fraction=0.25|gamma=1|tau=0.2|lambda=0.8,learning_curve,CivilComments-WILDS,7,0.25,1999,1.0,0.2,0.8,vera_balanced_envelope,True,TaCo::components_removed=5,TaCo,1.0402145385742188,True,True,False,False,False,True
learning_curve|CivilComments-WILDS|seed=7|fraction=0.25|gamma=1|tau=0.2|lambda=0.8,learning_curve,CivilComments-WILDS,7,0.25,1999,1.0,0.2,0.8,external_balanced_oracle,True,TaCo::components_removed=5,TaCo,1.0402145385742188,True,True,False,False,False,True
learning_curve|CivilComments-WILDS|seed=7|fraction=0.5|gamma=1|tau=0.05|lambda=0.6,learning_curve,CivilComments-WILDS,7,0.5,3999,1.0,0.05,0.6,always_deploy_balanced,True,TaCo::components_removed=1,TaCo,0.0,True,False,True,False,False,True
learning_curve|CivilComments-WILDS|seed=7|fraction=0.5|gamma=1|tau=0.05|lambda=0.6,learning_curve,CivilComments-WILDS,7,0.5,3999,1.0,0.05,0.6,point_selection_balanced,False,,,0.0,True,NA,False,False,False,True
learning_curve|CivilComments-WILDS|seed=7|fraction=0.5|gamma=1|tau=0.05|lambda=0.6,learning_curve,CivilComments-WILDS,7,0.5,3999,1.0,0.05,0.6,vera_balanced_iut,False,,,0.0,True,NA,False,False,False,True
learning_curve|CivilComments-WILDS|seed=7|fraction=0.5|gamma=1|tau=0.05|lambda=0.6,learning_curve,CivilComments-WILDS,7,0.5,3999,1.0,0.05,0.6,vera_balanced_envelope,False,,,0.0,True,NA,False,False,False,True
learning_curve|CivilComments-WILDS|seed=7|fraction=0.5|gamma=1|tau=0.05|lambda=0.6,learning_curve,CivilComments-WILDS,7,0.5,3999,1.0,0.05,0.6,external_balanced_oracle,False,,,0.0,True,NA,False,False,False,True
learning_curve|CivilComments-WILDS|seed=7|fraction=0.5|gamma=1|tau=0.05|lambda=0.7,learning_curve,CivilComments-WILDS,7,0.5,3999,1.0,0.05,0.7,always_deploy_balanced,True,TaCo::components_removed=1,TaCo,0.0,True,False,True,False,False,True
learning_curve|CivilComments-WILDS|seed=7|fraction=0.5|gamma=1|tau=0.05|lambda=0.7,learning_curve,CivilComments-WILDS,7,0.5,3999,1.0,0.05,0.7,point_selection_balanced,False,,,0.0,True,NA,False,False,False,True
learning_curve|CivilComments-WILDS|seed=7|fraction=0.5|gamma=1|tau=0.05|lambda=0.7,learning_curve,CivilComments-WILDS,7,0.5,3999,1.0,0.05,0.7,vera_balanced_iut,False,,,0.0,True,NA,False,False,False,True
learning_curve|CivilComments-WILDS|seed=7|fraction=0.5|gamma=1|tau=0.05|lambda=0.7,learning_curve,CivilComments-WILDS,7,0.5,3999,1.0,0.05,0.7,vera_balanced_envelope,False,,,0.0,True,NA,False,False,False,True
learning_curve|CivilComments-WILDS|seed=7|fraction=0.5|gamma=1|tau=0.05|lambda=0.7,learning_curve,CivilComments-WILDS,7,0.5,3999,1.0,0.05,0.7,external_balanced_oracle,False,,,0.0,True,NA,False,False,False,True
learning_curve|CivilComments-WILDS|seed=7|fraction=0.5|gamma=1|tau=0.05|lambda=0.8,learning_curve,CivilComments-WILDS,7,0.5,3999,1.0,0.05,0.8,always_deploy_balanced,True,TaCo::components_removed=1,TaCo,0.0,True,False,True,False,False,True
learning_curve|CivilComments-WILDS|seed=7|fraction=0.5|gamma=1|tau=0.05|lambda=0.8,learning_curve,CivilComments-WILDS,7,0.5,3999,1.0,0.05,0.8,point_selection_balanced,True,INLP::rank=1,INLP,0.0,True,True,False,False,False,True
learning_curve|CivilComments-WILDS|seed=7|fraction=0.5|gamma=1|tau=0.05|lambda=0.8,learning_curve,CivilComments-WILDS,7,0.5,3999,1.0,0.05,0.8,vera_balanced_iut,False,,,0.0,True,NA,False,False,False,True
learning_curve|CivilComments-WILDS|seed=7|fraction=0.5|gamma=1|tau=0.05|lambda=0.8,learning_curve,CivilComments-WILDS,7,0.5,3999,1.0,0.05,0.8,vera_balanced_envelope,False,,,0.0,True,NA,False,False,False,True
learning_curve|CivilComments-WILDS|seed=7|fraction=0.5|gamma=1|tau=0.05|lambda=0.8,learning_curve,CivilComments-WILDS,7,0.5,3999,1.0,0.05,0.8,external_balanced_oracle,True,INLP::rank=8,INLP,0.0,True,True,False,False,False,True
learning_curve|CivilComments-WILDS|seed=7|fraction=0.5|gamma=1|tau=0.1|lambda=0.6,learning_curve,CivilComments-WILDS,7,0.5,3999,1.0,0.1,0.6,always_deploy_balanced,True,TaCo::components_removed=1,TaCo,0.0,True,False,True,False,False,True
learning_curve|CivilComments-WILDS|seed=7|fraction=0.5|gamma=1|tau=0.1|lambda=0.6,learning_curve,CivilComments-WILDS,7,0.5,3999,1.0,0.1,0.6,point_selection_balanced,False,,,0.0,True,NA,False,False,False,True
learning_curve|CivilComments-WILDS|seed=7|fraction=0.5|gamma=1|tau=0.1|lambda=0.6,learning_curve,CivilComments-WILDS,7,0.5,3999,1.0,0.1,0.6,vera_balanced_iut,False,,,0.0,True,NA,False,False,False,True
learning_curve|CivilComments-WILDS|seed=7|fraction=0.5|gamma=1|tau=0.1|lambda=0.6,learning_curve,CivilComments-WILDS,7,0.5,3999,1.0,0.1,0.6,vera_balanced_envelope,False,,,0.0,True,NA,False,False,False,True
learning_curve|CivilComments-WILDS|seed=7|fraction=0.5|gamma=1|tau=0.1|lambda=0.6,learning_curve,CivilComments-WILDS,7,0.5,3999,1.0,0.1,0.6,external_balanced_oracle,False,,,0.0,True,NA,False,False,False,True
learning_curve|CivilComments-WILDS|seed=7|fraction=0.5|gamma=1|tau=0.1|lambda=0.7,learning_curve,CivilComments-WILDS,7,0.5,3999,1.0,0.1,0.7,always_deploy_balanced,True,TaCo::components_removed=1,TaCo,0.0,True,True,False,False,False,True
learning_curve|CivilComments-WILDS|seed=7|fraction=0.5|gamma=1|tau=0.1|lambda=0.7,learning_curve,CivilComments-WILDS,7,0.5,3999,1.0,0.1,0.7,point_selection_balanced,True,TaCo::components_removed=1,TaCo,0.0,True,True,False,False,False,True
learning_curve|CivilComments-WILDS|seed=7|fraction=0.5|gamma=1|tau=0.1|lambda=0.7,learning_curve,CivilComments-WILDS,7,0.5,3999,1.0,0.1,0.7,vera_balanced_iut,False,,,0.0,True,NA,False,False,False,True
learning_curve|CivilComments-WILDS|seed=7|fraction=0.5|gamma=1|tau=0.1|lambda=0.7,learning_curve,CivilComments-WILDS,7,0.5,3999,1.0,0.1,0.7,vera_balanced_envelope,False,,,0.0,True,NA,False,False,False,True
learning_curve|CivilComments-WILDS|seed=7|fraction=0.5|gamma=1|tau=0.1|lambda=0.7,learning_curve,CivilComments-WILDS,7,0.5,3999,1.0,0.1,0.7,external_balanced_oracle,True,TaCo::components_removed=1,TaCo,0.0,True,True,False,False,False,True
learning_curve|CivilComments-WILDS|seed=7|fraction=0.5|gamma=1|tau=0.1|lambda=0.8,learning_curve,CivilComments-WILDS,7,0.5,3999,1.0,0.1,0.8,always_deploy_balanced,True,TaCo::components_removed=1,TaCo,0.0,True,True,False,False,False,True
learning_curve|CivilComments-WILDS|seed=7|fraction=0.5|gamma=1|tau=0.1|lambda=0.8,learning_curve,CivilComments-WILDS,7,0.5,3999,1.0,0.1,0.8,point_selection_balanced,True,TaCo::components_removed=1,TaCo,0.0,True,True,False,False,False,True
learning_curve|CivilComments-WILDS|seed=7|fraction=0.5|gamma=1|tau=0.1|lambda=0.8,learning_curve,CivilComments-WILDS,7,0.5,3999,1.0,0.1,0.8,vera_balanced_iut,False,,,0.0,True,NA,False,False,False,True
learning_curve|CivilComments-WILDS|seed=7|fraction=0.5|gamma=1|tau=0.1|lambda=0.8,learning_curve,CivilComments-WILDS,7,0.5,3999,1.0,0.1,0.8,vera_balanced_envelope,False,,,0.0,True,NA,False,False,False,True
learning_curve|CivilComments-WILDS|seed=7|fraction=0.5|gamma=1|tau=0.1|lambda=0.8,learning_curve,CivilComments-WILDS,7,0.5,3999,1.0,0.1,0.8,external_balanced_oracle,True,TaCo::components_removed=1,TaCo,0.0,True,True,False,False,False,True
learning_curve|CivilComments-WILDS|seed=7|fraction=0.5|gamma=1|tau=0.2|lambda=0.6,learning_curve,CivilComments-WILDS,7,0.5,3999,1.0,0.2,0.6,always_deploy_balanced,True,TaCo::components_removed=1,TaCo,0.0,True,False,True,False,False,True
learning_curve|CivilComments-WILDS|seed=7|fraction=0.5|gamma=1|tau=0.2|lambda=0.6,learning_curve,CivilComments-WILDS,7,0.5,3999,1.0,0.2,0.6,point_selection_balanced,False,,,0.0,True,NA,False,False,False,True
learning_curve|CivilComments-WILDS|seed=7|fraction=0.5|gamma=1|tau=0.2|lambda=0.6,learning_curve,CivilComments-WILDS,7,0.5,3999,1.0,0.2,0.6,vera_balanced_iut,False,,,0.0,True,NA,False,False,False,True
learning_curve|CivilComments-WILDS|seed=7|fraction=0.5|gamma=1|tau=0.2|lambda=0.6,learning_curve,CivilComments-WILDS,7,0.5,3999,1.0,0.2,0.6,vera_balanced_envelope,False,,,0.0,True,NA,False,False,False,True
learning_curve|CivilComments-WILDS|seed=7|fraction=0.5|gamma=1|tau=0.2|lambda=0.6,learning_curve,CivilComments-WILDS,7,0.5,3999,1.0,0.2,0.6,external_balanced_oracle,False,,,0.0,True,NA,False,False,False,True
learning_curve|CivilComments-WILDS|seed=7|fraction=0.5|gamma=1|tau=0.2|lambda=0.7,learning_curve,CivilComments-WILDS,7,0.5,3999,1.0,0.2,0.7,always_deploy_balanced,True,TaCo::components_removed=1,TaCo,0.0,True,True,False,False,False,True
learning_curve|CivilComments-WILDS|seed=7|fraction=0.5|gamma=1|tau=0.2|lambda=0.7,learning_curve,CivilComments-WILDS,7,0.5,3999,1.0,0.2,0.7,point_selection_balanced,True,TaCo::components_removed=1,TaCo,0.0,True,True,False,False,False,True
learning_curve|CivilComments-WILDS|seed=7|fraction=0.5|gamma=1|tau=0.2|lambda=0.7,learning_curve,CivilComments-WILDS,7,0.5,3999,1.0,0.2,0.7,vera_balanced_iut,False,,,0.0,True,NA,False,False,False,True
learning_curve|CivilComments-WILDS|seed=7|fraction=0.5|gamma=1|tau=0.2|lambda=0.7,learning_curve,CivilComments-WILDS,7,0.5,3999,1.0,0.2,0.7,vera_balanced_envelope,False,,,0.0,True,NA,False,False,False,True
learning_curve|CivilComments-WILDS|seed=7|fraction=0.5|gamma=1|tau=0.2|lambda=0.7,learning_curve,CivilComments-WILDS,7,0.5,3999,1.0,0.2,0.7,external_balanced_oracle,True,TaCo::components_removed=1,TaCo,0.0,True,True,False,False,False,True
learning_curve|CivilComments-WILDS|seed=7|fraction=0.5|gamma=1|tau=0.2|lambda=0.8,learning_curve,CivilComments-WILDS,7,0.5,3999,1.0,0.2,0.8,always_deploy_balanced,True,TaCo::components_removed=1,TaCo,1.0761566162109375,True,True,False,False,False,True
learning_curve|CivilComments-WILDS|seed=7|fraction=0.5|gamma=1|tau=0.2|lambda=0.8,learning_curve,CivilComments-WILDS,7,0.5,3999,1.0,0.2,0.8,point_selection_balanced,True,TaCo::components_removed=1,TaCo,1.0761566162109375,True,True,False,False,False,True
learning_curve|CivilComments-WILDS|seed=7|fraction=0.5|gamma=1|tau=0.2|lambda=0.8,learning_curve,CivilComments-WILDS,7,0.5,3999,1.0,0.2,0.8,vera_balanced_iut,True,TaCo::components_removed=1,TaCo,1.0761566162109375,True,True,False,False,False,True
learning_curve|CivilComments-WILDS|seed=7|fraction=0.5|gamma=1|tau=0.2|lambda=0.8,learning_curve,CivilComments-WILDS,7,0.5,3999,1.0,0.2,0.8,vera_balanced_envelope,True,TaCo::components_removed=1,TaCo,1.0761566162109375,True,True,False,False,False,True
learning_curve|CivilComments-WILDS|seed=7|fraction=0.5|gamma=1|tau=0.2|lambda=0.8,learning_curve,CivilComments-WILDS,7,0.5,3999,1.0,0.2,0.8,external_balanced_oracle,True,TaCo::components_removed=1,TaCo,1.0761566162109375,True,True,False,False,False,True
primary|CivilComments-WILDS|seed=7|fraction=1|gamma=1|tau=0.05|lambda=0.6,primary,CivilComments-WILDS,7,1.0,8000,1.0,0.05,0.6,always_deploy_balanced,True,TaCo::components_removed=5,TaCo,0.0,True,False,True,False,False,True
primary|CivilComments-WILDS|seed=7|fraction=1|gamma=1|tau=0.05|lambda=0.6,primary,CivilComments-WILDS,7,1.0,8000,1.0,0.05,0.6,point_selection_balanced,False,,,0.0,True,NA,False,False,False,True
primary|CivilComments-WILDS|seed=7|fraction=1|gamma=1|tau=0.05|lambda=0.6,primary,CivilComments-WILDS,7,1.0,8000,1.0,0.05,0.6,vera_balanced_iut,False,,,0.0,True,NA,False,False,False,True
primary|CivilComments-WILDS|seed=7|fraction=1|gamma=1|tau=0.05|lambda=0.6,primary,CivilComments-WILDS,7,1.0,8000,1.0,0.05,0.6,vera_balanced_envelope,False,,,0.0,True,NA,False,False,False,True
primary|CivilComments-WILDS|seed=7|fraction=1|gamma=1|tau=0.05|lambda=0.6,primary,CivilComments-WILDS,7,1.0,8000,1.0,0.05,0.6,external_balanced_oracle,False,,,0.0,True,NA,False,False,False,True
primary|CivilComments-WILDS|seed=7|fraction=1|gamma=1|tau=0.05|lambda=0.7,primary,CivilComments-WILDS,7,1.0,8000,1.0,0.05,0.7,always_deploy_balanced,True,TaCo::components_removed=5,TaCo,0.0,True,False,True,False,False,True
primary|CivilComments-WILDS|seed=7|fraction=1|gamma=1|tau=0.05|lambda=0.7,primary,CivilComments-WILDS,7,1.0,8000,1.0,0.05,0.7,point_selection_balanced,False,,,0.0,True,NA,False,False,False,True
primary|CivilComments-WILDS|seed=7|fraction=1|gamma=1|tau=0.05|lambda=0.7,primary,CivilComments-WILDS,7,1.0,8000,1.0,0.05,0.7,vera_balanced_iut,False,,,0.0,True,NA,False,False,False,True
primary|CivilComments-WILDS|seed=7|fraction=1|gamma=1|tau=0.05|lambda=0.7,primary,CivilComments-WILDS,7,1.0,8000,1.0,0.05,0.7,vera_balanced_envelope,False,,,0.0,True,NA,False,False,False,True
primary|CivilComments-WILDS|seed=7|fraction=1|gamma=1|tau=0.05|lambda=0.7,primary,CivilComments-WILDS,7,1.0,8000,1.0,0.05,0.7,external_balanced_oracle,False,,,0.0,True,NA,False,False,False,True
primary|CivilComments-WILDS|seed=7|fraction=1|gamma=1|tau=0.05|lambda=0.8,primary,CivilComments-WILDS,7,1.0,8000,1.0,0.05,0.8,always_deploy_balanced,True,TaCo::components_removed=5,TaCo,0.0,True,False,True,False,False,True
primary|CivilComments-WILDS|seed=7|fraction=1|gamma=1|tau=0.05|lambda=0.8,primary,CivilComments-WILDS,7,1.0,8000,1.0,0.05,0.8,point_selection_balanced,True,INLP::rank=2,INLP,0.0,True,True,False,False,False,True
primary|CivilComments-WILDS|seed=7|fraction=1|gamma=1|tau=0.05|lambda=0.8,primary,CivilComments-WILDS,7,1.0,8000,1.0,0.05,0.8,vera_balanced_iut,False,,,0.0,True,NA,False,False,False,True
primary|CivilComments-WILDS|seed=7|fraction=1|gamma=1|tau=0.05|lambda=0.8,primary,CivilComments-WILDS,7,1.0,8000,1.0,0.05,0.8,vera_balanced_envelope,False,,,0.0,True,NA,False,False,False,True
primary|CivilComments-WILDS|seed=7|fraction=1|gamma=1|tau=0.05|lambda=0.8,primary,CivilComments-WILDS,7,1.0,8000,1.0,0.05,0.8,external_balanced_oracle,True,INLP::rank=8,INLP,0.0,True,True,False,False,False,True
primary|CivilComments-WILDS|seed=7|fraction=1|gamma=1|tau=0.1|lambda=0.6,primary,CivilComments-WILDS,7,1.0,8000,1.0,0.1,0.6,always_deploy_balanced,True,TaCo::components_removed=5,TaCo,0.0,True,False,True,False,False,True
primary|CivilComments-WILDS|seed=7|fraction=1|gamma=1|tau=0.1|lambda=0.6,primary,CivilComments-WILDS,7,1.0,8000,1.0,0.1,0.6,point_selection_balanced,False,,,0.0,True,NA,False,False,False,True
primary|CivilComments-WILDS|seed=7|fraction=1|gamma=1|tau=0.1|lambda=0.6,primary,CivilComments-WILDS,7,1.0,8000,1.0,0.1,0.6,vera_balanced_iut,False,,,0.0,True,NA,False,False,False,True
primary|CivilComments-WILDS|seed=7|fraction=1|gamma=1|tau=0.1|lambda=0.6,primary,CivilComments-WILDS,7,1.0,8000,1.0,0.1,0.6,vera_balanced_envelope,False,,,0.0,True,NA,False,False,False,True
primary|CivilComments-WILDS|seed=7|fraction=1|gamma=1|tau=0.1|lambda=0.6,primary,CivilComments-WILDS,7,1.0,8000,1.0,0.1,0.6,external_balanced_oracle,False,,,0.0,True,NA,False,False,False,True
primary|CivilComments-WILDS|seed=7|fraction=1|gamma=1|tau=0.1|lambda=0.7,primary,CivilComments-WILDS,7,1.0,8000,1.0,0.1,0.7,always_deploy_balanced,True,TaCo::components_removed=5,TaCo,0.0,True,True,False,False,False,True
primary|CivilComments-WILDS|seed=7|fraction=1|gamma=1|tau=0.1|lambda=0.7,primary,CivilComments-WILDS,7,1.0,8000,1.0,0.1,0.7,point_selection_balanced,True,TaCo::components_removed=5,TaCo,0.0,True,True,False,False,False,True
primary|CivilComments-WILDS|seed=7|fraction=1|gamma=1|tau=0.1|lambda=0.7,primary,CivilComments-WILDS,7,1.0,8000,1.0,0.1,0.7,vera_balanced_iut,True,TaCo::components_removed=1,TaCo,0.0,True,True,False,False,False,True
primary|CivilComments-WILDS|seed=7|fraction=1|gamma=1|tau=0.1|lambda=0.7,primary,CivilComments-WILDS,7,1.0,8000,1.0,0.1,0.7,vera_balanced_envelope,False,,,0.0,True,NA,False,False,False,True
primary|CivilComments-WILDS|seed=7|fraction=1|gamma=1|tau=0.1|lambda=0.7,primary,CivilComments-WILDS,7,1.0,8000,1.0,0.1,0.7,external_balanced_oracle,True,TaCo::components_removed=5,TaCo,0.0,True,True,False,False,False,True
primary|CivilComments-WILDS|seed=7|fraction=1|gamma=1|tau=0.1|lambda=0.8,primary,CivilComments-WILDS,7,1.0,8000,1.0,0.1,0.8,always_deploy_balanced,True,TaCo::components_removed=5,TaCo,0.0,True,True,False,False,False,True
primary|CivilComments-WILDS|seed=7|fraction=1|gamma=1|tau=0.1|lambda=0.8,primary,CivilComments-WILDS,7,1.0,8000,1.0,0.1,0.8,point_selection_balanced,True,TaCo::components_removed=5,TaCo,0.0,True,True,False,False,False,True
primary|CivilComments-WILDS|seed=7|fraction=1|gamma=1|tau=0.1|lambda=0.8,primary,CivilComments-WILDS,7,1.0,8000,1.0,0.1,0.8,vera_balanced_iut,True,TaCo::components_removed=1,TaCo,0.0,True,True,False,False,False,True
primary|CivilComments-WILDS|seed=7|fraction=1|gamma=1|tau=0.1|lambda=0.8,primary,CivilComments-WILDS,7,1.0,8000,1.0,0.1,0.8,vera_balanced_envelope,True,"MANCE++::epsilon=0.05,steps=3",MANCE++,1.002349853515625,True,True,False,False,False,True
primary|CivilComments-WILDS|seed=7|fraction=1|gamma=1|tau=0.1|lambda=0.8,primary,CivilComments-WILDS,7,1.0,8000,1.0,0.1,0.8,external_balanced_oracle,True,TaCo::components_removed=5,TaCo,0.0,True,True,False,False,False,True
primary|CivilComments-WILDS|seed=7|fraction=1|gamma=1|tau=0.2|lambda=0.6,primary,CivilComments-WILDS,7,1.0,8000,1.0,0.2,0.6,always_deploy_balanced,True,TaCo::components_removed=5,TaCo,0.0,True,False,True,False,False,True
primary|CivilComments-WILDS|seed=7|fraction=1|gamma=1|tau=0.2|lambda=0.6,primary,CivilComments-WILDS,7,1.0,8000,1.0,0.2,0.6,point_selection_balanced,False,,,0.0,True,NA,False,False,False,True
primary|CivilComments-WILDS|seed=7|fraction=1|gamma=1|tau=0.2|lambda=0.6,primary,CivilComments-WILDS,7,1.0,8000,1.0,0.2,0.6,vera_balanced_iut,False,,,0.0,True,NA,False,False,False,True
primary|CivilComments-WILDS|seed=7|fraction=1|gamma=1|tau=0.2|lambda=0.6,primary,CivilComments-WILDS,7,1.0,8000,1.0,0.2,0.6,vera_balanced_envelope,False,,,0.0,True,NA,False,False,False,True
primary|CivilComments-WILDS|seed=7|fraction=1|gamma=1|tau=0.2|lambda=0.6,primary,CivilComments-WILDS,7,1.0,8000,1.0,0.2,0.6,external_balanced_oracle,False,,,0.0,True,NA,False,False,False,True
primary|CivilComments-WILDS|seed=7|fraction=1|gamma=1|tau=0.2|lambda=0.7,primary,CivilComments-WILDS,7,1.0,8000,1.0,0.2,0.7,always_deploy_balanced,True,TaCo::components_removed=5,TaCo,1.0038986206054688,True,True,False,False,False,True
primary|CivilComments-WILDS|seed=7|fraction=1|gamma=1|tau=0.2|lambda=0.7,primary,CivilComments-WILDS,7,1.0,8000,1.0,0.2,0.7,point_selection_balanced,True,TaCo::components_removed=5,TaCo,1.0038986206054688,True,True,False,False,False,True
primary|CivilComments-WILDS|seed=7|fraction=1|gamma=1|tau=0.2|lambda=0.7,primary,CivilComments-WILDS,7,1.0,8000,1.0,0.2,0.7,vera_balanced_iut,True,TaCo::components_removed=5,TaCo,1.0038986206054688,True,True,False,False,False,True
primary|CivilComments-WILDS|seed=7|fraction=1|gamma=1|tau=0.2|lambda=0.7,primary,CivilComments-WILDS,7,1.0,8000,1.0,0.2,0.7,vera_balanced_envelope,True,TaCo::components_removed=5,TaCo,1.0038986206054688,True,True,False,False,False,True
primary|CivilComments-WILDS|seed=7|fraction=1|gamma=1|tau=0.2|lambda=0.7,primary,CivilComments-WILDS,7,1.0,8000,1.0,0.2,0.7,external_balanced_oracle,True,TaCo::components_removed=5,TaCo,1.0038986206054688,True,True,False,False,False,True
primary|CivilComments-WILDS|seed=7|fraction=1|gamma=1|tau=0.2|lambda=0.8,primary,CivilComments-WILDS,7,1.0,8000,1.0,0.2,0.8,always_deploy_balanced,True,TaCo::components_removed=5,TaCo,1.0849151611328125,True,True,False,False,False,True
primary|CivilComments-WILDS|seed=7|fraction=1|gamma=1|tau=0.2|lambda=0.8,primary,CivilComments-WILDS,7,1.0,8000,1.0,0.2,0.8,point_selection_balanced,True,TaCo::components_removed=5,TaCo,1.0849151611328125,True,True,False,False,False,True
primary|CivilComments-WILDS|seed=7|fraction=1|gamma=1|tau=0.2|lambda=0.8,primary,CivilComments-WILDS,7,1.0,8000,1.0,0.2,0.8,vera_balanced_iut,True,TaCo::components_removed=5,TaCo,1.0849151611328125,True,True,False,False,False,True
primary|CivilComments-WILDS|seed=7|fraction=1|gamma=1|tau=0.2|lambda=0.8,primary,CivilComments-WILDS,7,1.0,8000,1.0,0.2,0.8,vera_balanced_envelope,True,TaCo::components_removed=5,TaCo,1.0849151611328125,True,True,False,False,False,True
primary|CivilComments-WILDS|seed=7|fraction=1|gamma=1|tau=0.2|lambda=0.8,primary,CivilComments-WILDS,7,1.0,8000,1.0,0.2,0.8,external_balanced_oracle,True,TaCo::components_removed=5,TaCo,1.0849151611328125,True,True,False,False,False,True
shifted_sensitivity|CivilComments-WILDS|seed=7|fraction=1|gamma=1.01|tau=0.05|lambda=0.6,shifted_sensitivity,CivilComments-WILDS,7,1.0,8000,1.01,0.05,0.6,always_deploy_balanced,True,TaCo::components_removed=5,TaCo,0.0,True,False,True,False,False,True
shifted_sensitivity|CivilComments-WILDS|seed=7|fraction=1|gamma=1.01|tau=0.05|lambda=0.6,shifted_sensitivity,CivilComments-WILDS,7,1.0,8000,1.01,0.05,0.6,point_selection_balanced,False,,,0.0,True,NA,False,False,False,True
shifted_sensitivity|CivilComments-WILDS|seed=7|fraction=1|gamma=1.01|tau=0.05|lambda=0.6,shifted_sensitivity,CivilComments-WILDS,7,1.0,8000,1.01,0.05,0.6,vera_balanced_iut,False,,,0.0,True,NA,False,False,False,True
shifted_sensitivity|CivilComments-WILDS|seed=7|fraction=1|gamma=1.01|tau=0.05|lambda=0.6,shifted_sensitivity,CivilComments-WILDS,7,1.0,8000,1.01,0.05,0.6,vera_balanced_envelope,False,,,0.0,True,NA,False,False,False,True
shifted_sensitivity|CivilComments-WILDS|seed=7|fraction=1|gamma=1.01|tau=0.05|lambda=0.6,shifted_sensitivity,CivilComments-WILDS,7,1.0,8000,1.01,0.05,0.6,external_balanced_oracle,False,,,0.0,True,NA,False,False,False,True
shifted_sensitivity|CivilComments-WILDS|seed=7|fraction=1|gamma=1.01|tau=0.05|lambda=0.7,shifted_sensitivity,CivilComments-WILDS,7,1.0,8000,1.01,0.05,0.7,always_deploy_balanced,True,TaCo::components_removed=5,TaCo,0.0,True,False,True,False,False,True
shifted_sensitivity|CivilComments-WILDS|seed=7|fraction=1|gamma=1.01|tau=0.05|lambda=0.7,shifted_sensitivity,CivilComments-WILDS,7,1.0,8000,1.01,0.05,0.7,point_selection_balanced,False,,,0.0,True,NA,False,False,False,True
shifted_sensitivity|CivilComments-WILDS|seed=7|fraction=1|gamma=1.01|tau=0.05|lambda=0.7,shifted_sensitivity,CivilComments-WILDS,7,1.0,8000,1.01,0.05,0.7,vera_balanced_iut,False,,,0.0,True,NA,False,False,False,True
shifted_sensitivity|CivilComments-WILDS|seed=7|fraction=1|gamma=1.01|tau=0.05|lambda=0.7,shifted_sensitivity,CivilComments-WILDS,7,1.0,8000,1.01,0.05,0.7,vera_balanced_envelope,False,,,0.0,True,NA,False,False,False,True
shifted_sensitivity|CivilComments-WILDS|seed=7|fraction=1|gamma=1.01|tau=0.05|lambda=0.7,shifted_sensitivity,CivilComments-WILDS,7,1.0,8000,1.01,0.05,0.7,external_balanced_oracle,False,,,0.0,True,NA,False,False,False,True
shifted_sensitivity|CivilComments-WILDS|seed=7|fraction=1|gamma=1.01|tau=0.05|lambda=0.8,shifted_sensitivity,CivilComments-WILDS,7,1.0,8000,1.01,0.05,0.8,always_deploy_balanced,True,TaCo::components_removed=5,TaCo,0.0,True,False,True,False,False,True
shifted_sensitivity|CivilComments-WILDS|seed=7|fraction=1|gamma=1.01|tau=0.05|lambda=0.8,shifted_sensitivity,CivilComments-WILDS,7,1.0,8000,1.01,0.05,0.8,point_selection_balanced,True,INLP::rank=2,INLP,0.0,True,True,False,False,False,True
shifted_sensitivity|CivilComments-WILDS|seed=7|fraction=1|gamma=1.01|tau=0.05|lambda=0.8,shifted_sensitivity,CivilComments-WILDS,7,1.0,8000,1.01,0.05,0.8,vera_balanced_iut,False,,,0.0,True,NA,False,False,False,True
shifted_sensitivity|CivilComments-WILDS|seed=7|fraction=1|gamma=1.01|tau=0.05|lambda=0.8,shifted_sensitivity,CivilComments-WILDS,7,1.0,8000,1.01,0.05,0.8,vera_balanced_envelope,False,,,0.0,True,NA,False,False,False,True
shifted_sensitivity|CivilComments-WILDS|seed=7|fraction=1|gamma=1.01|tau=0.05|lambda=0.8,shifted_sensitivity,CivilComments-WILDS,7,1.0,8000,1.01,0.05,0.8,external_balanced_oracle,True,INLP::rank=8,INLP,0.0,True,True,False,False,False,True
shifted_sensitivity|CivilComments-WILDS|seed=7|fraction=1|gamma=1.01|tau=0.1|lambda=0.6,shifted_sensitivity,CivilComments-WILDS,7,1.0,8000,1.01,0.1,0.6,always_deploy_balanced,True,TaCo::components_removed=5,TaCo,0.0,True,False,True,False,False,True
shifted_sensitivity|CivilComments-WILDS|seed=7|fraction=1|gamma=1.01|tau=0.1|lambda=0.6,shifted_sensitivity,CivilComments-WILDS,7,1.0,8000,1.01,0.1,0.6,point_selection_balanced,False,,,0.0,True,NA,False,False,False,True
shifted_sensitivity|CivilComments-WILDS|seed=7|fraction=1|gamma=1.01|tau=0.1|lambda=0.6,shifted_sensitivity,CivilComments-WILDS,7,1.0,8000,1.01,0.1,0.6,vera_balanced_iut,False,,,0.0,True,NA,False,False,False,True
shifted_sensitivity|CivilComments-WILDS|seed=7|fraction=1|gamma=1.01|tau=0.1|lambda=0.6,shifted_sensitivity,CivilComments-WILDS,7,1.0,8000,1.01,0.1,0.6,vera_balanced_envelope,False,,,0.0,True,NA,False,False,False,True
shifted_sensitivity|CivilComments-WILDS|seed=7|fraction=1|gamma=1.01|tau=0.1|lambda=0.6,shifted_sensitivity,CivilComments-WILDS,7,1.0,8000,1.01,0.1,0.6,external_balanced_oracle,False,,,0.0,True,NA,False,False,False,True
shifted_sensitivity|CivilComments-WILDS|seed=7|fraction=1|gamma=1.01|tau=0.1|lambda=0.7,shifted_sensitivity,CivilComments-WILDS,7,1.0,8000,1.01,0.1,0.7,always_deploy_balanced,True,TaCo::components_removed=5,TaCo,0.0,True,True,False,False,False,True
shifted_sensitivity|CivilComments-WILDS|seed=7|fraction=1|gamma=1.01|tau=0.1|lambda=0.7,shifted_sensitivity,CivilComments-WILDS,7,1.0,8000,1.01,0.1,0.7,point_selection_balanced,True,TaCo::components_removed=5,TaCo,0.0,True,True,False,False,False,True
shifted_sensitivity|CivilComments-WILDS|seed=7|fraction=1|gamma=1.01|tau=0.1|lambda=0.7,shifted_sensitivity,CivilComments-WILDS,7,1.0,8000,1.01,0.1,0.7,vera_balanced_iut,False,,,0.0,True,NA,False,False,False,True
shifted_sensitivity|CivilComments-WILDS|seed=7|fraction=1|gamma=1.01|tau=0.1|lambda=0.7,shifted_sensitivity,CivilComments-WILDS,7,1.0,8000,1.01,0.1,0.7,vera_balanced_envelope,False,,,0.0,True,NA,False,False,False,True
shifted_sensitivity|CivilComments-WILDS|seed=7|fraction=1|gamma=1.01|tau=0.1|lambda=0.7,shifted_sensitivity,CivilComments-WILDS,7,1.0,8000,1.01,0.1,0.7,external_balanced_oracle,True,TaCo::components_removed=5,TaCo,0.0,True,True,False,False,False,True
shifted_sensitivity|CivilComments-WILDS|seed=7|fraction=1|gamma=1.01|tau=0.1|lambda=0.8,shifted_sensitivity,CivilComments-WILDS,7,1.0,8000,1.01,0.1,0.8,always_deploy_balanced,True,TaCo::components_removed=5,TaCo,0.0,True,True,False,False,False,True
shifted_sensitivity|CivilComments-WILDS|seed=7|fraction=1|gamma=1.01|tau=0.1|lambda=0.8,shifted_sensitivity,CivilComments-WILDS,7,1.0,8000,1.01,0.1,0.8,point_selection_balanced,True,TaCo::components_removed=5,TaCo,0.0,True,True,False,False,False,True
shifted_sensitivity|CivilComments-WILDS|seed=7|fraction=1|gamma=1.01|tau=0.1|lambda=0.8,shifted_sensitivity,CivilComments-WILDS,7,1.0,8000,1.01,0.1,0.8,vera_balanced_iut,False,,,0.0,True,NA,False,False,False,True
shifted_sensitivity|CivilComments-WILDS|seed=7|fraction=1|gamma=1.01|tau=0.1|lambda=0.8,shifted_sensitivity,CivilComments-WILDS,7,1.0,8000,1.01,0.1,0.8,vera_balanced_envelope,False,,,0.0,True,NA,False,False,False,True
shifted_sensitivity|CivilComments-WILDS|seed=7|fraction=1|gamma=1.01|tau=0.1|lambda=0.8,shifted_sensitivity,CivilComments-WILDS,7,1.0,8000,1.01,0.1,0.8,external_balanced_oracle,True,TaCo::components_removed=5,TaCo,0.0,True,True,False,False,False,True
shifted_sensitivity|CivilComments-WILDS|seed=7|fraction=1|gamma=1.01|tau=0.2|lambda=0.6,shifted_sensitivity,CivilComments-WILDS,7,1.0,8000,1.01,0.2,0.6,always_deploy_balanced,True,TaCo::components_removed=5,TaCo,0.0,True,False,True,False,False,True
shifted_sensitivity|CivilComments-WILDS|seed=7|fraction=1|gamma=1.01|tau=0.2|lambda=0.6,shifted_sensitivity,CivilComments-WILDS,7,1.0,8000,1.01,0.2,0.6,point_selection_balanced,False,,,0.0,True,NA,False,False,False,True
shifted_sensitivity|CivilComments-WILDS|seed=7|fraction=1|gamma=1.01|tau=0.2|lambda=0.6,shifted_sensitivity,CivilComments-WILDS,7,1.0,8000,1.01,0.2,0.6,vera_balanced_iut,False,,,0.0,True,NA,False,False,False,True
shifted_sensitivity|CivilComments-WILDS|seed=7|fraction=1|gamma=1.01|tau=0.2|lambda=0.6,shifted_sensitivity,CivilComments-WILDS,7,1.0,8000,1.01,0.2,0.6,vera_balanced_envelope,False,,,0.0,True,NA,False,False,False,True
shifted_sensitivity|CivilComments-WILDS|seed=7|fraction=1|gamma=1.01|tau=0.2|lambda=0.6,shifted_sensitivity,CivilComments-WILDS,7,1.0,8000,1.01,0.2,0.6,external_balanced_oracle,False,,,0.0,True,NA,False,False,False,True
shifted_sensitivity|CivilComments-WILDS|seed=7|fraction=1|gamma=1.01|tau=0.2|lambda=0.7,shifted_sensitivity,CivilComments-WILDS,7,1.0,8000,1.01,0.2,0.7,always_deploy_balanced,True,TaCo::components_removed=5,TaCo,1.0038986206054688,True,True,False,False,False,True
shifted_sensitivity|CivilComments-WILDS|seed=7|fraction=1|gamma=1.01|tau=0.2|lambda=0.7,shifted_sensitivity,CivilComments-WILDS,7,1.0,8000,1.01,0.2,0.7,point_selection_balanced,True,TaCo::components_removed=5,TaCo,1.0038986206054688,True,True,False,False,False,True
shifted_sensitivity|CivilComments-WILDS|seed=7|fraction=1|gamma=1.01|tau=0.2|lambda=0.7,shifted_sensitivity,CivilComments-WILDS,7,1.0,8000,1.01,0.2,0.7,vera_balanced_iut,False,,,0.0,True,NA,False,False,False,True
shifted_sensitivity|CivilComments-WILDS|seed=7|fraction=1|gamma=1.01|tau=0.2|lambda=0.7,shifted_sensitivity,CivilComments-WILDS,7,1.0,8000,1.01,0.2,0.7,vera_balanced_envelope,False,,,0.0,True,NA,False,False,False,True
shifted_sensitivity|CivilComments-WILDS|seed=7|fraction=1|gamma=1.01|tau=0.2|lambda=0.7,shifted_sensitivity,CivilComments-WILDS,7,1.0,8000,1.01,0.2,0.7,external_balanced_oracle,True,TaCo::components_removed=5,TaCo,1.0038986206054688,True,True,False,False,False,True
shifted_sensitivity|CivilComments-WILDS|seed=7|fraction=1|gamma=1.01|tau=0.2|lambda=0.8,shifted_sensitivity,CivilComments-WILDS,7,1.0,8000,1.01,0.2,0.8,always_deploy_balanced,True,TaCo::components_removed=5,TaCo,1.0849151611328125,True,True,False,False,False,True
shifted_sensitivity|CivilComments-WILDS|seed=7|fraction=1|gamma=1.01|tau=0.2|lambda=0.8,shifted_sensitivity,CivilComments-WILDS,7,1.0,8000,1.01,0.2,0.8,point_selection_balanced,True,TaCo::components_removed=5,TaCo,1.0849151611328125,True,True,False,False,False,True
shifted_sensitivity|CivilComments-WILDS|seed=7|fraction=1|gamma=1.01|tau=0.2|lambda=0.8,shifted_sensitivity,CivilComments-WILDS,7,1.0,8000,1.01,0.2,0.8,vera_balanced_iut,True,TaCo::components_removed=5,TaCo,1.0849151611328125,True,True,False,False,False,True
shifted_sensitivity|CivilComments-WILDS|seed=7|fraction=1|gamma=1.01|tau=0.2|lambda=0.8,shifted_sensitivity,CivilComments-WILDS,7,1.0,8000,1.01,0.2,0.8,vera_balanced_envelope,True,TaCo::components_removed=5,TaCo,1.0849151611328125,True,True,False,False,False,True
shifted_sensitivity|CivilComments-WILDS|seed=7|fraction=1|gamma=1.01|tau=0.2|lambda=0.8,shifted_sensitivity,CivilComments-WILDS,7,1.0,8000,1.01,0.2,0.8,external_balanced_oracle,True,TaCo::components_removed=5,TaCo,1.0849151611328125,True,True,False,False,False,True
learning_curve|CivilComments-WILDS|seed=8|fraction=0.05|gamma=1|tau=0.05|lambda=0.6,learning_curve,CivilComments-WILDS,8,0.05,398,1.0,0.05,0.6,always_deploy_balanced,True,TaCo::components_removed=1,TaCo,0.0,True,False,True,False,False,True
learning_curve|CivilComments-WILDS|seed=8|fraction=0.05|gamma=1|tau=0.05|lambda=0.6,learning_curve,CivilComments-WILDS,8,0.05,398,1.0,0.05,0.6,point_selection_balanced,False,,,0.0,True,NA,False,False,False,True
learning_curve|CivilComments-WILDS|seed=8|fraction=0.05|gamma=1|tau=0.05|lambda=0.6,learning_curve,CivilComments-WILDS,8,0.05,398,1.0,0.05,0.6,vera_balanced_iut,False,,,0.0,True,NA,False,False,False,True
learning_curve|CivilComments-WILDS|seed=8|fraction=0.05|gamma=1|tau=0.05|lambda=0.6,learning_curve,CivilComments-WILDS,8,0.05,398,1.0,0.05,0.6,vera_balanced_envelope,False,,,0.0,True,NA,False,False,False,True
learning_curve|CivilComments-WILDS|seed=8|fraction=0.05|gamma=1|tau=0.05|lambda=0.6,learning_curve,CivilComments-WILDS,8,0.05,398,1.0,0.05,0.6,external_balanced_oracle,False,,,0.0,True,NA,False,False,False,True
learning_curve|CivilComments-WILDS|seed=8|fraction=0.05|gamma=1|tau=0.05|lambda=0.7,learning_curve,CivilComments-WILDS,8,0.05,398,1.0,0.05,0.7,always_deploy_balanced,True,TaCo::components_removed=1,TaCo,0.0,True,True,False,False,False,True
learning_curve|CivilComments-WILDS|seed=8|fraction=0.05|gamma=1|tau=0.05|lambda=0.7,learning_curve,CivilComments-WILDS,8,0.05,398,1.0,0.05,0.7,point_selection_balanced,True,TaCo::components_removed=1,TaCo,0.0,True,True,False,False,False,True
learning_curve|CivilComments-WILDS|seed=8|fraction=0.05|gamma=1|tau=0.05|lambda=0.7,learning_curve,CivilComments-WILDS,8,0.05,398,1.0,0.05,0.7,vera_balanced_iut,False,,,0.0,True,NA,False,False,False,True
learning_curve|CivilComments-WILDS|seed=8|fraction=0.05|gamma=1|tau=0.05|lambda=0.7,learning_curve,CivilComments-WILDS,8,0.05,398,1.0,0.05,0.7,vera_balanced_envelope,False,,,0.0,True,NA,False,False,False,True
learning_curve|CivilComments-WILDS|seed=8|fraction=0.05|gamma=1|tau=0.05|lambda=0.7,learning_curve,CivilComments-WILDS,8,0.05,398,1.0,0.05,0.7,external_balanced_oracle,True,TaCo::components_removed=1,TaCo,0.0,True,True,False,False,False,True
learning_curve|CivilComments-WILDS|seed=8|fraction=0.05|gamma=1|tau=0.05|lambda=0.8,learning_curve,CivilComments-WILDS,8,0.05,398,1.0,0.05,0.8,always_deploy_balanced,True,TaCo::components_removed=1,TaCo,0.0,True,True,False,False,False,True
learning_curve|CivilComments-WILDS|seed=8|fraction=0.05|gamma=1|tau=0.05|lambda=0.8,learning_curve,CivilComments-WILDS,8,0.05,398,1.0,0.05,0.8,point_selection_balanced,True,TaCo::components_removed=1,TaCo,0.0,True,True,False,False,False,True
learning_curve|CivilComments-WILDS|seed=8|fraction=0.05|gamma=1|tau=0.05|lambda=0.8,learning_curve,CivilComments-WILDS,8,0.05,398,1.0,0.05,0.8,vera_balanced_iut,False,,,0.0,True,NA,False,False,False,True
learning_curve|CivilComments-WILDS|seed=8|fraction=0.05|gamma=1|tau=0.05|lambda=0.8,learning_curve,CivilComments-WILDS,8,0.05,398,1.0,0.05,0.8,vera_balanced_envelope,False,,,0.0,True,NA,False,False,False,True
learning_curve|CivilComments-WILDS|seed=8|fraction=0.05|gamma=1|tau=0.05|lambda=0.8,learning_curve,CivilComments-WILDS,8,0.05,398,1.0,0.05,0.8,external_balanced_oracle,True,TaCo::components_removed=1,TaCo,0.0,True,True,False,False,False,True
learning_curve|CivilComments-WILDS|seed=8|fraction=0.05|gamma=1|tau=0.1|lambda=0.6,learning_curve,CivilComments-WILDS,8,0.05,398,1.0,0.1,0.6,always_deploy_balanced,True,TaCo::components_removed=1,TaCo,0.0,True,False,True,False,False,True
learning_curve|CivilComments-WILDS|seed=8|fraction=0.05|gamma=1|tau=0.1|lambda=0.6,learning_curve,CivilComments-WILDS,8,0.05,398,1.0,0.1,0.6,point_selection_balanced,False,,,0.0,True,NA,False,False,False,True
learning_curve|CivilComments-WILDS|seed=8|fraction=0.05|gamma=1|tau=0.1|lambda=0.6,learning_curve,CivilComments-WILDS,8,0.05,398,1.0,0.1,0.6,vera_balanced_iut,False,,,0.0,True,NA,False,False,False,True
learning_curve|CivilComments-WILDS|seed=8|fraction=0.05|gamma=1|tau=0.1|lambda=0.6,learning_curve,CivilComments-WILDS,8,0.05,398,1.0,0.1,0.6,vera_balanced_envelope,False,,,0.0,True,NA,False,False,False,True
learning_curve|CivilComments-WILDS|seed=8|fraction=0.05|gamma=1|tau=0.1|lambda=0.6,learning_curve,CivilComments-WILDS,8,0.05,398,1.0,0.1,0.6,external_balanced_oracle,False,,,0.0,True,NA,False,False,False,True
learning_curve|CivilComments-WILDS|seed=8|fraction=0.05|gamma=1|tau=0.1|lambda=0.7,learning_curve,CivilComments-WILDS,8,0.05,398,1.0,0.1,0.7,always_deploy_balanced,True,TaCo::components_removed=1,TaCo,0.0,True,True,False,False,False,True
learning_curve|CivilComments-WILDS|seed=8|fraction=0.05|gamma=1|tau=0.1|lambda=0.7,learning_curve,CivilComments-WILDS,8,0.05,398,1.0,0.1,0.7,point_selection_balanced,True,TaCo::components_removed=1,TaCo,0.0,True,True,False,False,False,True
learning_curve|CivilComments-WILDS|seed=8|fraction=0.05|gamma=1|tau=0.1|lambda=0.7,learning_curve,CivilComments-WILDS,8,0.05,398,1.0,0.1,0.7,vera_balanced_iut,False,,,0.0,True,NA,False,False,False,True
learning_curve|CivilComments-WILDS|seed=8|fraction=0.05|gamma=1|tau=0.1|lambda=0.7,learning_curve,CivilComments-WILDS,8,0.05,398,1.0,0.1,0.7,vera_balanced_envelope,False,,,0.0,True,NA,False,False,False,True
learning_curve|CivilComments-WILDS|seed=8|fraction=0.05|gamma=1|tau=0.1|lambda=0.7,learning_curve,CivilComments-WILDS,8,0.05,398,1.0,0.1,0.7,external_balanced_oracle,True,TaCo::components_removed=1,TaCo,0.0,True,True,False,False,False,True
learning_curve|CivilComments-WILDS|seed=8|fraction=0.05|gamma=1|tau=0.1|lambda=0.8,learning_curve,CivilComments-WILDS,8,0.05,398,1.0,0.1,0.8,always_deploy_balanced,True,TaCo::components_removed=1,TaCo,0.0,True,True,False,False,False,True
learning_curve|CivilComments-WILDS|seed=8|fraction=0.05|gamma=1|tau=0.1|lambda=0.8,learning_curve,CivilComments-WILDS,8,0.05,398,1.0,0.1,0.8,point_selection_balanced,True,TaCo::components_removed=1,TaCo,0.0,True,True,False,False,False,True
learning_curve|CivilComments-WILDS|seed=8|fraction=0.05|gamma=1|tau=0.1|lambda=0.8,learning_curve,CivilComments-WILDS,8,0.05,398,1.0,0.1,0.8,vera_balanced_iut,False,,,0.0,True,NA,False,False,False,True
learning_curve|CivilComments-WILDS|seed=8|fraction=0.05|gamma=1|tau=0.1|lambda=0.8,learning_curve,CivilComments-WILDS,8,0.05,398,1.0,0.1,0.8,vera_balanced_envelope,False,,,0.0,True,NA,False,False,False,True
learning_curve|CivilComments-WILDS|seed=8|fraction=0.05|gamma=1|tau=0.1|lambda=0.8,learning_curve,CivilComments-WILDS,8,0.05,398,1.0,0.1,0.8,external_balanced_oracle,True,TaCo::components_removed=1,TaCo,0.0,True,True,False,False,False,True
learning_curve|CivilComments-WILDS|seed=8|fraction=0.05|gamma=1|tau=0.2|lambda=0.6,learning_curve,CivilComments-WILDS,8,0.05,398,1.0,0.2,0.6,always_deploy_balanced,True,TaCo::components_removed=1,TaCo,0.0,True,False,True,False,False,True
learning_curve|CivilComments-WILDS|seed=8|fraction=0.05|gamma=1|tau=0.2|lambda=0.6,learning_curve,CivilComments-WILDS,8,0.05,398,1.0,0.2,0.6,point_selection_balanced,False,,,0.0,True,NA,False,False,False,True
learning_curve|CivilComments-WILDS|seed=8|fraction=0.05|gamma=1|tau=0.2|lambda=0.6,learning_curve,CivilComments-WILDS,8,0.05,398,1.0,0.2,0.6,vera_balanced_iut,False,,,0.0,True,NA,False,False,False,True
learning_curve|CivilComments-WILDS|seed=8|fraction=0.05|gamma=1|tau=0.2|lambda=0.6,learning_curve,CivilComments-WILDS,8,0.05,398,1.0,0.2,0.6,vera_balanced_envelope,False,,,0.0,True,NA,False,False,False,True
learning_curve|CivilComments-WILDS|seed=8|fraction=0.05|gamma=1|tau=0.2|lambda=0.6,learning_curve,CivilComments-WILDS,8,0.05,398,1.0,0.2,0.6,external_balanced_oracle,False,,,0.0,True,NA,False,False,False,True
learning_curve|CivilComments-WILDS|seed=8|fraction=0.05|gamma=1|tau=0.2|lambda=0.7,learning_curve,CivilComments-WILDS,8,0.05,398,1.0,0.2,0.7,always_deploy_balanced,True,TaCo::components_removed=1,TaCo,0.0,True,True,False,False,False,True
learning_curve|CivilComments-WILDS|seed=8|fraction=0.05|gamma=1|tau=0.2|lambda=0.7,learning_curve,CivilComments-WILDS,8,0.05,398,1.0,0.2,0.7,point_selection_balanced,True,TaCo::components_removed=1,TaCo,0.0,True,True,False,False,False,True
learning_curve|CivilComments-WILDS|seed=8|fraction=0.05|gamma=1|tau=0.2|lambda=0.7,learning_curve,CivilComments-WILDS,8,0.05,398,1.0,0.2,0.7,vera_balanced_iut,False,,,0.0,True,NA,False,False,False,True
learning_curve|CivilComments-WILDS|seed=8|fraction=0.05|gamma=1|tau=0.2|lambda=0.7,learning_curve,CivilComments-WILDS,8,0.05,398,1.0,0.2,0.7,vera_balanced_envelope,False,,,0.0,True,NA,False,False,False,True
learning_curve|CivilComments-WILDS|seed=8|fraction=0.05|gamma=1|tau=0.2|lambda=0.7,learning_curve,CivilComments-WILDS,8,0.05,398,1.0,0.2,0.7,external_balanced_oracle,True,TaCo::components_removed=1,TaCo,0.0,True,True,False,False,False,True
learning_curve|CivilComments-WILDS|seed=8|fraction=0.05|gamma=1|tau=0.2|lambda=0.8,learning_curve,CivilComments-WILDS,8,0.05,398,1.0,0.2,0.8,always_deploy_balanced,True,TaCo::components_removed=1,TaCo,0.0,True,True,False,False,False,True
learning_curve|CivilComments-WILDS|seed=8|fraction=0.05|gamma=1|tau=0.2|lambda=0.8,learning_curve,CivilComments-WILDS,8,0.05,398,1.0,0.2,0.8,point_selection_balanced,True,TaCo::components_removed=1,TaCo,0.0,True,True,False,False,False,True
learning_curve|CivilComments-WILDS|seed=8|fraction=0.05|gamma=1|tau=0.2|lambda=0.8,learning_curve,CivilComments-WILDS,8,0.05,398,1.0,0.2,0.8,vera_balanced_iut,False,,,0.0,True,NA,False,False,False,True
learning_curve|CivilComments-WILDS|seed=8|fraction=0.05|gamma=1|tau=0.2|lambda=0.8,learning_curve,CivilComments-WILDS,8,0.05,398,1.0,0.2,0.8,vera_balanced_envelope,False,,,0.0,True,NA,False,False,False,True
learning_curve|CivilComments-WILDS|seed=8|fraction=0.05|gamma=1|tau=0.2|lambda=0.8,learning_curve,CivilComments-WILDS,8,0.05,398,1.0,0.2,0.8,external_balanced_oracle,True,TaCo::components_removed=1,TaCo,0.0,True,True,False,False,False,True
learning_curve|CivilComments-WILDS|seed=8|fraction=0.1|gamma=1|tau=0.05|lambda=0.6,learning_curve,CivilComments-WILDS,8,0.1,798,1.0,0.05,0.6,always_deploy_balanced,True,TaCo::components_removed=1,TaCo,0.0,True,False,True,False,False,True
learning_curve|CivilComments-WILDS|seed=8|fraction=0.1|gamma=1|tau=0.05|lambda=0.6,learning_curve,CivilComments-WILDS,8,0.1,798,1.0,0.05,0.6,point_selection_balanced,False,,,0.0,True,NA,False,False,False,True
learning_curve|CivilComments-WILDS|seed=8|fraction=0.1|gamma=1|tau=0.05|lambda=0.6,learning_curve,CivilComments-WILDS,8,0.1,798,1.0,0.05,0.6,vera_balanced_iut,False,,,0.0,True,NA,False,False,False,True
learning_curve|CivilComments-WILDS|seed=8|fraction=0.1|gamma=1|tau=0.05|lambda=0.6,learning_curve,CivilComments-WILDS,8,0.1,798,1.0,0.05,0.6,vera_balanced_envelope,False,,,0.0,True,NA,False,False,False,True
learning_curve|CivilComments-WILDS|seed=8|fraction=0.1|gamma=1|tau=0.05|lambda=0.6,learning_curve,CivilComments-WILDS,8,0.1,798,1.0,0.05,0.6,external_balanced_oracle,False,,,0.0,True,NA,False,False,False,True
learning_curve|CivilComments-WILDS|seed=8|fraction=0.1|gamma=1|tau=0.05|lambda=0.7,learning_curve,CivilComments-WILDS,8,0.1,798,1.0,0.05,0.7,always_deploy_balanced,True,TaCo::components_removed=1,TaCo,0.0,True,True,False,False,False,True
learning_curve|CivilComments-WILDS|seed=8|fraction=0.1|gamma=1|tau=0.05|lambda=0.7,learning_curve,CivilComments-WILDS,8,0.1,798,1.0,0.05,0.7,point_selection_balanced,False,,,0.0,True,NA,False,False,False,True
learning_curve|CivilComments-WILDS|seed=8|fraction=0.1|gamma=1|tau=0.05|lambda=0.7,learning_curve,CivilComments-WILDS,8,0.1,798,1.0,0.05,0.7,vera_balanced_iut,False,,,0.0,True,NA,False,False,False,True
learning_curve|CivilComments-WILDS|seed=8|fraction=0.1|gamma=1|tau=0.05|lambda=0.7,learning_curve,CivilComments-WILDS,8,0.1,798,1.0,0.05,0.7,vera_balanced_envelope,False,,,0.0,True,NA,False,False,False,True
learning_curve|CivilComments-WILDS|seed=8|fraction=0.1|gamma=1|tau=0.05|lambda=0.7,learning_curve,CivilComments-WILDS,8,0.1,798,1.0,0.05,0.7,external_balanced_oracle,True,TaCo::components_removed=1,TaCo,0.0,True,True,False,False,False,True
learning_curve|CivilComments-WILDS|seed=8|fraction=0.1|gamma=1|tau=0.05|lambda=0.8,learning_curve,CivilComments-WILDS,8,0.1,798,1.0,0.05,0.8,always_deploy_balanced,True,TaCo::components_removed=1,TaCo,0.0,True,True,False,False,False,True
learning_curve|CivilComments-WILDS|seed=8|fraction=0.1|gamma=1|tau=0.05|lambda=0.8,learning_curve,CivilComments-WILDS,8,0.1,798,1.0,0.05,0.8,point_selection_balanced,True,LEACE::closed_form,LEACE,0.0,True,False,True,False,False,True
learning_curve|CivilComments-WILDS|seed=8|fraction=0.1|gamma=1|tau=0.05|lambda=0.8,learning_curve,CivilComments-WILDS,8,0.1,798,1.0,0.05,0.8,vera_balanced_iut,False,,,0.0,True,NA,False,False,False,True
learning_curve|CivilComments-WILDS|seed=8|fraction=0.1|gamma=1|tau=0.05|lambda=0.8,learning_curve,CivilComments-WILDS,8,0.1,798,1.0,0.05,0.8,vera_balanced_envelope,False,,,0.0,True,NA,False,False,False,True
learning_curve|CivilComments-WILDS|seed=8|fraction=0.1|gamma=1|tau=0.05|lambda=0.8,learning_curve,CivilComments-WILDS,8,0.1,798,1.0,0.05,0.8,external_balanced_oracle,True,TaCo::components_removed=1,TaCo,0.0,True,True,False,False,False,True
learning_curve|CivilComments-WILDS|seed=8|fraction=0.1|gamma=1|tau=0.1|lambda=0.6,learning_curve,CivilComments-WILDS,8,0.1,798,1.0,0.1,0.6,always_deploy_balanced,True,TaCo::components_removed=1,TaCo,0.0,True,False,True,False,False,True
learning_curve|CivilComments-WILDS|seed=8|fraction=0.1|gamma=1|tau=0.1|lambda=0.6,learning_curve,CivilComments-WILDS,8,0.1,798,1.0,0.1,0.6,point_selection_balanced,False,,,0.0,True,NA,False,False,False,True
learning_curve|CivilComments-WILDS|seed=8|fraction=0.1|gamma=1|tau=0.1|lambda=0.6,learning_curve,CivilComments-WILDS,8,0.1,798,1.0,0.1,0.6,vera_balanced_iut,False,,,0.0,True,NA,False,False,False,True
learning_curve|CivilComments-WILDS|seed=8|fraction=0.1|gamma=1|tau=0.1|lambda=0.6,learning_curve,CivilComments-WILDS,8,0.1,798,1.0,0.1,0.6,vera_balanced_envelope,False,,,0.0,True,NA,False,False,False,True
learning_curve|CivilComments-WILDS|seed=8|fraction=0.1|gamma=1|tau=0.1|lambda=0.6,learning_curve,CivilComments-WILDS,8,0.1,798,1.0,0.1,0.6,external_balanced_oracle,False,,,0.0,True,NA,False,False,False,True
learning_curve|CivilComments-WILDS|seed=8|fraction=0.1|gamma=1|tau=0.1|lambda=0.7,learning_curve,CivilComments-WILDS,8,0.1,798,1.0,0.1,0.7,always_deploy_balanced,True,TaCo::components_removed=1,TaCo,0.0,True,True,False,False,False,True
learning_curve|CivilComments-WILDS|seed=8|fraction=0.1|gamma=1|tau=0.1|lambda=0.7,learning_curve,CivilComments-WILDS,8,0.1,798,1.0,0.1,0.7,point_selection_balanced,True,TaCo::components_removed=1,TaCo,0.0,True,True,False,False,False,True
learning_curve|CivilComments-WILDS|seed=8|fraction=0.1|gamma=1|tau=0.1|lambda=0.7,learning_curve,CivilComments-WILDS,8,0.1,798,1.0,0.1,0.7,vera_balanced_iut,False,,,0.0,True,NA,False,False,False,True
learning_curve|CivilComments-WILDS|seed=8|fraction=0.1|gamma=1|tau=0.1|lambda=0.7,learning_curve,CivilComments-WILDS,8,0.1,798,1.0,0.1,0.7,vera_balanced_envelope,False,,,0.0,True,NA,False,False,False,True
learning_curve|CivilComments-WILDS|seed=8|fraction=0.1|gamma=1|tau=0.1|lambda=0.7,learning_curve,CivilComments-WILDS,8,0.1,798,1.0,0.1,0.7,external_balanced_oracle,True,TaCo::components_removed=1,TaCo,0.0,True,True,False,False,False,True
learning_curve|CivilComments-WILDS|seed=8|fraction=0.1|gamma=1|tau=0.1|lambda=0.8,learning_curve,CivilComments-WILDS,8,0.1,798,1.0,0.1,0.8,always_deploy_balanced,True,TaCo::components_removed=1,TaCo,0.0,True,True,False,False,False,True
learning_curve|CivilComments-WILDS|seed=8|fraction=0.1|gamma=1|tau=0.1|lambda=0.8,learning_curve,CivilComments-WILDS,8,0.1,798,1.0,0.1,0.8,point_selection_balanced,True,TaCo::components_removed=1,TaCo,0.0,True,True,False,False,False,True
learning_curve|CivilComments-WILDS|seed=8|fraction=0.1|gamma=1|tau=0.1|lambda=0.8,learning_curve,CivilComments-WILDS,8,0.1,798,1.0,0.1,0.8,vera_balanced_iut,False,,,0.0,True,NA,False,False,False,True
learning_curve|CivilComments-WILDS|seed=8|fraction=0.1|gamma=1|tau=0.1|lambda=0.8,learning_curve,CivilComments-WILDS,8,0.1,798,1.0,0.1,0.8,vera_balanced_envelope,False,,,0.0,True,NA,False,False,False,True
learning_curve|CivilComments-WILDS|seed=8|fraction=0.1|gamma=1|tau=0.1|lambda=0.8,learning_curve,CivilComments-WILDS,8,0.1,798,1.0,0.1,0.8,external_balanced_oracle,True,TaCo::components_removed=1,TaCo,0.0,True,True,False,False,False,True
learning_curve|CivilComments-WILDS|seed=8|fraction=0.1|gamma=1|tau=0.2|lambda=0.6,learning_curve,CivilComments-WILDS,8,0.1,798,1.0,0.2,0.6,always_deploy_balanced,True,TaCo::components_removed=1,TaCo,0.0,True,False,True,False,False,True
learning_curve|CivilComments-WILDS|seed=8|fraction=0.1|gamma=1|tau=0.2|lambda=0.6,learning_curve,CivilComments-WILDS,8,0.1,798,1.0,0.2,0.6,point_selection_balanced,False,,,0.0,True,NA,False,False,False,True
learning_curve|CivilComments-WILDS|seed=8|fraction=0.1|gamma=1|tau=0.2|lambda=0.6,learning_curve,CivilComments-WILDS,8,0.1,798,1.0,0.2,0.6,vera_balanced_iut,False,,,0.0,True,NA,False,False,False,True
learning_curve|CivilComments-WILDS|seed=8|fraction=0.1|gamma=1|tau=0.2|lambda=0.6,learning_curve,CivilComments-WILDS,8,0.1,798,1.0,0.2,0.6,vera_balanced_envelope,False,,,0.0,True,NA,False,False,False,True
learning_curve|CivilComments-WILDS|seed=8|fraction=0.1|gamma=1|tau=0.2|lambda=0.6,learning_curve,CivilComments-WILDS,8,0.1,798,1.0,0.2,0.6,external_balanced_oracle,False,,,0.0,True,NA,False,False,False,True
learning_curve|CivilComments-WILDS|seed=8|fraction=0.1|gamma=1|tau=0.2|lambda=0.7,learning_curve,CivilComments-WILDS,8,0.1,798,1.0,0.2,0.7,always_deploy_balanced,True,TaCo::components_removed=1,TaCo,0.0,True,True,False,False,False,True
learning_curve|CivilComments-WILDS|seed=8|fraction=0.1|gamma=1|tau=0.2|lambda=0.7,learning_curve,CivilComments-WILDS,8,0.1,798,1.0,0.2,0.7,point_selection_balanced,True,TaCo::components_removed=1,TaCo,0.0,True,True,False,False,False,True
learning_curve|CivilComments-WILDS|seed=8|fraction=0.1|gamma=1|tau=0.2|lambda=0.7,learning_curve,CivilComments-WILDS,8,0.1,798,1.0,0.2,0.7,vera_balanced_iut,True,TaCo::components_removed=1,TaCo,0.0,True,True,False,False,False,True
learning_curve|CivilComments-WILDS|seed=8|fraction=0.1|gamma=1|tau=0.2|lambda=0.7,learning_curve,CivilComments-WILDS,8,0.1,798,1.0,0.2,0.7,vera_balanced_envelope,False,,,0.0,True,NA,False,False,False,True
learning_curve|CivilComments-WILDS|seed=8|fraction=0.1|gamma=1|tau=0.2|lambda=0.7,learning_curve,CivilComments-WILDS,8,0.1,798,1.0,0.2,0.7,external_balanced_oracle,True,TaCo::components_removed=1,TaCo,0.0,True,True,False,False,False,True
learning_curve|CivilComments-WILDS|seed=8|fraction=0.1|gamma=1|tau=0.2|lambda=0.8,learning_curve,CivilComments-WILDS,8,0.1,798,1.0,0.2,0.8,always_deploy_balanced,True,TaCo::components_removed=1,TaCo,1.0033645629882812,True,True,False,False,False,True
learning_curve|CivilComments-WILDS|seed=8|fraction=0.1|gamma=1|tau=0.2|lambda=0.8,learning_curve,CivilComments-WILDS,8,0.1,798,1.0,0.2,0.8,point_selection_balanced,True,TaCo::components_removed=1,TaCo,1.0033645629882812,True,True,False,False,False,True
learning_curve|CivilComments-WILDS|seed=8|fraction=0.1|gamma=1|tau=0.2|lambda=0.8,learning_curve,CivilComments-WILDS,8,0.1,798,1.0,0.2,0.8,vera_balanced_iut,True,TaCo::components_removed=1,TaCo,1.0033645629882812,True,True,False,False,False,True
learning_curve|CivilComments-WILDS|seed=8|fraction=0.1|gamma=1|tau=0.2|lambda=0.8,learning_curve,CivilComments-WILDS,8,0.1,798,1.0,0.2,0.8,vera_balanced_envelope,True,TaCo::components_removed=1,TaCo,1.0033645629882812,True,True,False,False,False,True
learning_curve|CivilComments-WILDS|seed=8|fraction=0.1|gamma=1|tau=0.2|lambda=0.8,learning_curve,CivilComments-WILDS,8,0.1,798,1.0,0.2,0.8,external_balanced_oracle,True,TaCo::components_removed=1,TaCo,1.0033645629882812,True,True,False,False,False,True
learning_curve|CivilComments-WILDS|seed=8|fraction=0.25|gamma=1|tau=0.05|lambda=0.6,learning_curve,CivilComments-WILDS,8,0.25,1998,1.0,0.05,0.6,always_deploy_balanced,True,TaCo::components_removed=3,TaCo,0.0,True,False,True,False,False,True
learning_curve|CivilComments-WILDS|seed=8|fraction=0.25|gamma=1|tau=0.05|lambda=0.6,learning_curve,CivilComments-WILDS,8,0.25,1998,1.0,0.05,0.6,point_selection_balanced,False,,,0.0,True,NA,False,False,False,True
learning_curve|CivilComments-WILDS|seed=8|fraction=0.25|gamma=1|tau=0.05|lambda=0.6,learning_curve,CivilComments-WILDS,8,0.25,1998,1.0,0.05,0.6,vera_balanced_iut,False,,,0.0,True,NA,False,False,False,True
learning_curve|CivilComments-WILDS|seed=8|fraction=0.25|gamma=1|tau=0.05|lambda=0.6,learning_curve,CivilComments-WILDS,8,0.25,1998,1.0,0.05,0.6,vera_balanced_envelope,False,,,0.0,True,NA,False,False,False,True
learning_curve|CivilComments-WILDS|seed=8|fraction=0.25|gamma=1|tau=0.05|lambda=0.6,learning_curve,CivilComments-WILDS,8,0.25,1998,1.0,0.05,0.6,external_balanced_oracle,False,,,0.0,True,NA,False,False,False,True
learning_curve|CivilComments-WILDS|seed=8|fraction=0.25|gamma=1|tau=0.05|lambda=0.7,learning_curve,CivilComments-WILDS,8,0.25,1998,1.0,0.05,0.7,always_deploy_balanced,True,TaCo::components_removed=3,TaCo,0.0,True,True,False,False,False,True
learning_curve|CivilComments-WILDS|seed=8|fraction=0.25|gamma=1|tau=0.05|lambda=0.7,learning_curve,CivilComments-WILDS,8,0.25,1998,1.0,0.05,0.7,point_selection_balanced,True,TaCo::components_removed=3,TaCo,0.0,True,True,False,False,False,True
learning_curve|CivilComments-WILDS|seed=8|fraction=0.25|gamma=1|tau=0.05|lambda=0.7,learning_curve,CivilComments-WILDS,8,0.25,1998,1.0,0.05,0.7,vera_balanced_iut,False,,,0.0,True,NA,False,False,False,True
learning_curve|CivilComments-WILDS|seed=8|fraction=0.25|gamma=1|tau=0.05|lambda=0.7,learning_curve,CivilComments-WILDS,8,0.25,1998,1.0,0.05,0.7,vera_balanced_envelope,False,,,0.0,True,NA,False,False,False,True
learning_curve|CivilComments-WILDS|seed=8|fraction=0.25|gamma=1|tau=0.05|lambda=0.7,learning_curve,CivilComments-WILDS,8,0.25,1998,1.0,0.05,0.7,external_balanced_oracle,True,TaCo::components_removed=3,TaCo,0.0,True,True,False,False,False,True
learning_curve|CivilComments-WILDS|seed=8|fraction=0.25|gamma=1|tau=0.05|lambda=0.8,learning_curve,CivilComments-WILDS,8,0.25,1998,1.0,0.05,0.8,always_deploy_balanced,True,TaCo::components_removed=3,TaCo,0.0,True,True,False,False,False,True
learning_curve|CivilComments-WILDS|seed=8|fraction=0.25|gamma=1|tau=0.05|lambda=0.8,learning_curve,CivilComments-WILDS,8,0.25,1998,1.0,0.05,0.8,point_selection_balanced,True,TaCo::components_removed=3,TaCo,0.0,True,True,False,False,False,True
learning_curve|CivilComments-WILDS|seed=8|fraction=0.25|gamma=1|tau=0.05|lambda=0.8,learning_curve,CivilComments-WILDS,8,0.25,1998,1.0,0.05,0.8,vera_balanced_iut,False,,,0.0,True,NA,False,False,False,True
learning_curve|CivilComments-WILDS|seed=8|fraction=0.25|gamma=1|tau=0.05|lambda=0.8,learning_curve,CivilComments-WILDS,8,0.25,1998,1.0,0.05,0.8,vera_balanced_envelope,False,,,0.0,True,NA,False,False,False,True
learning_curve|CivilComments-WILDS|seed=8|fraction=0.25|gamma=1|tau=0.05|lambda=0.8,learning_curve,CivilComments-WILDS,8,0.25,1998,1.0,0.05,0.8,external_balanced_oracle,True,TaCo::components_removed=3,TaCo,0.0,True,True,False,False,False,True
learning_curve|CivilComments-WILDS|seed=8|fraction=0.25|gamma=1|tau=0.1|lambda=0.6,learning_curve,CivilComments-WILDS,8,0.25,1998,1.0,0.1,0.6,always_deploy_balanced,True,TaCo::components_removed=3,TaCo,0.0,True,False,True,False,False,True
learning_curve|CivilComments-WILDS|seed=8|fraction=0.25|gamma=1|tau=0.1|lambda=0.6,learning_curve,CivilComments-WILDS,8,0.25,1998,1.0,0.1,0.6,point_selection_balanced,False,,,0.0,True,NA,False,False,False,True
learning_curve|CivilComments-WILDS|seed=8|fraction=0.25|gamma=1|tau=0.1|lambda=0.6,learning_curve,CivilComments-WILDS,8,0.25,1998,1.0,0.1,0.6,vera_balanced_iut,False,,,0.0,True,NA,False,False,False,True
learning_curve|CivilComments-WILDS|seed=8|fraction=0.25|gamma=1|tau=0.1|lambda=0.6,learning_curve,CivilComments-WILDS,8,0.25,1998,1.0,0.1,0.6,vera_balanced_envelope,False,,,0.0,True,NA,False,False,False,True
learning_curve|CivilComments-WILDS|seed=8|fraction=0.25|gamma=1|tau=0.1|lambda=0.6,learning_curve,CivilComments-WILDS,8,0.25,1998,1.0,0.1,0.6,external_balanced_oracle,False,,,0.0,True,NA,False,False,False,True
learning_curve|CivilComments-WILDS|seed=8|fraction=0.25|gamma=1|tau=0.1|lambda=0.7,learning_curve,CivilComments-WILDS,8,0.25,1998,1.0,0.1,0.7,always_deploy_balanced,True,TaCo::components_removed=3,TaCo,0.0,True,True,False,False,False,True
learning_curve|CivilComments-WILDS|seed=8|fraction=0.25|gamma=1|tau=0.1|lambda=0.7,learning_curve,CivilComments-WILDS,8,0.25,1998,1.0,0.1,0.7,point_selection_balanced,True,TaCo::components_removed=3,TaCo,0.0,True,True,False,False,False,True
learning_curve|CivilComments-WILDS|seed=8|fraction=0.25|gamma=1|tau=0.1|lambda=0.7,learning_curve,CivilComments-WILDS,8,0.25,1998,1.0,0.1,0.7,vera_balanced_iut,False,,,0.0,True,NA,False,False,False,True
learning_curve|CivilComments-WILDS|seed=8|fraction=0.25|gamma=1|tau=0.1|lambda=0.7,learning_curve,CivilComments-WILDS,8,0.25,1998,1.0,0.1,0.7,vera_balanced_envelope,False,,,0.0,True,NA,False,False,False,True
learning_curve|CivilComments-WILDS|seed=8|fraction=0.25|gamma=1|tau=0.1|lambda=0.7,learning_curve,CivilComments-WILDS,8,0.25,1998,1.0,0.1,0.7,external_balanced_oracle,True,TaCo::components_removed=3,TaCo,0.0,True,True,False,False,False,True
learning_curve|CivilComments-WILDS|seed=8|fraction=0.25|gamma=1|tau=0.1|lambda=0.8,learning_curve,CivilComments-WILDS,8,0.25,1998,1.0,0.1,0.8,always_deploy_balanced,True,TaCo::components_removed=3,TaCo,0.0,True,True,False,False,False,True
learning_curve|CivilComments-WILDS|seed=8|fraction=0.25|gamma=1|tau=0.1|lambda=0.8,learning_curve,CivilComments-WILDS,8,0.25,1998,1.0,0.1,0.8,point_selection_balanced,True,TaCo::components_removed=3,TaCo,0.0,True,True,False,False,False,True
learning_curve|CivilComments-WILDS|seed=8|fraction=0.25|gamma=1|tau=0.1|lambda=0.8,learning_curve,CivilComments-WILDS,8,0.25,1998,1.0,0.1,0.8,vera_balanced_iut,True,"MANCE++::epsilon=0.05,steps=3",MANCE++,0.0,True,True,False,False,False,True
learning_curve|CivilComments-WILDS|seed=8|fraction=0.25|gamma=1|tau=0.1|lambda=0.8,learning_curve,CivilComments-WILDS,8,0.25,1998,1.0,0.1,0.8,vera_balanced_envelope,False,,,0.0,True,NA,False,False,False,True
learning_curve|CivilComments-WILDS|seed=8|fraction=0.25|gamma=1|tau=0.1|lambda=0.8,learning_curve,CivilComments-WILDS,8,0.25,1998,1.0,0.1,0.8,external_balanced_oracle,True,TaCo::components_removed=3,TaCo,0.0,True,True,False,False,False,True
learning_curve|CivilComments-WILDS|seed=8|fraction=0.25|gamma=1|tau=0.2|lambda=0.6,learning_curve,CivilComments-WILDS,8,0.25,1998,1.0,0.2,0.6,always_deploy_balanced,True,TaCo::components_removed=3,TaCo,0.0,True,False,True,False,False,True
learning_curve|CivilComments-WILDS|seed=8|fraction=0.25|gamma=1|tau=0.2|lambda=0.6,learning_curve,CivilComments-WILDS,8,0.25,1998,1.0,0.2,0.6,point_selection_balanced,False,,,0.0,True,NA,False,False,False,True
learning_curve|CivilComments-WILDS|seed=8|fraction=0.25|gamma=1|tau=0.2|lambda=0.6,learning_curve,CivilComments-WILDS,8,0.25,1998,1.0,0.2,0.6,vera_balanced_iut,False,,,0.0,True,NA,False,False,False,True
learning_curve|CivilComments-WILDS|seed=8|fraction=0.25|gamma=1|tau=0.2|lambda=0.6,learning_curve,CivilComments-WILDS,8,0.25,1998,1.0,0.2,0.6,vera_balanced_envelope,False,,,0.0,True,NA,False,False,False,True
learning_curve|CivilComments-WILDS|seed=8|fraction=0.25|gamma=1|tau=0.2|lambda=0.6,learning_curve,CivilComments-WILDS,8,0.25,1998,1.0,0.2,0.6,external_balanced_oracle,False,,,0.0,True,NA,False,False,False,True
learning_curve|CivilComments-WILDS|seed=8|fraction=0.25|gamma=1|tau=0.2|lambda=0.7,learning_curve,CivilComments-WILDS,8,0.25,1998,1.0,0.2,0.7,always_deploy_balanced,True,TaCo::components_removed=3,TaCo,1.0095596313476562,True,True,False,False,False,True
learning_curve|CivilComments-WILDS|seed=8|fraction=0.25|gamma=1|tau=0.2|lambda=0.7,learning_curve,CivilComments-WILDS,8,0.25,1998,1.0,0.2,0.7,point_selection_balanced,True,TaCo::components_removed=3,TaCo,1.0095596313476562,True,True,False,False,False,True
learning_curve|CivilComments-WILDS|seed=8|fraction=0.25|gamma=1|tau=0.2|lambda=0.7,learning_curve,CivilComments-WILDS,8,0.25,1998,1.0,0.2,0.7,vera_balanced_iut,True,TaCo::components_removed=3,TaCo,1.0095596313476562,True,True,False,False,False,True
learning_curve|CivilComments-WILDS|seed=8|fraction=0.25|gamma=1|tau=0.2|lambda=0.7,learning_curve,CivilComments-WILDS,8,0.25,1998,1.0,0.2,0.7,vera_balanced_envelope,True,TaCo::components_removed=3,TaCo,1.0095596313476562,True,True,False,False,False,True
learning_curve|CivilComments-WILDS|seed=8|fraction=0.25|gamma=1|tau=0.2|lambda=0.7,learning_curve,CivilComments-WILDS,8,0.25,1998,1.0,0.2,0.7,external_balanced_oracle,True,TaCo::components_removed=3,TaCo,1.0095596313476562,True,True,False,False,False,True
learning_curve|CivilComments-WILDS|seed=8|fraction=0.25|gamma=1|tau=0.2|lambda=0.8,learning_curve,CivilComments-WILDS,8,0.25,1998,1.0,0.2,0.8,always_deploy_balanced,True,TaCo::components_removed=3,TaCo,1.051483154296875,True,True,False,False,False,True
learning_curve|CivilComments-WILDS|seed=8|fraction=0.25|gamma=1|tau=0.2|lambda=0.8,learning_curve,CivilComments-WILDS,8,0.25,1998,1.0,0.2,0.8,point_selection_balanced,True,TaCo::components_removed=3,TaCo,1.051483154296875,True,True,False,False,False,True
learning_curve|CivilComments-WILDS|seed=8|fraction=0.25|gamma=1|tau=0.2|lambda=0.8,learning_curve,CivilComments-WILDS,8,0.25,1998,1.0,0.2,0.8,vera_balanced_iut,True,TaCo::components_removed=3,TaCo,1.051483154296875,True,True,False,False,False,True
learning_curve|CivilComments-WILDS|seed=8|fraction=0.25|gamma=1|tau=0.2|lambda=0.8,learning_curve,CivilComments-WILDS,8,0.25,1998,1.0,0.2,0.8,vera_balanced_envelope,True,TaCo::components_removed=3,TaCo,1.051483154296875,True,True,False,False,False,True
learning_curve|CivilComments-WILDS|seed=8|fraction=0.25|gamma=1|tau=0.2|lambda=0.8,learning_curve,CivilComments-WILDS,8,0.25,1998,1.0,0.2,0.8,external_balanced_oracle,True,TaCo::components_removed=3,TaCo,1.051483154296875,True,True,False,False,False,True
learning_curve|CivilComments-WILDS|seed=8|fraction=0.5|gamma=1|tau=0.05|lambda=0.6,learning_curve,CivilComments-WILDS,8,0.5,3999,1.0,0.05,0.6,always_deploy_balanced,True,TaCo::components_removed=5,TaCo,0.0,True,False,True,False,False,True
learning_curve|CivilComments-WILDS|seed=8|fraction=0.5|gamma=1|tau=0.05|lambda=0.6,learning_curve,CivilComments-WILDS,8,0.5,3999,1.0,0.05,0.6,point_selection_balanced,False,,,0.0,True,NA,False,False,False,True
learning_curve|CivilComments-WILDS|seed=8|fraction=0.5|gamma=1|tau=0.05|lambda=0.6,learning_curve,CivilComments-WILDS,8,0.5,3999,1.0,0.05,0.6,vera_balanced_iut,False,,,0.0,True,NA,False,False,False,True
learning_curve|CivilComments-WILDS|seed=8|fraction=0.5|gamma=1|tau=0.05|lambda=0.6,learning_curve,CivilComments-WILDS,8,0.5,3999,1.0,0.05,0.6,vera_balanced_envelope,False,,,0.0,True,NA,False,False,False,True
learning_curve|CivilComments-WILDS|seed=8|fraction=0.5|gamma=1|tau=0.05|lambda=0.6,learning_curve,CivilComments-WILDS,8,0.5,3999,1.0,0.05,0.6,external_balanced_oracle,False,,,0.0,True,NA,False,False,False,True
learning_curve|CivilComments-WILDS|seed=8|fraction=0.5|gamma=1|tau=0.05|lambda=0.7,learning_curve,CivilComments-WILDS,8,0.5,3999,1.0,0.05,0.7,always_deploy_balanced,True,TaCo::components_removed=5,TaCo,0.0,True,True,False,False,False,True
learning_curve|CivilComments-WILDS|seed=8|fraction=0.5|gamma=1|tau=0.05|lambda=0.7,learning_curve,CivilComments-WILDS,8,0.5,3999,1.0,0.05,0.7,point_selection_balanced,True,TaCo::components_removed=5,TaCo,0.0,True,True,False,False,False,True
learning_curve|CivilComments-WILDS|seed=8|fraction=0.5|gamma=1|tau=0.05|lambda=0.7,learning_curve,CivilComments-WILDS,8,0.5,3999,1.0,0.05,0.7,vera_balanced_iut,False,,,0.0,True,NA,False,False,False,True
learning_curve|CivilComments-WILDS|seed=8|fraction=0.5|gamma=1|tau=0.05|lambda=0.7,learning_curve,CivilComments-WILDS,8,0.5,3999,1.0,0.05,0.7,vera_balanced_envelope,False,,,0.0,True,NA,False,False,False,True
learning_curve|CivilComments-WILDS|seed=8|fraction=0.5|gamma=1|tau=0.05|lambda=0.7,learning_curve,CivilComments-WILDS,8,0.5,3999,1.0,0.05,0.7,external_balanced_oracle,True,TaCo::components_removed=5,TaCo,0.0,True,True,False,False,False,True
learning_curve|CivilComments-WILDS|seed=8|fraction=0.5|gamma=1|tau=0.05|lambda=0.8,learning_curve,CivilComments-WILDS,8,0.5,3999,1.0,0.05,0.8,always_deploy_balanced,True,TaCo::components_removed=5,TaCo,0.0,True,True,False,False,False,True
learning_curve|CivilComments-WILDS|seed=8|fraction=0.5|gamma=1|tau=0.05|lambda=0.8,learning_curve,CivilComments-WILDS,8,0.5,3999,1.0,0.05,0.8,point_selection_balanced,True,TaCo::components_removed=5,TaCo,0.0,True,True,False,False,False,True
learning_curve|CivilComments-WILDS|seed=8|fraction=0.5|gamma=1|tau=0.05|lambda=0.8,learning_curve,CivilComments-WILDS,8,0.5,3999,1.0,0.05,0.8,vera_balanced_iut,False,,,0.0,True,NA,False,False,False,True
learning_curve|CivilComments-WILDS|seed=8|fraction=0.5|gamma=1|tau=0.05|lambda=0.8,learning_curve,CivilComments-WILDS,8,0.5,3999,1.0,0.05,0.8,vera_balanced_envelope,False,,,0.0,True,NA,False,False,False,True
learning_curve|CivilComments-WILDS|seed=8|fraction=0.5|gamma=1|tau=0.05|lambda=0.8,learning_curve,CivilComments-WILDS,8,0.5,3999,1.0,0.05,0.8,external_balanced_oracle,True,TaCo::components_removed=5,TaCo,0.0,True,True,False,False,False,True
learning_curve|CivilComments-WILDS|seed=8|fraction=0.5|gamma=1|tau=0.1|lambda=0.6,learning_curve,CivilComments-WILDS,8,0.5,3999,1.0,0.1,0.6,always_deploy_balanced,True,TaCo::components_removed=5,TaCo,0.0,True,False,True,False,False,True
learning_curve|CivilComments-WILDS|seed=8|fraction=0.5|gamma=1|tau=0.1|lambda=0.6,learning_curve,CivilComments-WILDS,8,0.5,3999,1.0,0.1,0.6,point_selection_balanced,False,,,0.0,True,NA,False,False,False,True
learning_curve|CivilComments-WILDS|seed=8|fraction=0.5|gamma=1|tau=0.1|lambda=0.6,learning_curve,CivilComments-WILDS,8,0.5,3999,1.0,0.1,0.6,vera_balanced_iut,False,,,0.0,True,NA,False,False,False,True
learning_curve|CivilComments-WILDS|seed=8|fraction=0.5|gamma=1|tau=0.1|lambda=0.6,learning_curve,CivilComments-WILDS,8,0.5,3999,1.0,0.1,0.6,vera_balanced_envelope,False,,,0.0,True,NA,False,False,False,True
learning_curve|CivilComments-WILDS|seed=8|fraction=0.5|gamma=1|tau=0.1|lambda=0.6,learning_curve,CivilComments-WILDS,8,0.5,3999,1.0,0.1,0.6,external_balanced_oracle,False,,,0.0,True,NA,False,False,False,True
learning_curve|CivilComments-WILDS|seed=8|fraction=0.5|gamma=1|tau=0.1|lambda=0.7,learning_curve,CivilComments-WILDS,8,0.5,3999,1.0,0.1,0.7,always_deploy_balanced,True,TaCo::components_removed=5,TaCo,0.0,True,True,False,False,False,True
learning_curve|CivilComments-WILDS|seed=8|fraction=0.5|gamma=1|tau=0.1|lambda=0.7,learning_curve,CivilComments-WILDS,8,0.5,3999,1.0,0.1,0.7,point_selection_balanced,True,TaCo::components_removed=5,TaCo,0.0,True,True,False,False,False,True
learning_curve|CivilComments-WILDS|seed=8|fraction=0.5|gamma=1|tau=0.1|lambda=0.7,learning_curve,CivilComments-WILDS,8,0.5,3999,1.0,0.1,0.7,vera_balanced_iut,True,TaCo::components_removed=5,TaCo,0.0,True,True,False,False,False,True
learning_curve|CivilComments-WILDS|seed=8|fraction=0.5|gamma=1|tau=0.1|lambda=0.7,learning_curve,CivilComments-WILDS,8,0.5,3999,1.0,0.1,0.7,vera_balanced_envelope,False,,,0.0,True,NA,False,False,False,True
learning_curve|CivilComments-WILDS|seed=8|fraction=0.5|gamma=1|tau=0.1|lambda=0.7,learning_curve,CivilComments-WILDS,8,0.5,3999,1.0,0.1,0.7,external_balanced_oracle,True,TaCo::components_removed=5,TaCo,0.0,True,True,False,False,False,True
learning_curve|CivilComments-WILDS|seed=8|fraction=0.5|gamma=1|tau=0.1|lambda=0.8,learning_curve,CivilComments-WILDS,8,0.5,3999,1.0,0.1,0.8,always_deploy_balanced,True,TaCo::components_removed=5,TaCo,0.0,True,True,False,False,False,True
learning_curve|CivilComments-WILDS|seed=8|fraction=0.5|gamma=1|tau=0.1|lambda=0.8,learning_curve,CivilComments-WILDS,8,0.5,3999,1.0,0.1,0.8,point_selection_balanced,True,TaCo::components_removed=5,TaCo,0.0,True,True,False,False,False,True
learning_curve|CivilComments-WILDS|seed=8|fraction=0.5|gamma=1|tau=0.1|lambda=0.8,learning_curve,CivilComments-WILDS,8,0.5,3999,1.0,0.1,0.8,vera_balanced_iut,True,TaCo::components_removed=5,TaCo,0.0,True,True,False,False,False,True
learning_curve|CivilComments-WILDS|seed=8|fraction=0.5|gamma=1|tau=0.1|lambda=0.8,learning_curve,CivilComments-WILDS,8,0.5,3999,1.0,0.1,0.8,vera_balanced_envelope,True,"MANCE++::epsilon=0.05,steps=3",MANCE++,1.0045394897460938,True,True,False,False,False,True
learning_curve|CivilComments-WILDS|seed=8|fraction=0.5|gamma=1|tau=0.1|lambda=0.8,learning_curve,CivilComments-WILDS,8,0.5,3999,1.0,0.1,0.8,external_balanced_oracle,True,TaCo::components_removed=5,TaCo,0.0,True,True,False,False,False,True
learning_curve|CivilComments-WILDS|seed=8|fraction=0.5|gamma=1|tau=0.2|lambda=0.6,learning_curve,CivilComments-WILDS,8,0.5,3999,1.0,0.2,0.6,always_deploy_balanced,True,TaCo::components_removed=5,TaCo,0.0,True,False,True,False,False,True
learning_curve|CivilComments-WILDS|seed=8|fraction=0.5|gamma=1|tau=0.2|lambda=0.6,learning_curve,CivilComments-WILDS,8,0.5,3999,1.0,0.2,0.6,point_selection_balanced,False,,,0.0,True,NA,False,False,False,True
learning_curve|CivilComments-WILDS|seed=8|fraction=0.5|gamma=1|tau=0.2|lambda=0.6,learning_curve,CivilComments-WILDS,8,0.5,3999,1.0,0.2,0.6,vera_balanced_iut,False,,,0.0,True,NA,False,False,False,True
learning_curve|CivilComments-WILDS|seed=8|fraction=0.5|gamma=1|tau=0.2|lambda=0.6,learning_curve,CivilComments-WILDS,8,0.5,3999,1.0,0.2,0.6,vera_balanced_envelope,False,,,0.0,True,NA,False,False,False,True
learning_curve|CivilComments-WILDS|seed=8|fraction=0.5|gamma=1|tau=0.2|lambda=0.6,learning_curve,CivilComments-WILDS,8,0.5,3999,1.0,0.2,0.6,external_balanced_oracle,False,,,0.0,True,NA,False,False,False,True
learning_curve|CivilComments-WILDS|seed=8|fraction=0.5|gamma=1|tau=0.2|lambda=0.7,learning_curve,CivilComments-WILDS,8,0.5,3999,1.0,0.2,0.7,always_deploy_balanced,True,TaCo::components_removed=5,TaCo,1.046142578125,True,True,False,False,False,True
learning_curve|CivilComments-WILDS|seed=8|fraction=0.5|gamma=1|tau=0.2|lambda=0.7,learning_curve,CivilComments-WILDS,8,0.5,3999,1.0,0.2,0.7,point_selection_balanced,True,TaCo::components_removed=5,TaCo,1.046142578125,True,True,False,False,False,True
learning_curve|CivilComments-WILDS|seed=8|fraction=0.5|gamma=1|tau=0.2|lambda=0.7,learning_curve,CivilComments-WILDS,8,0.5,3999,1.0,0.2,0.7,vera_balanced_iut,True,TaCo::components_removed=5,TaCo,1.046142578125,True,True,False,False,False,True
learning_curve|CivilComments-WILDS|seed=8|fraction=0.5|gamma=1|tau=0.2|lambda=0.7,learning_curve,CivilComments-WILDS,8,0.5,3999,1.0,0.2,0.7,vera_balanced_envelope,True,TaCo::components_removed=5,TaCo,1.046142578125,True,True,False,False,False,True
learning_curve|CivilComments-WILDS|seed=8|fraction=0.5|gamma=1|tau=0.2|lambda=0.7,learning_curve,CivilComments-WILDS,8,0.5,3999,1.0,0.2,0.7,external_balanced_oracle,True,TaCo::components_removed=5,TaCo,1.046142578125,True,True,False,False,False,True
learning_curve|CivilComments-WILDS|seed=8|fraction=0.5|gamma=1|tau=0.2|lambda=0.8,learning_curve,CivilComments-WILDS,8,0.5,3999,1.0,0.2,0.8,always_deploy_balanced,True,TaCo::components_removed=5,TaCo,1.0812301635742188,True,True,False,False,False,True
learning_curve|CivilComments-WILDS|seed=8|fraction=0.5|gamma=1|tau=0.2|lambda=0.8,learning_curve,CivilComments-WILDS,8,0.5,3999,1.0,0.2,0.8,point_selection_balanced,True,TaCo::components_removed=5,TaCo,1.0812301635742188,True,True,False,False,False,True
learning_curve|CivilComments-WILDS|seed=8|fraction=0.5|gamma=1|tau=0.2|lambda=0.8,learning_curve,CivilComments-WILDS,8,0.5,3999,1.0,0.2,0.8,vera_balanced_iut,True,TaCo::components_removed=5,TaCo,1.0812301635742188,True,True,False,False,False,True
learning_curve|CivilComments-WILDS|seed=8|fraction=0.5|gamma=1|tau=0.2|lambda=0.8,learning_curve,CivilComments-WILDS,8,0.5,3999,1.0,0.2,0.8,vera_balanced_envelope,True,TaCo::components_removed=5,TaCo,1.0812301635742188,True,True,False,False,False,True
learning_curve|CivilComments-WILDS|seed=8|fraction=0.5|gamma=1|tau=0.2|lambda=0.8,learning_curve,CivilComments-WILDS,8,0.5,3999,1.0,0.2,0.8,external_balanced_oracle,True,TaCo::components_removed=5,TaCo,1.0812301635742188,True,True,False,False,False,True
primary|CivilComments-WILDS|seed=8|fraction=1|gamma=1|tau=0.05|lambda=0.6,primary,CivilComments-WILDS,8,1.0,8000,1.0,0.05,0.6,always_deploy_balanced,True,TaCo::components_removed=1,TaCo,0.0,True,False,True,False,False,True
primary|CivilComments-WILDS|seed=8|fraction=1|gamma=1|tau=0.05|lambda=0.6,primary,CivilComments-WILDS,8,1.0,8000,1.0,0.05,0.6,point_selection_balanced,False,,,0.0,True,NA,False,False,False,True
primary|CivilComments-WILDS|seed=8|fraction=1|gamma=1|tau=0.05|lambda=0.6,primary,CivilComments-WILDS,8,1.0,8000,1.0,0.05,0.6,vera_balanced_iut,False,,,0.0,True,NA,False,False,False,True
primary|CivilComments-WILDS|seed=8|fraction=1|gamma=1|tau=0.05|lambda=0.6,primary,CivilComments-WILDS,8,1.0,8000,1.0,0.05,0.6,vera_balanced_envelope,False,,,0.0,True,NA,False,False,False,True
primary|CivilComments-WILDS|seed=8|fraction=1|gamma=1|tau=0.05|lambda=0.6,primary,CivilComments-WILDS,8,1.0,8000,1.0,0.05,0.6,external_balanced_oracle,False,,,0.0,True,NA,False,False,False,True
primary|CivilComments-WILDS|seed=8|fraction=1|gamma=1|tau=0.05|lambda=0.7,primary,CivilComments-WILDS,8,1.0,8000,1.0,0.05,0.7,always_deploy_balanced,True,TaCo::components_removed=1,TaCo,0.0,True,True,False,False,False,True
primary|CivilComments-WILDS|seed=8|fraction=1|gamma=1|tau=0.05|lambda=0.7,primary,CivilComments-WILDS,8,1.0,8000,1.0,0.05,0.7,point_selection_balanced,True,TaCo::components_removed=1,TaCo,0.0,True,True,False,False,False,True
primary|CivilComments-WILDS|seed=8|fraction=1|gamma=1|tau=0.05|lambda=0.7,primary,CivilComments-WILDS,8,1.0,8000,1.0,0.05,0.7,vera_balanced_iut,False,,,0.0,True,NA,False,False,False,True
primary|CivilComments-WILDS|seed=8|fraction=1|gamma=1|tau=0.05|lambda=0.7,primary,CivilComments-WILDS,8,1.0,8000,1.0,0.05,0.7,vera_balanced_envelope,False,,,0.0,True,NA,False,False,False,True
primary|CivilComments-WILDS|seed=8|fraction=1|gamma=1|tau=0.05|lambda=0.7,primary,CivilComments-WILDS,8,1.0,8000,1.0,0.05,0.7,external_balanced_oracle,True,TaCo::components_removed=1,TaCo,0.0,True,True,False,False,False,True
primary|CivilComments-WILDS|seed=8|fraction=1|gamma=1|tau=0.05|lambda=0.8,primary,CivilComments-WILDS,8,1.0,8000,1.0,0.05,0.8,always_deploy_balanced,True,TaCo::components_removed=1,TaCo,0.0,True,True,False,False,False,True
primary|CivilComments-WILDS|seed=8|fraction=1|gamma=1|tau=0.05|lambda=0.8,primary,CivilComments-WILDS,8,1.0,8000,1.0,0.05,0.8,point_selection_balanced,True,TaCo::components_removed=1,TaCo,0.0,True,True,False,False,False,True
primary|CivilComments-WILDS|seed=8|fraction=1|gamma=1|tau=0.05|lambda=0.8,primary,CivilComments-WILDS,8,1.0,8000,1.0,0.05,0.8,vera_balanced_iut,False,,,0.0,True,NA,False,False,False,True
primary|CivilComments-WILDS|seed=8|fraction=1|gamma=1|tau=0.05|lambda=0.8,primary,CivilComments-WILDS,8,1.0,8000,1.0,0.05,0.8,vera_balanced_envelope,False,,,0.0,True,NA,False,False,False,True
primary|CivilComments-WILDS|seed=8|fraction=1|gamma=1|tau=0.05|lambda=0.8,primary,CivilComments-WILDS,8,1.0,8000,1.0,0.05,0.8,external_balanced_oracle,True,TaCo::components_removed=1,TaCo,0.0,True,True,False,False,False,True
primary|CivilComments-WILDS|seed=8|fraction=1|gamma=1|tau=0.1|lambda=0.6,primary,CivilComments-WILDS,8,1.0,8000,1.0,0.1,0.6,always_deploy_balanced,True,TaCo::components_removed=1,TaCo,0.0,True,False,True,False,False,True
primary|CivilComments-WILDS|seed=8|fraction=1|gamma=1|tau=0.1|lambda=0.6,primary,CivilComments-WILDS,8,1.0,8000,1.0,0.1,0.6,point_selection_balanced,False,,,0.0,True,NA,False,False,False,True
primary|CivilComments-WILDS|seed=8|fraction=1|gamma=1|tau=0.1|lambda=0.6,primary,CivilComments-WILDS,8,1.0,8000,1.0,0.1,0.6,vera_balanced_iut,False,,,0.0,True,NA,False,False,False,True
primary|CivilComments-WILDS|seed=8|fraction=1|gamma=1|tau=0.1|lambda=0.6,primary,CivilComments-WILDS,8,1.0,8000,1.0,0.1,0.6,vera_balanced_envelope,False,,,0.0,True,NA,False,False,False,True
primary|CivilComments-WILDS|seed=8|fraction=1|gamma=1|tau=0.1|lambda=0.6,primary,CivilComments-WILDS,8,1.0,8000,1.0,0.1,0.6,external_balanced_oracle,False,,,0.0,True,NA,False,False,False,True
primary|CivilComments-WILDS|seed=8|fraction=1|gamma=1|tau=0.1|lambda=0.7,primary,CivilComments-WILDS,8,1.0,8000,1.0,0.1,0.7,always_deploy_balanced,True,TaCo::components_removed=1,TaCo,1.0061416625976562,True,True,False,False,False,True
primary|CivilComments-WILDS|seed=8|fraction=1|gamma=1|tau=0.1|lambda=0.7,primary,CivilComments-WILDS,8,1.0,8000,1.0,0.1,0.7,point_selection_balanced,True,TaCo::components_removed=1,TaCo,1.0061416625976562,True,True,False,False,False,True
primary|CivilComments-WILDS|seed=8|fraction=1|gamma=1|tau=0.1|lambda=0.7,primary,CivilComments-WILDS,8,1.0,8000,1.0,0.1,0.7,vera_balanced_iut,True,TaCo::components_removed=1,TaCo,1.0061416625976562,True,True,False,False,False,True
primary|CivilComments-WILDS|seed=8|fraction=1|gamma=1|tau=0.1|lambda=0.7,primary,CivilComments-WILDS,8,1.0,8000,1.0,0.1,0.7,vera_balanced_envelope,True,TaCo::components_removed=1,TaCo,1.0061416625976562,True,True,False,False,False,True
primary|CivilComments-WILDS|seed=8|fraction=1|gamma=1|tau=0.1|lambda=0.7,primary,CivilComments-WILDS,8,1.0,8000,1.0,0.1,0.7,external_balanced_oracle,True,TaCo::components_removed=1,TaCo,1.0061416625976562,True,True,False,False,False,True
primary|CivilComments-WILDS|seed=8|fraction=1|gamma=1|tau=0.1|lambda=0.8,primary,CivilComments-WILDS,8,1.0,8000,1.0,0.1,0.8,always_deploy_balanced,True,TaCo::components_removed=1,TaCo,1.0061416625976562,True,True,False,False,False,True
primary|CivilComments-WILDS|seed=8|fraction=1|gamma=1|tau=0.1|lambda=0.8,primary,CivilComments-WILDS,8,1.0,8000,1.0,0.1,0.8,point_selection_balanced,True,TaCo::components_removed=1,TaCo,1.0061416625976562,True,True,False,False,False,True
primary|CivilComments-WILDS|seed=8|fraction=1|gamma=1|tau=0.1|lambda=0.8,primary,CivilComments-WILDS,8,1.0,8000,1.0,0.1,0.8,vera_balanced_iut,True,TaCo::components_removed=1,TaCo,1.0061416625976562,True,True,False,False,False,True
primary|CivilComments-WILDS|seed=8|fraction=1|gamma=1|tau=0.1|lambda=0.8,primary,CivilComments-WILDS,8,1.0,8000,1.0,0.1,0.8,vera_balanced_envelope,True,TaCo::components_removed=1,TaCo,1.0061416625976562,True,True,False,False,False,True
primary|CivilComments-WILDS|seed=8|fraction=1|gamma=1|tau=0.1|lambda=0.8,primary,CivilComments-WILDS,8,1.0,8000,1.0,0.1,0.8,external_balanced_oracle,True,TaCo::components_removed=1,TaCo,1.0061416625976562,True,True,False,False,False,True
primary|CivilComments-WILDS|seed=8|fraction=1|gamma=1|tau=0.2|lambda=0.6,primary,CivilComments-WILDS,8,1.0,8000,1.0,0.2,0.6,always_deploy_balanced,True,TaCo::components_removed=1,TaCo,0.0,True,False,True,False,False,True
primary|CivilComments-WILDS|seed=8|fraction=1|gamma=1|tau=0.2|lambda=0.6,primary,CivilComments-WILDS,8,1.0,8000,1.0,0.2,0.6,point_selection_balanced,False,,,0.0,True,NA,False,False,False,True
primary|CivilComments-WILDS|seed=8|fraction=1|gamma=1|tau=0.2|lambda=0.6,primary,CivilComments-WILDS,8,1.0,8000,1.0,0.2,0.6,vera_balanced_iut,False,,,0.0,True,NA,False,False,False,True
primary|CivilComments-WILDS|seed=8|fraction=1|gamma=1|tau=0.2|lambda=0.6,primary,CivilComments-WILDS,8,1.0,8000,1.0,0.2,0.6,vera_balanced_envelope,False,,,0.0,True,NA,False,False,False,True
primary|CivilComments-WILDS|seed=8|fraction=1|gamma=1|tau=0.2|lambda=0.6,primary,CivilComments-WILDS,8,1.0,8000,1.0,0.2,0.6,external_balanced_oracle,False,,,0.0,True,NA,False,False,False,True
primary|CivilComments-WILDS|seed=8|fraction=1|gamma=1|tau=0.2|lambda=0.7,primary,CivilComments-WILDS,8,1.0,8000,1.0,0.2,0.7,always_deploy_balanced,True,TaCo::components_removed=1,TaCo,1.0529251098632812,True,True,False,False,False,True
primary|CivilComments-WILDS|seed=8|fraction=1|gamma=1|tau=0.2|lambda=0.7,primary,CivilComments-WILDS,8,1.0,8000,1.0,0.2,0.7,point_selection_balanced,True,TaCo::components_removed=1,TaCo,1.0529251098632812,True,True,False,False,False,True
primary|CivilComments-WILDS|seed=8|fraction=1|gamma=1|tau=0.2|lambda=0.7,primary,CivilComments-WILDS,8,1.0,8000,1.0,0.2,0.7,vera_balanced_iut,True,TaCo::components_removed=1,TaCo,1.0529251098632812,True,True,False,False,False,True
primary|CivilComments-WILDS|seed=8|fraction=1|gamma=1|tau=0.2|lambda=0.7,primary,CivilComments-WILDS,8,1.0,8000,1.0,0.2,0.7,vera_balanced_envelope,True,TaCo::components_removed=1,TaCo,1.0529251098632812,True,True,False,False,False,True
primary|CivilComments-WILDS|seed=8|fraction=1|gamma=1|tau=0.2|lambda=0.7,primary,CivilComments-WILDS,8,1.0,8000,1.0,0.2,0.7,external_balanced_oracle,True,TaCo::components_removed=1,TaCo,1.0529251098632812,True,True,False,False,False,True
primary|CivilComments-WILDS|seed=8|fraction=1|gamma=1|tau=0.2|lambda=0.8,primary,CivilComments-WILDS,8,1.0,8000,1.0,0.2,0.8,always_deploy_balanced,True,TaCo::components_removed=1,TaCo,1.097625732421875,True,True,False,False,False,True
primary|CivilComments-WILDS|seed=8|fraction=1|gamma=1|tau=0.2|lambda=0.8,primary,CivilComments-WILDS,8,1.0,8000,1.0,0.2,0.8,point_selection_balanced,True,TaCo::components_removed=1,TaCo,1.097625732421875,True,True,False,False,False,True
primary|CivilComments-WILDS|seed=8|fraction=1|gamma=1|tau=0.2|lambda=0.8,primary,CivilComments-WILDS,8,1.0,8000,1.0,0.2,0.8,vera_balanced_iut,True,TaCo::components_removed=1,TaCo,1.097625732421875,True,True,False,False,False,True
primary|CivilComments-WILDS|seed=8|fraction=1|gamma=1|tau=0.2|lambda=0.8,primary,CivilComments-WILDS,8,1.0,8000,1.0,0.2,0.8,vera_balanced_envelope,True,TaCo::components_removed=1,TaCo,1.097625732421875,True,True,False,False,False,True
primary|CivilComments-WILDS|seed=8|fraction=1|gamma=1|tau=0.2|lambda=0.8,primary,CivilComments-WILDS,8,1.0,8000,1.0,0.2,0.8,external_balanced_oracle,True,TaCo::components_removed=1,TaCo,1.097625732421875,True,True,False,False,False,True
shifted_sensitivity|CivilComments-WILDS|seed=8|fraction=1|gamma=1.01|tau=0.05|lambda=0.6,shifted_sensitivity,CivilComments-WILDS,8,1.0,8000,1.01,0.05,0.6,always_deploy_balanced,True,TaCo::components_removed=1,TaCo,0.0,True,False,True,False,False,True
shifted_sensitivity|CivilComments-WILDS|seed=8|fraction=1|gamma=1.01|tau=0.05|lambda=0.6,shifted_sensitivity,CivilComments-WILDS,8,1.0,8000,1.01,0.05,0.6,point_selection_balanced,False,,,0.0,True,NA,False,False,False,True
shifted_sensitivity|CivilComments-WILDS|seed=8|fraction=1|gamma=1.01|tau=0.05|lambda=0.6,shifted_sensitivity,CivilComments-WILDS,8,1.0,8000,1.01,0.05,0.6,vera_balanced_iut,False,,,0.0,True,NA,False,False,False,True
shifted_sensitivity|CivilComments-WILDS|seed=8|fraction=1|gamma=1.01|tau=0.05|lambda=0.6,shifted_sensitivity,CivilComments-WILDS,8,1.0,8000,1.01,0.05,0.6,vera_balanced_envelope,False,,,0.0,True,NA,False,False,False,True
shifted_sensitivity|CivilComments-WILDS|seed=8|fraction=1|gamma=1.01|tau=0.05|lambda=0.6,shifted_sensitivity,CivilComments-WILDS,8,1.0,8000,1.01,0.05,0.6,external_balanced_oracle,False,,,0.0,True,NA,False,False,False,True
shifted_sensitivity|CivilComments-WILDS|seed=8|fraction=1|gamma=1.01|tau=0.05|lambda=0.7,shifted_sensitivity,CivilComments-WILDS,8,1.0,8000,1.01,0.05,0.7,always_deploy_balanced,True,TaCo::components_removed=1,TaCo,0.0,True,True,False,False,False,True
shifted_sensitivity|CivilComments-WILDS|seed=8|fraction=1|gamma=1.01|tau=0.05|lambda=0.7,shifted_sensitivity,CivilComments-WILDS,8,1.0,8000,1.01,0.05,0.7,point_selection_balanced,True,TaCo::components_removed=1,TaCo,0.0,True,True,False,False,False,True
shifted_sensitivity|CivilComments-WILDS|seed=8|fraction=1|gamma=1.01|tau=0.05|lambda=0.7,shifted_sensitivity,CivilComments-WILDS,8,1.0,8000,1.01,0.05,0.7,vera_balanced_iut,False,,,0.0,True,NA,False,False,False,True
shifted_sensitivity|CivilComments-WILDS|seed=8|fraction=1|gamma=1.01|tau=0.05|lambda=0.7,shifted_sensitivity,CivilComments-WILDS,8,1.0,8000,1.01,0.05,0.7,vera_balanced_envelope,False,,,0.0,True,NA,False,False,False,True
shifted_sensitivity|CivilComments-WILDS|seed=8|fraction=1|gamma=1.01|tau=0.05|lambda=0.7,shifted_sensitivity,CivilComments-WILDS,8,1.0,8000,1.01,0.05,0.7,external_balanced_oracle,True,TaCo::components_removed=1,TaCo,0.0,True,True,False,False,False,True
shifted_sensitivity|CivilComments-WILDS|seed=8|fraction=1|gamma=1.01|tau=0.05|lambda=0.8,shifted_sensitivity,CivilComments-WILDS,8,1.0,8000,1.01,0.05,0.8,always_deploy_balanced,True,TaCo::components_removed=1,TaCo,0.0,True,True,False,False,False,True
shifted_sensitivity|CivilComments-WILDS|seed=8|fraction=1|gamma=1.01|tau=0.05|lambda=0.8,shifted_sensitivity,CivilComments-WILDS,8,1.0,8000,1.01,0.05,0.8,point_selection_balanced,True,TaCo::components_removed=1,TaCo,0.0,True,True,False,False,False,True
shifted_sensitivity|CivilComments-WILDS|seed=8|fraction=1|gamma=1.01|tau=0.05|lambda=0.8,shifted_sensitivity,CivilComments-WILDS,8,1.0,8000,1.01,0.05,0.8,vera_balanced_iut,False,,,0.0,True,NA,False,False,False,True
shifted_sensitivity|CivilComments-WILDS|seed=8|fraction=1|gamma=1.01|tau=0.05|lambda=0.8,shifted_sensitivity,CivilComments-WILDS,8,1.0,8000,1.01,0.05,0.8,vera_balanced_envelope,False,,,0.0,True,NA,False,False,False,True
shifted_sensitivity|CivilComments-WILDS|seed=8|fraction=1|gamma=1.01|tau=0.05|lambda=0.8,shifted_sensitivity,CivilComments-WILDS,8,1.0,8000,1.01,0.05,0.8,external_balanced_oracle,True,TaCo::components_removed=1,TaCo,0.0,True,True,False,False,False,True
shifted_sensitivity|CivilComments-WILDS|seed=8|fraction=1|gamma=1.01|tau=0.1|lambda=0.6,shifted_sensitivity,CivilComments-WILDS,8,1.0,8000,1.01,0.1,0.6,always_deploy_balanced,True,TaCo::components_removed=1,TaCo,0.0,True,False,True,False,False,True
shifted_sensitivity|CivilComments-WILDS|seed=8|fraction=1|gamma=1.01|tau=0.1|lambda=0.6,shifted_sensitivity,CivilComments-WILDS,8,1.0,8000,1.01,0.1,0.6,point_selection_balanced,False,,,0.0,True,NA,False,False,False,True
shifted_sensitivity|CivilComments-WILDS|seed=8|fraction=1|gamma=1.01|tau=0.1|lambda=0.6,shifted_sensitivity,CivilComments-WILDS,8,1.0,8000,1.01,0.1,0.6,vera_balanced_iut,False,,,0.0,True,NA,False,False,False,True
shifted_sensitivity|CivilComments-WILDS|seed=8|fraction=1|gamma=1.01|tau=0.1|lambda=0.6,shifted_sensitivity,CivilComments-WILDS,8,1.0,8000,1.01,0.1,0.6,vera_balanced_envelope,False,,,0.0,True,NA,False,False,False,True
shifted_sensitivity|CivilComments-WILDS|seed=8|fraction=1|gamma=1.01|tau=0.1|lambda=0.6,shifted_sensitivity,CivilComments-WILDS,8,1.0,8000,1.01,0.1,0.6,external_balanced_oracle,False,,,0.0,True,NA,False,False,False,True
shifted_sensitivity|CivilComments-WILDS|seed=8|fraction=1|gamma=1.01|tau=0.1|lambda=0.7,shifted_sensitivity,CivilComments-WILDS,8,1.0,8000,1.01,0.1,0.7,always_deploy_balanced,True,TaCo::components_removed=1,TaCo,1.0061416625976562,True,True,False,False,False,True
shifted_sensitivity|CivilComments-WILDS|seed=8|fraction=1|gamma=1.01|tau=0.1|lambda=0.7,shifted_sensitivity,CivilComments-WILDS,8,1.0,8000,1.01,0.1,0.7,point_selection_balanced,True,TaCo::components_removed=1,TaCo,1.0061416625976562,True,True,False,False,False,True
shifted_sensitivity|CivilComments-WILDS|seed=8|fraction=1|gamma=1.01|tau=0.1|lambda=0.7,shifted_sensitivity,CivilComments-WILDS,8,1.0,8000,1.01,0.1,0.7,vera_balanced_iut,True,TaCo::components_removed=1,TaCo,1.0061416625976562,True,True,False,False,False,True
shifted_sensitivity|CivilComments-WILDS|seed=8|fraction=1|gamma=1.01|tau=0.1|lambda=0.7,shifted_sensitivity,CivilComments-WILDS,8,1.0,8000,1.01,0.1,0.7,vera_balanced_envelope,False,,,0.0,True,NA,False,False,False,True
shifted_sensitivity|CivilComments-WILDS|seed=8|fraction=1|gamma=1.01|tau=0.1|lambda=0.7,shifted_sensitivity,CivilComments-WILDS,8,1.0,8000,1.01,0.1,0.7,external_balanced_oracle,True,TaCo::components_removed=1,TaCo,1.0061416625976562,True,True,False,False,False,True
shifted_sensitivity|CivilComments-WILDS|seed=8|fraction=1|gamma=1.01|tau=0.1|lambda=0.8,shifted_sensitivity,CivilComments-WILDS,8,1.0,8000,1.01,0.1,0.8,always_deploy_balanced,True,TaCo::components_removed=1,TaCo,1.0061416625976562,True,True,False,False,False,True
shifted_sensitivity|CivilComments-WILDS|seed=8|fraction=1|gamma=1.01|tau=0.1|lambda=0.8,shifted_sensitivity,CivilComments-WILDS,8,1.0,8000,1.01,0.1,0.8,point_selection_balanced,True,TaCo::components_removed=1,TaCo,1.0061416625976562,True,True,False,False,False,True
shifted_sensitivity|CivilComments-WILDS|seed=8|fraction=1|gamma=1.01|tau=0.1|lambda=0.8,shifted_sensitivity,CivilComments-WILDS,8,1.0,8000,1.01,0.1,0.8,vera_balanced_iut,True,TaCo::components_removed=1,TaCo,1.0061416625976562,True,True,False,False,False,True
shifted_sensitivity|CivilComments-WILDS|seed=8|fraction=1|gamma=1.01|tau=0.1|lambda=0.8,shifted_sensitivity,CivilComments-WILDS,8,1.0,8000,1.01,0.1,0.8,vera_balanced_envelope,True,"MANCE++::epsilon=0.05,steps=3",MANCE++,1.0163955688476562,True,True,False,False,False,True
shifted_sensitivity|CivilComments-WILDS|seed=8|fraction=1|gamma=1.01|tau=0.1|lambda=0.8,shifted_sensitivity,CivilComments-WILDS,8,1.0,8000,1.01,0.1,0.8,external_balanced_oracle,True,TaCo::components_removed=1,TaCo,1.0061416625976562,True,True,False,False,False,True
shifted_sensitivity|CivilComments-WILDS|seed=8|fraction=1|gamma=1.01|tau=0.2|lambda=0.6,shifted_sensitivity,CivilComments-WILDS,8,1.0,8000,1.01,0.2,0.6,always_deploy_balanced,True,TaCo::components_removed=1,TaCo,0.0,True,False,True,False,False,True
shifted_sensitivity|CivilComments-WILDS|seed=8|fraction=1|gamma=1.01|tau=0.2|lambda=0.6,shifted_sensitivity,CivilComments-WILDS,8,1.0,8000,1.01,0.2,0.6,point_selection_balanced,False,,,0.0,True,NA,False,False,False,True
shifted_sensitivity|CivilComments-WILDS|seed=8|fraction=1|gamma=1.01|tau=0.2|lambda=0.6,shifted_sensitivity,CivilComments-WILDS,8,1.0,8000,1.01,0.2,0.6,vera_balanced_iut,False,,,0.0,True,NA,False,False,False,True
shifted_sensitivity|CivilComments-WILDS|seed=8|fraction=1|gamma=1.01|tau=0.2|lambda=0.6,shifted_sensitivity,CivilComments-WILDS,8,1.0,8000,1.01,0.2,0.6,vera_balanced_envelope,False,,,0.0,True,NA,False,False,False,True
shifted_sensitivity|CivilComments-WILDS|seed=8|fraction=1|gamma=1.01|tau=0.2|lambda=0.6,shifted_sensitivity,CivilComments-WILDS,8,1.0,8000,1.01,0.2,0.6,external_balanced_oracle,False,,,0.0,True,NA,False,False,False,True
shifted_sensitivity|CivilComments-WILDS|seed=8|fraction=1|gamma=1.01|tau=0.2|lambda=0.7,shifted_sensitivity,CivilComments-WILDS,8,1.0,8000,1.01,0.2,0.7,always_deploy_balanced,True,TaCo::components_removed=1,TaCo,1.0529251098632812,True,True,False,False,False,True
shifted_sensitivity|CivilComments-WILDS|seed=8|fraction=1|gamma=1.01|tau=0.2|lambda=0.7,shifted_sensitivity,CivilComments-WILDS,8,1.0,8000,1.01,0.2,0.7,point_selection_balanced,True,TaCo::components_removed=1,TaCo,1.0529251098632812,True,True,False,False,False,True
shifted_sensitivity|CivilComments-WILDS|seed=8|fraction=1|gamma=1.01|tau=0.2|lambda=0.7,shifted_sensitivity,CivilComments-WILDS,8,1.0,8000,1.01,0.2,0.7,vera_balanced_iut,True,TaCo::components_removed=1,TaCo,1.0529251098632812,True,True,False,False,False,True
shifted_sensitivity|CivilComments-WILDS|seed=8|fraction=1|gamma=1.01|tau=0.2|lambda=0.7,shifted_sensitivity,CivilComments-WILDS,8,1.0,8000,1.01,0.2,0.7,vera_balanced_envelope,True,TaCo::components_removed=1,TaCo,1.0529251098632812,True,True,False,False,False,True
shifted_sensitivity|CivilComments-WILDS|seed=8|fraction=1|gamma=1.01|tau=0.2|lambda=0.7,shifted_sensitivity,CivilComments-WILDS,8,1.0,8000,1.01,0.2,0.7,external_balanced_oracle,True,TaCo::components_removed=1,TaCo,1.0529251098632812,True,True,False,False,False,True
shifted_sensitivity|CivilComments-WILDS|seed=8|fraction=1|gamma=1.01|tau=0.2|lambda=0.8,shifted_sensitivity,CivilComments-WILDS,8,1.0,8000,1.01,0.2,0.8,always_deploy_balanced,True,TaCo::components_removed=1,TaCo,1.097625732421875,True,True,False,False,False,True
shifted_sensitivity|CivilComments-WILDS|seed=8|fraction=1|gamma=1.01|tau=0.2|lambda=0.8,shifted_sensitivity,CivilComments-WILDS,8,1.0,8000,1.01,0.2,0.8,point_selection_balanced,True,TaCo::components_removed=1,TaCo,1.097625732421875,True,True,False,False,False,True
shifted_sensitivity|CivilComments-WILDS|seed=8|fraction=1|gamma=1.01|tau=0.2|lambda=0.8,shifted_sensitivity,CivilComments-WILDS,8,1.0,8000,1.01,0.2,0.8,vera_balanced_iut,True,TaCo::components_removed=1,TaCo,1.097625732421875,True,True,False,False,False,True
shifted_sensitivity|CivilComments-WILDS|seed=8|fraction=1|gamma=1.01|tau=0.2|lambda=0.8,shifted_sensitivity,CivilComments-WILDS,8,1.0,8000,1.01,0.2,0.8,vera_balanced_envelope,True,TaCo::components_removed=1,TaCo,1.097625732421875,True,True,False,False,False,True
shifted_sensitivity|CivilComments-WILDS|seed=8|fraction=1|gamma=1.01|tau=0.2|lambda=0.8,shifted_sensitivity,CivilComments-WILDS,8,1.0,8000,1.01,0.2,0.8,external_balanced_oracle,True,TaCo::components_removed=1,TaCo,1.097625732421875,True,True,False,False,False,True
learning_curve|CivilComments-WILDS|seed=9|fraction=0.05|gamma=1|tau=0.05|lambda=0.6,learning_curve,CivilComments-WILDS,9,0.05,398,1.0,0.05,0.6,always_deploy_balanced,True,TaCo::components_removed=3,TaCo,0.0,True,False,True,False,False,True
learning_curve|CivilComments-WILDS|seed=9|fraction=0.05|gamma=1|tau=0.05|lambda=0.6,learning_curve,CivilComments-WILDS,9,0.05,398,1.0,0.05,0.6,point_selection_balanced,False,,,0.0,True,NA,False,False,False,True
learning_curve|CivilComments-WILDS|seed=9|fraction=0.05|gamma=1|tau=0.05|lambda=0.6,learning_curve,CivilComments-WILDS,9,0.05,398,1.0,0.05,0.6,vera_balanced_iut,False,,,0.0,True,NA,False,False,False,True
learning_curve|CivilComments-WILDS|seed=9|fraction=0.05|gamma=1|tau=0.05|lambda=0.6,learning_curve,CivilComments-WILDS,9,0.05,398,1.0,0.05,0.6,vera_balanced_envelope,False,,,0.0,True,NA,False,False,False,True
learning_curve|CivilComments-WILDS|seed=9|fraction=0.05|gamma=1|tau=0.05|lambda=0.6,learning_curve,CivilComments-WILDS,9,0.05,398,1.0,0.05,0.6,external_balanced_oracle,False,,,0.0,True,NA,False,False,False,True
learning_curve|CivilComments-WILDS|seed=9|fraction=0.05|gamma=1|tau=0.05|lambda=0.7,learning_curve,CivilComments-WILDS,9,0.05,398,1.0,0.05,0.7,always_deploy_balanced,True,TaCo::components_removed=3,TaCo,0.0,True,False,True,False,False,True
learning_curve|CivilComments-WILDS|seed=9|fraction=0.05|gamma=1|tau=0.05|lambda=0.7,learning_curve,CivilComments-WILDS,9,0.05,398,1.0,0.05,0.7,point_selection_balanced,False,,,0.0,True,NA,False,False,False,True
learning_curve|CivilComments-WILDS|seed=9|fraction=0.05|gamma=1|tau=0.05|lambda=0.7,learning_curve,CivilComments-WILDS,9,0.05,398,1.0,0.05,0.7,vera_balanced_iut,False,,,0.0,True,NA,False,False,False,True
learning_curve|CivilComments-WILDS|seed=9|fraction=0.05|gamma=1|tau=0.05|lambda=0.7,learning_curve,CivilComments-WILDS,9,0.05,398,1.0,0.05,0.7,vera_balanced_envelope,False,,,0.0,True,NA,False,False,False,True
learning_curve|CivilComments-WILDS|seed=9|fraction=0.05|gamma=1|tau=0.05|lambda=0.7,learning_curve,CivilComments-WILDS,9,0.05,398,1.0,0.05,0.7,external_balanced_oracle,False,,,0.0,True,NA,False,False,False,True
learning_curve|CivilComments-WILDS|seed=9|fraction=0.05|gamma=1|tau=0.05|lambda=0.8,learning_curve,CivilComments-WILDS,9,0.05,398,1.0,0.05,0.8,always_deploy_balanced,True,TaCo::components_removed=3,TaCo,0.0,True,False,True,False,False,True
learning_curve|CivilComments-WILDS|seed=9|fraction=0.05|gamma=1|tau=0.05|lambda=0.8,learning_curve,CivilComments-WILDS,9,0.05,398,1.0,0.05,0.8,point_selection_balanced,True,RLACE::rank=1,RLACE,0.0,True,True,False,False,False,True
learning_curve|CivilComments-WILDS|seed=9|fraction=0.05|gamma=1|tau=0.05|lambda=0.8,learning_curve,CivilComments-WILDS,9,0.05,398,1.0,0.05,0.8,vera_balanced_iut,False,,,0.0,True,NA,False,False,False,True
learning_curve|CivilComments-WILDS|seed=9|fraction=0.05|gamma=1|tau=0.05|lambda=0.8,learning_curve,CivilComments-WILDS,9,0.05,398,1.0,0.05,0.8,vera_balanced_envelope,False,,,0.0,True,NA,False,False,False,True
learning_curve|CivilComments-WILDS|seed=9|fraction=0.05|gamma=1|tau=0.05|lambda=0.8,learning_curve,CivilComments-WILDS,9,0.05,398,1.0,0.05,0.8,external_balanced_oracle,True,RLACE::rank=1,RLACE,0.0,True,True,False,False,False,True
learning_curve|CivilComments-WILDS|seed=9|fraction=0.05|gamma=1|tau=0.1|lambda=0.6,learning_curve,CivilComments-WILDS,9,0.05,398,1.0,0.1,0.6,always_deploy_balanced,True,TaCo::components_removed=3,TaCo,0.0,True,False,True,False,False,True
learning_curve|CivilComments-WILDS|seed=9|fraction=0.05|gamma=1|tau=0.1|lambda=0.6,learning_curve,CivilComments-WILDS,9,0.05,398,1.0,0.1,0.6,point_selection_balanced,False,,,0.0,True,NA,False,False,False,True
learning_curve|CivilComments-WILDS|seed=9|fraction=0.05|gamma=1|tau=0.1|lambda=0.6,learning_curve,CivilComments-WILDS,9,0.05,398,1.0,0.1,0.6,vera_balanced_iut,False,,,0.0,True,NA,False,False,False,True
learning_curve|CivilComments-WILDS|seed=9|fraction=0.05|gamma=1|tau=0.1|lambda=0.6,learning_curve,CivilComments-WILDS,9,0.05,398,1.0,0.1,0.6,vera_balanced_envelope,False,,,0.0,True,NA,False,False,False,True
learning_curve|CivilComments-WILDS|seed=9|fraction=0.05|gamma=1|tau=0.1|lambda=0.6,learning_curve,CivilComments-WILDS,9,0.05,398,1.0,0.1,0.6,external_balanced_oracle,False,,,0.0,True,NA,False,False,False,True
learning_curve|CivilComments-WILDS|seed=9|fraction=0.05|gamma=1|tau=0.1|lambda=0.7,learning_curve,CivilComments-WILDS,9,0.05,398,1.0,0.1,0.7,always_deploy_balanced,True,TaCo::components_removed=3,TaCo,0.0,True,True,False,False,False,True
learning_curve|CivilComments-WILDS|seed=9|fraction=0.05|gamma=1|tau=0.1|lambda=0.7,learning_curve,CivilComments-WILDS,9,0.05,398,1.0,0.1,0.7,point_selection_balanced,False,,,0.0,True,NA,False,False,False,True
learning_curve|CivilComments-WILDS|seed=9|fraction=0.05|gamma=1|tau=0.1|lambda=0.7,learning_curve,CivilComments-WILDS,9,0.05,398,1.0,0.1,0.7,vera_balanced_iut,False,,,0.0,True,NA,False,False,False,True
learning_curve|CivilComments-WILDS|seed=9|fraction=0.05|gamma=1|tau=0.1|lambda=0.7,learning_curve,CivilComments-WILDS,9,0.05,398,1.0,0.1,0.7,vera_balanced_envelope,False,,,0.0,True,NA,False,False,False,True
learning_curve|CivilComments-WILDS|seed=9|fraction=0.05|gamma=1|tau=0.1|lambda=0.7,learning_curve,CivilComments-WILDS,9,0.05,398,1.0,0.1,0.7,external_balanced_oracle,True,TaCo::components_removed=3,TaCo,0.0,True,True,False,False,False,True
learning_curve|CivilComments-WILDS|seed=9|fraction=0.05|gamma=1|tau=0.1|lambda=0.8,learning_curve,CivilComments-WILDS,9,0.05,398,1.0,0.1,0.8,always_deploy_balanced,True,TaCo::components_removed=3,TaCo,0.0,True,True,False,False,False,True
learning_curve|CivilComments-WILDS|seed=9|fraction=0.05|gamma=1|tau=0.1|lambda=0.8,learning_curve,CivilComments-WILDS,9,0.05,398,1.0,0.1,0.8,point_selection_balanced,True,"MANCE++::epsilon=0.05,steps=3",MANCE++,0.0,True,True,False,False,False,True
learning_curve|CivilComments-WILDS|seed=9|fraction=0.05|gamma=1|tau=0.1|lambda=0.8,learning_curve,CivilComments-WILDS,9,0.05,398,1.0,0.1,0.8,vera_balanced_iut,False,,,0.0,True,NA,False,False,False,True
learning_curve|CivilComments-WILDS|seed=9|fraction=0.05|gamma=1|tau=0.1|lambda=0.8,learning_curve,CivilComments-WILDS,9,0.05,398,1.0,0.1,0.8,vera_balanced_envelope,False,,,0.0,True,NA,False,False,False,True
learning_curve|CivilComments-WILDS|seed=9|fraction=0.05|gamma=1|tau=0.1|lambda=0.8,learning_curve,CivilComments-WILDS,9,0.05,398,1.0,0.1,0.8,external_balanced_oracle,True,TaCo::components_removed=3,TaCo,0.0,True,True,False,False,False,True
learning_curve|CivilComments-WILDS|seed=9|fraction=0.05|gamma=1|tau=0.2|lambda=0.6,learning_curve,CivilComments-WILDS,9,0.05,398,1.0,0.2,0.6,always_deploy_balanced,True,TaCo::components_removed=3,TaCo,0.0,True,False,True,False,False,True
learning_curve|CivilComments-WILDS|seed=9|fraction=0.05|gamma=1|tau=0.2|lambda=0.6,learning_curve,CivilComments-WILDS,9,0.05,398,1.0,0.2,0.6,point_selection_balanced,False,,,0.0,True,NA,False,False,False,True
learning_curve|CivilComments-WILDS|seed=9|fraction=0.05|gamma=1|tau=0.2|lambda=0.6,learning_curve,CivilComments-WILDS,9,0.05,398,1.0,0.2,0.6,vera_balanced_iut,False,,,0.0,True,NA,False,False,False,True
learning_curve|CivilComments-WILDS|seed=9|fraction=0.05|gamma=1|tau=0.2|lambda=0.6,learning_curve,CivilComments-WILDS,9,0.05,398,1.0,0.2,0.6,vera_balanced_envelope,False,,,0.0,True,NA,False,False,False,True
learning_curve|CivilComments-WILDS|seed=9|fraction=0.05|gamma=1|tau=0.2|lambda=0.6,learning_curve,CivilComments-WILDS,9,0.05,398,1.0,0.2,0.6,external_balanced_oracle,False,,,0.0,True,NA,False,False,False,True
learning_curve|CivilComments-WILDS|seed=9|fraction=0.05|gamma=1|tau=0.2|lambda=0.7,learning_curve,CivilComments-WILDS,9,0.05,398,1.0,0.2,0.7,always_deploy_balanced,True,TaCo::components_removed=3,TaCo,0.0,True,True,False,False,False,True
learning_curve|CivilComments-WILDS|seed=9|fraction=0.05|gamma=1|tau=0.2|lambda=0.7,learning_curve,CivilComments-WILDS,9,0.05,398,1.0,0.2,0.7,point_selection_balanced,True,TaCo::components_removed=3,TaCo,0.0,True,True,False,False,False,True
learning_curve|CivilComments-WILDS|seed=9|fraction=0.05|gamma=1|tau=0.2|lambda=0.7,learning_curve,CivilComments-WILDS,9,0.05,398,1.0,0.2,0.7,vera_balanced_iut,False,,,0.0,True,NA,False,False,False,True
learning_curve|CivilComments-WILDS|seed=9|fraction=0.05|gamma=1|tau=0.2|lambda=0.7,learning_curve,CivilComments-WILDS,9,0.05,398,1.0,0.2,0.7,vera_balanced_envelope,False,,,0.0,True,NA,False,False,False,True
learning_curve|CivilComments-WILDS|seed=9|fraction=0.05|gamma=1|tau=0.2|lambda=0.7,learning_curve,CivilComments-WILDS,9,0.05,398,1.0,0.2,0.7,external_balanced_oracle,True,TaCo::components_removed=3,TaCo,0.0,True,True,False,False,False,True
learning_curve|CivilComments-WILDS|seed=9|fraction=0.05|gamma=1|tau=0.2|lambda=0.8,learning_curve,CivilComments-WILDS,9,0.05,398,1.0,0.2,0.8,always_deploy_balanced,True,TaCo::components_removed=3,TaCo,0.0,True,True,False,False,False,True
learning_curve|CivilComments-WILDS|seed=9|fraction=0.05|gamma=1|tau=0.2|lambda=0.8,learning_curve,CivilComments-WILDS,9,0.05,398,1.0,0.2,0.8,point_selection_balanced,True,TaCo::components_removed=3,TaCo,0.0,True,True,False,False,False,True
learning_curve|CivilComments-WILDS|seed=9|fraction=0.05|gamma=1|tau=0.2|lambda=0.8,learning_curve,CivilComments-WILDS,9,0.05,398,1.0,0.2,0.8,vera_balanced_iut,False,,,0.0,True,NA,False,False,False,True
learning_curve|CivilComments-WILDS|seed=9|fraction=0.05|gamma=1|tau=0.2|lambda=0.8,learning_curve,CivilComments-WILDS,9,0.05,398,1.0,0.2,0.8,vera_balanced_envelope,False,,,0.0,True,NA,False,False,False,True
learning_curve|CivilComments-WILDS|seed=9|fraction=0.05|gamma=1|tau=0.2|lambda=0.8,learning_curve,CivilComments-WILDS,9,0.05,398,1.0,0.2,0.8,external_balanced_oracle,True,TaCo::components_removed=3,TaCo,0.0,True,True,False,False,False,True
learning_curve|CivilComments-WILDS|seed=9|fraction=0.1|gamma=1|tau=0.05|lambda=0.6,learning_curve,CivilComments-WILDS,9,0.1,798,1.0,0.05,0.6,always_deploy_balanced,True,TaCo::components_removed=5,TaCo,0.0,True,False,True,False,False,True
learning_curve|CivilComments-WILDS|seed=9|fraction=0.1|gamma=1|tau=0.05|lambda=0.6,learning_curve,CivilComments-WILDS,9,0.1,798,1.0,0.05,0.6,point_selection_balanced,False,,,0.0,True,NA,False,False,False,True
learning_curve|CivilComments-WILDS|seed=9|fraction=0.1|gamma=1|tau=0.05|lambda=0.6,learning_curve,CivilComments-WILDS,9,0.1,798,1.0,0.05,0.6,vera_balanced_iut,False,,,0.0,True,NA,False,False,False,True
learning_curve|CivilComments-WILDS|seed=9|fraction=0.1|gamma=1|tau=0.05|lambda=0.6,learning_curve,CivilComments-WILDS,9,0.1,798,1.0,0.05,0.6,vera_balanced_envelope,False,,,0.0,True,NA,False,False,False,True
learning_curve|CivilComments-WILDS|seed=9|fraction=0.1|gamma=1|tau=0.05|lambda=0.6,learning_curve,CivilComments-WILDS,9,0.1,798,1.0,0.05,0.6,external_balanced_oracle,False,,,0.0,True,NA,False,False,False,True
learning_curve|CivilComments-WILDS|seed=9|fraction=0.1|gamma=1|tau=0.05|lambda=0.7,learning_curve,CivilComments-WILDS,9,0.1,798,1.0,0.05,0.7,always_deploy_balanced,True,TaCo::components_removed=5,TaCo,0.0,True,False,True,False,False,True
learning_curve|CivilComments-WILDS|seed=9|fraction=0.1|gamma=1|tau=0.05|lambda=0.7,learning_curve,CivilComments-WILDS,9,0.1,798,1.0,0.05,0.7,point_selection_balanced,False,,,0.0,True,NA,False,False,False,True
learning_curve|CivilComments-WILDS|seed=9|fraction=0.1|gamma=1|tau=0.05|lambda=0.7,learning_curve,CivilComments-WILDS,9,0.1,798,1.0,0.05,0.7,vera_balanced_iut,False,,,0.0,True,NA,False,False,False,True
learning_curve|CivilComments-WILDS|seed=9|fraction=0.1|gamma=1|tau=0.05|lambda=0.7,learning_curve,CivilComments-WILDS,9,0.1,798,1.0,0.05,0.7,vera_balanced_envelope,False,,,0.0,True,NA,False,False,False,True
learning_curve|CivilComments-WILDS|seed=9|fraction=0.1|gamma=1|tau=0.05|lambda=0.7,learning_curve,CivilComments-WILDS,9,0.1,798,1.0,0.05,0.7,external_balanced_oracle,False,,,0.0,True,NA,False,False,False,True
learning_curve|CivilComments-WILDS|seed=9|fraction=0.1|gamma=1|tau=0.05|lambda=0.8,learning_curve,CivilComments-WILDS,9,0.1,798,1.0,0.05,0.8,always_deploy_balanced,True,TaCo::components_removed=5,TaCo,0.0,True,False,True,False,False,True
learning_curve|CivilComments-WILDS|seed=9|fraction=0.1|gamma=1|tau=0.05|lambda=0.8,learning_curve,CivilComments-WILDS,9,0.1,798,1.0,0.05,0.8,point_selection_balanced,True,INLP::rank=1,INLP,0.0,True,False,True,False,False,True
learning_curve|CivilComments-WILDS|seed=9|fraction=0.1|gamma=1|tau=0.05|lambda=0.8,learning_curve,CivilComments-WILDS,9,0.1,798,1.0,0.05,0.8,vera_balanced_iut,False,,,0.0,True,NA,False,False,False,True
learning_curve|CivilComments-WILDS|seed=9|fraction=0.1|gamma=1|tau=0.05|lambda=0.8,learning_curve,CivilComments-WILDS,9,0.1,798,1.0,0.05,0.8,vera_balanced_envelope,False,,,0.0,True,NA,False,False,False,True
learning_curve|CivilComments-WILDS|seed=9|fraction=0.1|gamma=1|tau=0.05|lambda=0.8,learning_curve,CivilComments-WILDS,9,0.1,798,1.0,0.05,0.8,external_balanced_oracle,True,RLACE::rank=1,RLACE,0.0,True,True,False,False,False,True
learning_curve|CivilComments-WILDS|seed=9|fraction=0.1|gamma=1|tau=0.1|lambda=0.6,learning_curve,CivilComments-WILDS,9,0.1,798,1.0,0.1,0.6,always_deploy_balanced,True,TaCo::components_removed=5,TaCo,0.0,True,False,True,False,False,True
learning_curve|CivilComments-WILDS|seed=9|fraction=0.1|gamma=1|tau=0.1|lambda=0.6,learning_curve,CivilComments-WILDS,9,0.1,798,1.0,0.1,0.6,point_selection_balanced,False,,,0.0,True,NA,False,False,False,True
learning_curve|CivilComments-WILDS|seed=9|fraction=0.1|gamma=1|tau=0.1|lambda=0.6,learning_curve,CivilComments-WILDS,9,0.1,798,1.0,0.1,0.6,vera_balanced_iut,False,,,0.0,True,NA,False,False,False,True
learning_curve|CivilComments-WILDS|seed=9|fraction=0.1|gamma=1|tau=0.1|lambda=0.6,learning_curve,CivilComments-WILDS,9,0.1,798,1.0,0.1,0.6,vera_balanced_envelope,False,,,0.0,True,NA,False,False,False,True
learning_curve|CivilComments-WILDS|seed=9|fraction=0.1|gamma=1|tau=0.1|lambda=0.6,learning_curve,CivilComments-WILDS,9,0.1,798,1.0,0.1,0.6,external_balanced_oracle,False,,,0.0,True,NA,False,False,False,True
learning_curve|CivilComments-WILDS|seed=9|fraction=0.1|gamma=1|tau=0.1|lambda=0.7,learning_curve,CivilComments-WILDS,9,0.1,798,1.0,0.1,0.7,always_deploy_balanced,True,TaCo::components_removed=5,TaCo,0.0,True,True,False,False,False,True
learning_curve|CivilComments-WILDS|seed=9|fraction=0.1|gamma=1|tau=0.1|lambda=0.7,learning_curve,CivilComments-WILDS,9,0.1,798,1.0,0.1,0.7,point_selection_balanced,False,,,0.0,True,NA,False,False,False,True
learning_curve|CivilComments-WILDS|seed=9|fraction=0.1|gamma=1|tau=0.1|lambda=0.7,learning_curve,CivilComments-WILDS,9,0.1,798,1.0,0.1,0.7,vera_balanced_iut,False,,,0.0,True,NA,False,False,False,True
learning_curve|CivilComments-WILDS|seed=9|fraction=0.1|gamma=1|tau=0.1|lambda=0.7,learning_curve,CivilComments-WILDS,9,0.1,798,1.0,0.1,0.7,vera_balanced_envelope,False,,,0.0,True,NA,False,False,False,True
learning_curve|CivilComments-WILDS|seed=9|fraction=0.1|gamma=1|tau=0.1|lambda=0.7,learning_curve,CivilComments-WILDS,9,0.1,798,1.0,0.1,0.7,external_balanced_oracle,True,TaCo::components_removed=5,TaCo,0.0,True,True,False,False,False,True
learning_curve|CivilComments-WILDS|seed=9|fraction=0.1|gamma=1|tau=0.1|lambda=0.8,learning_curve,CivilComments-WILDS,9,0.1,798,1.0,0.1,0.8,always_deploy_balanced,True,TaCo::components_removed=5,TaCo,0.0,True,True,False,False,False,True
learning_curve|CivilComments-WILDS|seed=9|fraction=0.1|gamma=1|tau=0.1|lambda=0.8,learning_curve,CivilComments-WILDS,9,0.1,798,1.0,0.1,0.8,point_selection_balanced,True,"MANCE++::epsilon=0.05,steps=3",MANCE++,0.0,True,True,False,False,False,True
learning_curve|CivilComments-WILDS|seed=9|fraction=0.1|gamma=1|tau=0.1|lambda=0.8,learning_curve,CivilComments-WILDS,9,0.1,798,1.0,0.1,0.8,vera_balanced_iut,False,,,0.0,True,NA,False,False,False,True
learning_curve|CivilComments-WILDS|seed=9|fraction=0.1|gamma=1|tau=0.1|lambda=0.8,learning_curve,CivilComments-WILDS,9,0.1,798,1.0,0.1,0.8,vera_balanced_envelope,False,,,0.0,True,NA,False,False,False,True
learning_curve|CivilComments-WILDS|seed=9|fraction=0.1|gamma=1|tau=0.1|lambda=0.8,learning_curve,CivilComments-WILDS,9,0.1,798,1.0,0.1,0.8,external_balanced_oracle,True,TaCo::components_removed=5,TaCo,0.0,True,True,False,False,False,True
learning_curve|CivilComments-WILDS|seed=9|fraction=0.1|gamma=1|tau=0.2|lambda=0.6,learning_curve,CivilComments-WILDS,9,0.1,798,1.0,0.2,0.6,always_deploy_balanced,True,TaCo::components_removed=5,TaCo,0.0,True,False,True,False,False,True
learning_curve|CivilComments-WILDS|seed=9|fraction=0.1|gamma=1|tau=0.2|lambda=0.6,learning_curve,CivilComments-WILDS,9,0.1,798,1.0,0.2,0.6,point_selection_balanced,False,,,0.0,True,NA,False,False,False,True
learning_curve|CivilComments-WILDS|seed=9|fraction=0.1|gamma=1|tau=0.2|lambda=0.6,learning_curve,CivilComments-WILDS,9,0.1,798,1.0,0.2,0.6,vera_balanced_iut,False,,,0.0,True,NA,False,False,False,True
learning_curve|CivilComments-WILDS|seed=9|fraction=0.1|gamma=1|tau=0.2|lambda=0.6,learning_curve,CivilComments-WILDS,9,0.1,798,1.0,0.2,0.6,vera_balanced_envelope,False,,,0.0,True,NA,False,False,False,True
learning_curve|CivilComments-WILDS|seed=9|fraction=0.1|gamma=1|tau=0.2|lambda=0.6,learning_curve,CivilComments-WILDS,9,0.1,798,1.0,0.2,0.6,external_balanced_oracle,False,,,0.0,True,NA,False,False,False,True
learning_curve|CivilComments-WILDS|seed=9|fraction=0.1|gamma=1|tau=0.2|lambda=0.7,learning_curve,CivilComments-WILDS,9,0.1,798,1.0,0.2,0.7,always_deploy_balanced,True,TaCo::components_removed=5,TaCo,0.0,True,True,False,False,False,True
learning_curve|CivilComments-WILDS|seed=9|fraction=0.1|gamma=1|tau=0.2|lambda=0.7,learning_curve,CivilComments-WILDS,9,0.1,798,1.0,0.2,0.7,point_selection_balanced,True,TaCo::components_removed=5,TaCo,0.0,True,True,False,False,False,True
learning_curve|CivilComments-WILDS|seed=9|fraction=0.1|gamma=1|tau=0.2|lambda=0.7,learning_curve,CivilComments-WILDS,9,0.1,798,1.0,0.2,0.7,vera_balanced_iut,False,,,0.0,True,NA,False,False,False,True
learning_curve|CivilComments-WILDS|seed=9|fraction=0.1|gamma=1|tau=0.2|lambda=0.7,learning_curve,CivilComments-WILDS,9,0.1,798,1.0,0.2,0.7,vera_balanced_envelope,False,,,0.0,True,NA,False,False,False,True
learning_curve|CivilComments-WILDS|seed=9|fraction=0.1|gamma=1|tau=0.2|lambda=0.7,learning_curve,CivilComments-WILDS,9,0.1,798,1.0,0.2,0.7,external_balanced_oracle,True,TaCo::components_removed=5,TaCo,0.0,True,True,False,False,False,True
learning_curve|CivilComments-WILDS|seed=9|fraction=0.1|gamma=1|tau=0.2|lambda=0.8,learning_curve,CivilComments-WILDS,9,0.1,798,1.0,0.2,0.8,always_deploy_balanced,True,TaCo::components_removed=5,TaCo,0.0,True,True,False,False,False,True
learning_curve|CivilComments-WILDS|seed=9|fraction=0.1|gamma=1|tau=0.2|lambda=0.8,learning_curve,CivilComments-WILDS,9,0.1,798,1.0,0.2,0.8,point_selection_balanced,True,TaCo::components_removed=5,TaCo,0.0,True,True,False,False,False,True
learning_curve|CivilComments-WILDS|seed=9|fraction=0.1|gamma=1|tau=0.2|lambda=0.8,learning_curve,CivilComments-WILDS,9,0.1,798,1.0,0.2,0.8,vera_balanced_iut,False,,,0.0,True,NA,False,False,False,True
learning_curve|CivilComments-WILDS|seed=9|fraction=0.1|gamma=1|tau=0.2|lambda=0.8,learning_curve,CivilComments-WILDS,9,0.1,798,1.0,0.2,0.8,vera_balanced_envelope,False,,,0.0,True,NA,False,False,False,True
learning_curve|CivilComments-WILDS|seed=9|fraction=0.1|gamma=1|tau=0.2|lambda=0.8,learning_curve,CivilComments-WILDS,9,0.1,798,1.0,0.2,0.8,external_balanced_oracle,True,TaCo::components_removed=5,TaCo,0.0,True,True,False,False,False,True
learning_curve|CivilComments-WILDS|seed=9|fraction=0.25|gamma=1|tau=0.05|lambda=0.6,learning_curve,CivilComments-WILDS,9,0.25,1998,1.0,0.05,0.6,always_deploy_balanced,True,TaCo::components_removed=5,TaCo,0.0,True,False,True,False,False,True
learning_curve|CivilComments-WILDS|seed=9|fraction=0.25|gamma=1|tau=0.05|lambda=0.6,learning_curve,CivilComments-WILDS,9,0.25,1998,1.0,0.05,0.6,point_selection_balanced,False,,,0.0,True,NA,False,False,False,True
learning_curve|CivilComments-WILDS|seed=9|fraction=0.25|gamma=1|tau=0.05|lambda=0.6,learning_curve,CivilComments-WILDS,9,0.25,1998,1.0,0.05,0.6,vera_balanced_iut,False,,,0.0,True,NA,False,False,False,True
learning_curve|CivilComments-WILDS|seed=9|fraction=0.25|gamma=1|tau=0.05|lambda=0.6,learning_curve,CivilComments-WILDS,9,0.25,1998,1.0,0.05,0.6,vera_balanced_envelope,False,,,0.0,True,NA,False,False,False,True
learning_curve|CivilComments-WILDS|seed=9|fraction=0.25|gamma=1|tau=0.05|lambda=0.6,learning_curve,CivilComments-WILDS,9,0.25,1998,1.0,0.05,0.6,external_balanced_oracle,False,,,0.0,True,NA,False,False,False,True
learning_curve|CivilComments-WILDS|seed=9|fraction=0.25|gamma=1|tau=0.05|lambda=0.7,learning_curve,CivilComments-WILDS,9,0.25,1998,1.0,0.05,0.7,always_deploy_balanced,True,TaCo::components_removed=5,TaCo,0.0,True,False,True,False,False,True
learning_curve|CivilComments-WILDS|seed=9|fraction=0.25|gamma=1|tau=0.05|lambda=0.7,learning_curve,CivilComments-WILDS,9,0.25,1998,1.0,0.05,0.7,point_selection_balanced,False,,,0.0,True,NA,False,False,False,True
learning_curve|CivilComments-WILDS|seed=9|fraction=0.25|gamma=1|tau=0.05|lambda=0.7,learning_curve,CivilComments-WILDS,9,0.25,1998,1.0,0.05,0.7,vera_balanced_iut,False,,,0.0,True,NA,False,False,False,True
learning_curve|CivilComments-WILDS|seed=9|fraction=0.25|gamma=1|tau=0.05|lambda=0.7,learning_curve,CivilComments-WILDS,9,0.25,1998,1.0,0.05,0.7,vera_balanced_envelope,False,,,0.0,True,NA,False,False,False,True
learning_curve|CivilComments-WILDS|seed=9|fraction=0.25|gamma=1|tau=0.05|lambda=0.7,learning_curve,CivilComments-WILDS,9,0.25,1998,1.0,0.05,0.7,external_balanced_oracle,False,,,0.0,True,NA,False,False,False,True
learning_curve|CivilComments-WILDS|seed=9|fraction=0.25|gamma=1|tau=0.05|lambda=0.8,learning_curve,CivilComments-WILDS,9,0.25,1998,1.0,0.05,0.8,always_deploy_balanced,True,TaCo::components_removed=5,TaCo,0.0,True,False,True,False,False,True
learning_curve|CivilComments-WILDS|seed=9|fraction=0.25|gamma=1|tau=0.05|lambda=0.8,learning_curve,CivilComments-WILDS,9,0.25,1998,1.0,0.05,0.8,point_selection_balanced,True,"MANCE++::epsilon=0.05,steps=3",MANCE++,0.0,True,False,True,False,False,True
learning_curve|CivilComments-WILDS|seed=9|fraction=0.25|gamma=1|tau=0.05|lambda=0.8,learning_curve,CivilComments-WILDS,9,0.25,1998,1.0,0.05,0.8,vera_balanced_iut,False,,,0.0,True,NA,False,False,False,True
learning_curve|CivilComments-WILDS|seed=9|fraction=0.25|gamma=1|tau=0.05|lambda=0.8,learning_curve,CivilComments-WILDS,9,0.25,1998,1.0,0.05,0.8,vera_balanced_envelope,False,,,0.0,True,NA,False,False,False,True
learning_curve|CivilComments-WILDS|seed=9|fraction=0.25|gamma=1|tau=0.05|lambda=0.8,learning_curve,CivilComments-WILDS,9,0.25,1998,1.0,0.05,0.8,external_balanced_oracle,True,RLACE::rank=1,RLACE,0.0,True,True,False,False,False,True
learning_curve|CivilComments-WILDS|seed=9|fraction=0.25|gamma=1|tau=0.1|lambda=0.6,learning_curve,CivilComments-WILDS,9,0.25,1998,1.0,0.1,0.6,always_deploy_balanced,True,TaCo::components_removed=5,TaCo,0.0,True,False,True,False,False,True
learning_curve|CivilComments-WILDS|seed=9|fraction=0.25|gamma=1|tau=0.1|lambda=0.6,learning_curve,CivilComments-WILDS,9,0.25,1998,1.0,0.1,0.6,point_selection_balanced,False,,,0.0,True,NA,False,False,False,True
learning_curve|CivilComments-WILDS|seed=9|fraction=0.25|gamma=1|tau=0.1|lambda=0.6,learning_curve,CivilComments-WILDS,9,0.25,1998,1.0,0.1,0.6,vera_balanced_iut,False,,,0.0,True,NA,False,False,False,True
learning_curve|CivilComments-WILDS|seed=9|fraction=0.25|gamma=1|tau=0.1|lambda=0.6,learning_curve,CivilComments-WILDS,9,0.25,1998,1.0,0.1,0.6,vera_balanced_envelope,False,,,0.0,True,NA,False,False,False,True
learning_curve|CivilComments-WILDS|seed=9|fraction=0.25|gamma=1|tau=0.1|lambda=0.6,learning_curve,CivilComments-WILDS,9,0.25,1998,1.0,0.1,0.6,external_balanced_oracle,False,,,0.0,True,NA,False,False,False,True
learning_curve|CivilComments-WILDS|seed=9|fraction=0.25|gamma=1|tau=0.1|lambda=0.7,learning_curve,CivilComments-WILDS,9,0.25,1998,1.0,0.1,0.7,always_deploy_balanced,True,TaCo::components_removed=5,TaCo,0.0,True,True,False,False,False,True
learning_curve|CivilComments-WILDS|seed=9|fraction=0.25|gamma=1|tau=0.1|lambda=0.7,learning_curve,CivilComments-WILDS,9,0.25,1998,1.0,0.1,0.7,point_selection_balanced,True,TaCo::components_removed=5,TaCo,0.0,True,True,False,False,False,True
learning_curve|CivilComments-WILDS|seed=9|fraction=0.25|gamma=1|tau=0.1|lambda=0.7,learning_curve,CivilComments-WILDS,9,0.25,1998,1.0,0.1,0.7,vera_balanced_iut,False,,,0.0,True,NA,False,False,False,True
learning_curve|CivilComments-WILDS|seed=9|fraction=0.25|gamma=1|tau=0.1|lambda=0.7,learning_curve,CivilComments-WILDS,9,0.25,1998,1.0,0.1,0.7,vera_balanced_envelope,False,,,0.0,True,NA,False,False,False,True
learning_curve|CivilComments-WILDS|seed=9|fraction=0.25|gamma=1|tau=0.1|lambda=0.7,learning_curve,CivilComments-WILDS,9,0.25,1998,1.0,0.1,0.7,external_balanced_oracle,True,TaCo::components_removed=5,TaCo,0.0,True,True,False,False,False,True
learning_curve|CivilComments-WILDS|seed=9|fraction=0.25|gamma=1|tau=0.1|lambda=0.8,learning_curve,CivilComments-WILDS,9,0.25,1998,1.0,0.1,0.8,always_deploy_balanced,True,TaCo::components_removed=5,TaCo,0.0,True,True,False,False,False,True
learning_curve|CivilComments-WILDS|seed=9|fraction=0.25|gamma=1|tau=0.1|lambda=0.8,learning_curve,CivilComments-WILDS,9,0.25,1998,1.0,0.1,0.8,point_selection_balanced,True,TaCo::components_removed=5,TaCo,0.0,True,True,False,False,False,True
learning_curve|CivilComments-WILDS|seed=9|fraction=0.25|gamma=1|tau=0.1|lambda=0.8,learning_curve,CivilComments-WILDS,9,0.25,1998,1.0,0.1,0.8,vera_balanced_iut,True,"MANCE++::epsilon=0.05,steps=3",MANCE++,1.0027236938476562,True,True,False,False,False,True
learning_curve|CivilComments-WILDS|seed=9|fraction=0.25|gamma=1|tau=0.1|lambda=0.8,learning_curve,CivilComments-WILDS,9,0.25,1998,1.0,0.1,0.8,vera_balanced_envelope,True,"MANCE++::epsilon=0.05,steps=3",MANCE++,1.0027236938476562,True,True,False,False,False,True
learning_curve|CivilComments-WILDS|seed=9|fraction=0.25|gamma=1|tau=0.1|lambda=0.8,learning_curve,CivilComments-WILDS,9,0.25,1998,1.0,0.1,0.8,external_balanced_oracle,True,TaCo::components_removed=5,TaCo,0.0,True,True,False,False,False,True
learning_curve|CivilComments-WILDS|seed=9|fraction=0.25|gamma=1|tau=0.2|lambda=0.6,learning_curve,CivilComments-WILDS,9,0.25,1998,1.0,0.2,0.6,always_deploy_balanced,True,TaCo::components_removed=5,TaCo,0.0,True,False,True,False,False,True
learning_curve|CivilComments-WILDS|seed=9|fraction=0.25|gamma=1|tau=0.2|lambda=0.6,learning_curve,CivilComments-WILDS,9,0.25,1998,1.0,0.2,0.6,point_selection_balanced,False,,,0.0,True,NA,False,False,False,True
learning_curve|CivilComments-WILDS|seed=9|fraction=0.25|gamma=1|tau=0.2|lambda=0.6,learning_curve,CivilComments-WILDS,9,0.25,1998,1.0,0.2,0.6,vera_balanced_iut,False,,,0.0,True,NA,False,False,False,True
learning_curve|CivilComments-WILDS|seed=9|fraction=0.25|gamma=1|tau=0.2|lambda=0.6,learning_curve,CivilComments-WILDS,9,0.25,1998,1.0,0.2,0.6,vera_balanced_envelope,False,,,0.0,True,NA,False,False,False,True
learning_curve|CivilComments-WILDS|seed=9|fraction=0.25|gamma=1|tau=0.2|lambda=0.6,learning_curve,CivilComments-WILDS,9,0.25,1998,1.0,0.2,0.6,external_balanced_oracle,False,,,0.0,True,NA,False,False,False,True
learning_curve|CivilComments-WILDS|seed=9|fraction=0.25|gamma=1|tau=0.2|lambda=0.7,learning_curve,CivilComments-WILDS,9,0.25,1998,1.0,0.2,0.7,always_deploy_balanced,True,TaCo::components_removed=5,TaCo,1.0405349731445312,True,True,False,False,False,True
learning_curve|CivilComments-WILDS|seed=9|fraction=0.25|gamma=1|tau=0.2|lambda=0.7,learning_curve,CivilComments-WILDS,9,0.25,1998,1.0,0.2,0.7,point_selection_balanced,True,TaCo::components_removed=5,TaCo,1.0405349731445312,True,True,False,False,False,True
learning_curve|CivilComments-WILDS|seed=9|fraction=0.25|gamma=1|tau=0.2|lambda=0.7,learning_curve,CivilComments-WILDS,9,0.25,1998,1.0,0.2,0.7,vera_balanced_iut,True,TaCo::components_removed=5,TaCo,1.0405349731445312,True,True,False,False,False,True
learning_curve|CivilComments-WILDS|seed=9|fraction=0.25|gamma=1|tau=0.2|lambda=0.7,learning_curve,CivilComments-WILDS,9,0.25,1998,1.0,0.2,0.7,vera_balanced_envelope,True,TaCo::components_removed=5,TaCo,1.0405349731445312,True,True,False,False,False,True
learning_curve|CivilComments-WILDS|seed=9|fraction=0.25|gamma=1|tau=0.2|lambda=0.7,learning_curve,CivilComments-WILDS,9,0.25,1998,1.0,0.2,0.7,external_balanced_oracle,True,TaCo::components_removed=5,TaCo,1.0405349731445312,True,True,False,False,False,True
learning_curve|CivilComments-WILDS|seed=9|fraction=0.25|gamma=1|tau=0.2|lambda=0.8,learning_curve,CivilComments-WILDS,9,0.25,1998,1.0,0.2,0.8,always_deploy_balanced,True,TaCo::components_removed=5,TaCo,1.0432052612304688,True,True,False,False,False,True
learning_curve|CivilComments-WILDS|seed=9|fraction=0.25|gamma=1|tau=0.2|lambda=0.8,learning_curve,CivilComments-WILDS,9,0.25,1998,1.0,0.2,0.8,point_selection_balanced,True,TaCo::components_removed=5,TaCo,1.0432052612304688,True,True,False,False,False,True
learning_curve|CivilComments-WILDS|seed=9|fraction=0.25|gamma=1|tau=0.2|lambda=0.8,learning_curve,CivilComments-WILDS,9,0.25,1998,1.0,0.2,0.8,vera_balanced_iut,True,TaCo::components_removed=5,TaCo,1.0432052612304688,True,True,False,False,False,True
learning_curve|CivilComments-WILDS|seed=9|fraction=0.25|gamma=1|tau=0.2|lambda=0.8,learning_curve,CivilComments-WILDS,9,0.25,1998,1.0,0.2,0.8,vera_balanced_envelope,True,TaCo::components_removed=5,TaCo,1.0432052612304688,True,True,False,False,False,True
learning_curve|CivilComments-WILDS|seed=9|fraction=0.25|gamma=1|tau=0.2|lambda=0.8,learning_curve,CivilComments-WILDS,9,0.25,1998,1.0,0.2,0.8,external_balanced_oracle,True,TaCo::components_removed=5,TaCo,1.0432052612304688,True,True,False,False,False,True
learning_curve|CivilComments-WILDS|seed=9|fraction=0.5|gamma=1|tau=0.05|lambda=0.6,learning_curve,CivilComments-WILDS,9,0.5,3999,1.0,0.05,0.6,always_deploy_balanced,True,TaCo::components_removed=5,TaCo,0.0,True,False,True,False,False,True
learning_curve|CivilComments-WILDS|seed=9|fraction=0.5|gamma=1|tau=0.05|lambda=0.6,learning_curve,CivilComments-WILDS,9,0.5,3999,1.0,0.05,0.6,point_selection_balanced,False,,,0.0,True,NA,False,False,False,True
learning_curve|CivilComments-WILDS|seed=9|fraction=0.5|gamma=1|tau=0.05|lambda=0.6,learning_curve,CivilComments-WILDS,9,0.5,3999,1.0,0.05,0.6,vera_balanced_iut,False,,,0.0,True,NA,False,False,False,True
learning_curve|CivilComments-WILDS|seed=9|fraction=0.5|gamma=1|tau=0.05|lambda=0.6,learning_curve,CivilComments-WILDS,9,0.5,3999,1.0,0.05,0.6,vera_balanced_envelope,False,,,0.0,True,NA,False,False,False,True
learning_curve|CivilComments-WILDS|seed=9|fraction=0.5|gamma=1|tau=0.05|lambda=0.6,learning_curve,CivilComments-WILDS,9,0.5,3999,1.0,0.05,0.6,external_balanced_oracle,False,,,0.0,True,NA,False,False,False,True
learning_curve|CivilComments-WILDS|seed=9|fraction=0.5|gamma=1|tau=0.05|lambda=0.7,learning_curve,CivilComments-WILDS,9,0.5,3999,1.0,0.05,0.7,always_deploy_balanced,True,TaCo::components_removed=5,TaCo,0.0,True,False,True,False,False,True
learning_curve|CivilComments-WILDS|seed=9|fraction=0.5|gamma=1|tau=0.05|lambda=0.7,learning_curve,CivilComments-WILDS,9,0.5,3999,1.0,0.05,0.7,point_selection_balanced,False,,,0.0,True,NA,False,False,False,True
learning_curve|CivilComments-WILDS|seed=9|fraction=0.5|gamma=1|tau=0.05|lambda=0.7,learning_curve,CivilComments-WILDS,9,0.5,3999,1.0,0.05,0.7,vera_balanced_iut,False,,,0.0,True,NA,False,False,False,True
learning_curve|CivilComments-WILDS|seed=9|fraction=0.5|gamma=1|tau=0.05|lambda=0.7,learning_curve,CivilComments-WILDS,9,0.5,3999,1.0,0.05,0.7,vera_balanced_envelope,False,,,0.0,True,NA,False,False,False,True
learning_curve|CivilComments-WILDS|seed=9|fraction=0.5|gamma=1|tau=0.05|lambda=0.7,learning_curve,CivilComments-WILDS,9,0.5,3999,1.0,0.05,0.7,external_balanced_oracle,False,,,0.0,True,NA,False,False,False,True
learning_curve|CivilComments-WILDS|seed=9|fraction=0.5|gamma=1|tau=0.05|lambda=0.8,learning_curve,CivilComments-WILDS,9,0.5,3999,1.0,0.05,0.8,always_deploy_balanced,True,TaCo::components_removed=5,TaCo,0.0,True,False,True,False,False,True
learning_curve|CivilComments-WILDS|seed=9|fraction=0.5|gamma=1|tau=0.05|lambda=0.8,learning_curve,CivilComments-WILDS,9,0.5,3999,1.0,0.05,0.8,point_selection_balanced,True,RLACE::rank=1,RLACE,0.0,True,True,False,False,False,True
learning_curve|CivilComments-WILDS|seed=9|fraction=0.5|gamma=1|tau=0.05|lambda=0.8,learning_curve,CivilComments-WILDS,9,0.5,3999,1.0,0.05,0.8,vera_balanced_iut,False,,,0.0,True,NA,False,False,False,True
learning_curve|CivilComments-WILDS|seed=9|fraction=0.5|gamma=1|tau=0.05|lambda=0.8,learning_curve,CivilComments-WILDS,9,0.5,3999,1.0,0.05,0.8,vera_balanced_envelope,False,,,0.0,True,NA,False,False,False,True
learning_curve|CivilComments-WILDS|seed=9|fraction=0.5|gamma=1|tau=0.05|lambda=0.8,learning_curve,CivilComments-WILDS,9,0.5,3999,1.0,0.05,0.8,external_balanced_oracle,True,RLACE::rank=1,RLACE,0.0,True,True,False,False,False,True
learning_curve|CivilComments-WILDS|seed=9|fraction=0.5|gamma=1|tau=0.1|lambda=0.6,learning_curve,CivilComments-WILDS,9,0.5,3999,1.0,0.1,0.6,always_deploy_balanced,True,TaCo::components_removed=5,TaCo,0.0,True,False,True,False,False,True
learning_curve|CivilComments-WILDS|seed=9|fraction=0.5|gamma=1|tau=0.1|lambda=0.6,learning_curve,CivilComments-WILDS,9,0.5,3999,1.0,0.1,0.6,point_selection_balanced,False,,,0.0,True,NA,False,False,False,True
learning_curve|CivilComments-WILDS|seed=9|fraction=0.5|gamma=1|tau=0.1|lambda=0.6,learning_curve,CivilComments-WILDS,9,0.5,3999,1.0,0.1,0.6,vera_balanced_iut,False,,,0.0,True,NA,False,False,False,True
learning_curve|CivilComments-WILDS|seed=9|fraction=0.5|gamma=1|tau=0.1|lambda=0.6,learning_curve,CivilComments-WILDS,9,0.5,3999,1.0,0.1,0.6,vera_balanced_envelope,False,,,0.0,True,NA,False,False,False,True
learning_curve|CivilComments-WILDS|seed=9|fraction=0.5|gamma=1|tau=0.1|lambda=0.6,learning_curve,CivilComments-WILDS,9,0.5,3999,1.0,0.1,0.6,external_balanced_oracle,False,,,0.0,True,NA,False,False,False,True
learning_curve|CivilComments-WILDS|seed=9|fraction=0.5|gamma=1|tau=0.1|lambda=0.7,learning_curve,CivilComments-WILDS,9,0.5,3999,1.0,0.1,0.7,always_deploy_balanced,True,TaCo::components_removed=5,TaCo,0.0,True,True,False,False,False,True
learning_curve|CivilComments-WILDS|seed=9|fraction=0.5|gamma=1|tau=0.1|lambda=0.7,learning_curve,CivilComments-WILDS,9,0.5,3999,1.0,0.1,0.7,point_selection_balanced,True,TaCo::components_removed=5,TaCo,0.0,True,True,False,False,False,True
learning_curve|CivilComments-WILDS|seed=9|fraction=0.5|gamma=1|tau=0.1|lambda=0.7,learning_curve,CivilComments-WILDS,9,0.5,3999,1.0,0.1,0.7,vera_balanced_iut,False,,,0.0,True,NA,False,False,False,True
learning_curve|CivilComments-WILDS|seed=9|fraction=0.5|gamma=1|tau=0.1|lambda=0.7,learning_curve,CivilComments-WILDS,9,0.5,3999,1.0,0.1,0.7,vera_balanced_envelope,False,,,0.0,True,NA,False,False,False,True
learning_curve|CivilComments-WILDS|seed=9|fraction=0.5|gamma=1|tau=0.1|lambda=0.7,learning_curve,CivilComments-WILDS,9,0.5,3999,1.0,0.1,0.7,external_balanced_oracle,True,TaCo::components_removed=5,TaCo,0.0,True,True,False,False,False,True
learning_curve|CivilComments-WILDS|seed=9|fraction=0.5|gamma=1|tau=0.1|lambda=0.8,learning_curve,CivilComments-WILDS,9,0.5,3999,1.0,0.1,0.8,always_deploy_balanced,True,TaCo::components_removed=5,TaCo,0.0,True,True,False,False,False,True
learning_curve|CivilComments-WILDS|seed=9|fraction=0.5|gamma=1|tau=0.1|lambda=0.8,learning_curve,CivilComments-WILDS,9,0.5,3999,1.0,0.1,0.8,point_selection_balanced,True,TaCo::components_removed=5,TaCo,0.0,True,True,False,False,False,True
learning_curve|CivilComments-WILDS|seed=9|fraction=0.5|gamma=1|tau=0.1|lambda=0.8,learning_curve,CivilComments-WILDS,9,0.5,3999,1.0,0.1,0.8,vera_balanced_iut,True,"MANCE++::epsilon=0.05,steps=3",MANCE++,1.0159149169921875,True,True,False,False,False,True
learning_curve|CivilComments-WILDS|seed=9|fraction=0.5|gamma=1|tau=0.1|lambda=0.8,learning_curve,CivilComments-WILDS,9,0.5,3999,1.0,0.1,0.8,vera_balanced_envelope,True,"MANCE++::epsilon=0.05,steps=3",MANCE++,1.0159149169921875,True,True,False,False,False,True
learning_curve|CivilComments-WILDS|seed=9|fraction=0.5|gamma=1|tau=0.1|lambda=0.8,learning_curve,CivilComments-WILDS,9,0.5,3999,1.0,0.1,0.8,external_balanced_oracle,True,TaCo::components_removed=5,TaCo,0.0,True,True,False,False,False,True
learning_curve|CivilComments-WILDS|seed=9|fraction=0.5|gamma=1|tau=0.2|lambda=0.6,learning_curve,CivilComments-WILDS,9,0.5,3999,1.0,0.2,0.6,always_deploy_balanced,True,TaCo::components_removed=5,TaCo,0.0,True,False,True,False,False,True
learning_curve|CivilComments-WILDS|seed=9|fraction=0.5|gamma=1|tau=0.2|lambda=0.6,learning_curve,CivilComments-WILDS,9,0.5,3999,1.0,0.2,0.6,point_selection_balanced,False,,,0.0,True,NA,False,False,False,True
learning_curve|CivilComments-WILDS|seed=9|fraction=0.5|gamma=1|tau=0.2|lambda=0.6,learning_curve,CivilComments-WILDS,9,0.5,3999,1.0,0.2,0.6,vera_balanced_iut,False,,,0.0,True,NA,False,False,False,True
learning_curve|CivilComments-WILDS|seed=9|fraction=0.5|gamma=1|tau=0.2|lambda=0.6,learning_curve,CivilComments-WILDS,9,0.5,3999,1.0,0.2,0.6,vera_balanced_envelope,False,,,0.0,True,NA,False,False,False,True
learning_curve|CivilComments-WILDS|seed=9|fraction=0.5|gamma=1|tau=0.2|lambda=0.6,learning_curve,CivilComments-WILDS,9,0.5,3999,1.0,0.2,0.6,external_balanced_oracle,False,,,0.0,True,NA,False,False,False,True
learning_curve|CivilComments-WILDS|seed=9|fraction=0.5|gamma=1|tau=0.2|lambda=0.7,learning_curve,CivilComments-WILDS,9,0.5,3999,1.0,0.2,0.7,always_deploy_balanced,True,TaCo::components_removed=5,TaCo,1.0649948120117188,True,True,False,False,False,True
learning_curve|CivilComments-WILDS|seed=9|fraction=0.5|gamma=1|tau=0.2|lambda=0.7,learning_curve,CivilComments-WILDS,9,0.5,3999,1.0,0.2,0.7,point_selection_balanced,True,TaCo::components_removed=5,TaCo,1.0649948120117188,True,True,False,False,False,True
learning_curve|CivilComments-WILDS|seed=9|fraction=0.5|gamma=1|tau=0.2|lambda=0.7,learning_curve,CivilComments-WILDS,9,0.5,3999,1.0,0.2,0.7,vera_balanced_iut,True,TaCo::components_removed=5,TaCo,1.0649948120117188,True,True,False,False,False,True
learning_curve|CivilComments-WILDS|seed=9|fraction=0.5|gamma=1|tau=0.2|lambda=0.7,learning_curve,CivilComments-WILDS,9,0.5,3999,1.0,0.2,0.7,vera_balanced_envelope,True,TaCo::components_removed=5,TaCo,1.0649948120117188,True,True,False,False,False,True
learning_curve|CivilComments-WILDS|seed=9|fraction=0.5|gamma=1|tau=0.2|lambda=0.7,learning_curve,CivilComments-WILDS,9,0.5,3999,1.0,0.2,0.7,external_balanced_oracle,True,TaCo::components_removed=5,TaCo,1.0649948120117188,True,True,False,False,False,True
learning_curve|CivilComments-WILDS|seed=9|fraction=0.5|gamma=1|tau=0.2|lambda=0.8,learning_curve,CivilComments-WILDS,9,0.5,3999,1.0,0.2,0.8,always_deploy_balanced,True,TaCo::components_removed=5,TaCo,1.0649948120117188,True,True,False,False,False,True
learning_curve|CivilComments-WILDS|seed=9|fraction=0.5|gamma=1|tau=0.2|lambda=0.8,learning_curve,CivilComments-WILDS,9,0.5,3999,1.0,0.2,0.8,point_selection_balanced,True,TaCo::components_removed=5,TaCo,1.0649948120117188,True,True,False,False,False,True
learning_curve|CivilComments-WILDS|seed=9|fraction=0.5|gamma=1|tau=0.2|lambda=0.8,learning_curve,CivilComments-WILDS,9,0.5,3999,1.0,0.2,0.8,vera_balanced_iut,True,TaCo::components_removed=5,TaCo,1.0649948120117188,True,True,False,False,False,True
learning_curve|CivilComments-WILDS|seed=9|fraction=0.5|gamma=1|tau=0.2|lambda=0.8,learning_curve,CivilComments-WILDS,9,0.5,3999,1.0,0.2,0.8,vera_balanced_envelope,True,TaCo::components_removed=5,TaCo,1.0649948120117188,True,True,False,False,False,True
learning_curve|CivilComments-WILDS|seed=9|fraction=0.5|gamma=1|tau=0.2|lambda=0.8,learning_curve,CivilComments-WILDS,9,0.5,3999,1.0,0.2,0.8,external_balanced_oracle,True,TaCo::components_removed=5,TaCo,1.0649948120117188,True,True,False,False,False,True
primary|CivilComments-WILDS|seed=9|fraction=1|gamma=1|tau=0.05|lambda=0.6,primary,CivilComments-WILDS,9,1.0,8000,1.0,0.05,0.6,always_deploy_balanced,True,TaCo::components_removed=5,TaCo,0.0,True,False,True,False,False,True
primary|CivilComments-WILDS|seed=9|fraction=1|gamma=1|tau=0.05|lambda=0.6,primary,CivilComments-WILDS,9,1.0,8000,1.0,0.05,0.6,point_selection_balanced,False,,,0.0,True,NA,False,False,False,True
primary|CivilComments-WILDS|seed=9|fraction=1|gamma=1|tau=0.05|lambda=0.6,primary,CivilComments-WILDS,9,1.0,8000,1.0,0.05,0.6,vera_balanced_iut,False,,,0.0,True,NA,False,False,False,True
primary|CivilComments-WILDS|seed=9|fraction=1|gamma=1|tau=0.05|lambda=0.6,primary,CivilComments-WILDS,9,1.0,8000,1.0,0.05,0.6,vera_balanced_envelope,False,,,0.0,True,NA,False,False,False,True
primary|CivilComments-WILDS|seed=9|fraction=1|gamma=1|tau=0.05|lambda=0.6,primary,CivilComments-WILDS,9,1.0,8000,1.0,0.05,0.6,external_balanced_oracle,False,,,0.0,True,NA,False,False,False,True
primary|CivilComments-WILDS|seed=9|fraction=1|gamma=1|tau=0.05|lambda=0.7,primary,CivilComments-WILDS,9,1.0,8000,1.0,0.05,0.7,always_deploy_balanced,True,TaCo::components_removed=5,TaCo,0.0,True,False,True,False,False,True
primary|CivilComments-WILDS|seed=9|fraction=1|gamma=1|tau=0.05|lambda=0.7,primary,CivilComments-WILDS,9,1.0,8000,1.0,0.05,0.7,point_selection_balanced,False,,,0.0,True,NA,False,False,False,True
primary|CivilComments-WILDS|seed=9|fraction=1|gamma=1|tau=0.05|lambda=0.7,primary,CivilComments-WILDS,9,1.0,8000,1.0,0.05,0.7,vera_balanced_iut,False,,,0.0,True,NA,False,False,False,True
primary|CivilComments-WILDS|seed=9|fraction=1|gamma=1|tau=0.05|lambda=0.7,primary,CivilComments-WILDS,9,1.0,8000,1.0,0.05,0.7,vera_balanced_envelope,False,,,0.0,True,NA,False,False,False,True
primary|CivilComments-WILDS|seed=9|fraction=1|gamma=1|tau=0.05|lambda=0.7,primary,CivilComments-WILDS,9,1.0,8000,1.0,0.05,0.7,external_balanced_oracle,False,,,0.0,True,NA,False,False,False,True
primary|CivilComments-WILDS|seed=9|fraction=1|gamma=1|tau=0.05|lambda=0.8,primary,CivilComments-WILDS,9,1.0,8000,1.0,0.05,0.8,always_deploy_balanced,True,TaCo::components_removed=5,TaCo,0.0,True,False,True,False,False,True
primary|CivilComments-WILDS|seed=9|fraction=1|gamma=1|tau=0.05|lambda=0.8,primary,CivilComments-WILDS,9,1.0,8000,1.0,0.05,0.8,point_selection_balanced,True,RLACE::rank=1,RLACE,0.0,True,True,False,False,False,True
primary|CivilComments-WILDS|seed=9|fraction=1|gamma=1|tau=0.05|lambda=0.8,primary,CivilComments-WILDS,9,1.0,8000,1.0,0.05,0.8,vera_balanced_iut,False,,,0.0,True,NA,False,False,False,True
primary|CivilComments-WILDS|seed=9|fraction=1|gamma=1|tau=0.05|lambda=0.8,primary,CivilComments-WILDS,9,1.0,8000,1.0,0.05,0.8,vera_balanced_envelope,False,,,0.0,True,NA,False,False,False,True
primary|CivilComments-WILDS|seed=9|fraction=1|gamma=1|tau=0.05|lambda=0.8,primary,CivilComments-WILDS,9,1.0,8000,1.0,0.05,0.8,external_balanced_oracle,True,RLACE::rank=1,RLACE,0.0,True,True,False,False,False,True
primary|CivilComments-WILDS|seed=9|fraction=1|gamma=1|tau=0.1|lambda=0.6,primary,CivilComments-WILDS,9,1.0,8000,1.0,0.1,0.6,always_deploy_balanced,True,TaCo::components_removed=5,TaCo,0.0,True,False,True,False,False,True
primary|CivilComments-WILDS|seed=9|fraction=1|gamma=1|tau=0.1|lambda=0.6,primary,CivilComments-WILDS,9,1.0,8000,1.0,0.1,0.6,point_selection_balanced,False,,,0.0,True,NA,False,False,False,True
primary|CivilComments-WILDS|seed=9|fraction=1|gamma=1|tau=0.1|lambda=0.6,primary,CivilComments-WILDS,9,1.0,8000,1.0,0.1,0.6,vera_balanced_iut,False,,,0.0,True,NA,False,False,False,True
primary|CivilComments-WILDS|seed=9|fraction=1|gamma=1|tau=0.1|lambda=0.6,primary,CivilComments-WILDS,9,1.0,8000,1.0,0.1,0.6,vera_balanced_envelope,False,,,0.0,True,NA,False,False,False,True
primary|CivilComments-WILDS|seed=9|fraction=1|gamma=1|tau=0.1|lambda=0.6,primary,CivilComments-WILDS,9,1.0,8000,1.0,0.1,0.6,external_balanced_oracle,False,,,0.0,True,NA,False,False,False,True
primary|CivilComments-WILDS|seed=9|fraction=1|gamma=1|tau=0.1|lambda=0.7,primary,CivilComments-WILDS,9,1.0,8000,1.0,0.1,0.7,always_deploy_balanced,True,TaCo::components_removed=5,TaCo,0.0,True,True,False,False,False,True
primary|CivilComments-WILDS|seed=9|fraction=1|gamma=1|tau=0.1|lambda=0.7,primary,CivilComments-WILDS,9,1.0,8000,1.0,0.1,0.7,point_selection_balanced,True,TaCo::components_removed=5,TaCo,0.0,True,True,False,False,False,True
primary|CivilComments-WILDS|seed=9|fraction=1|gamma=1|tau=0.1|lambda=0.7,primary,CivilComments-WILDS,9,1.0,8000,1.0,0.1,0.7,vera_balanced_iut,False,,,0.0,True,NA,False,False,False,True
primary|CivilComments-WILDS|seed=9|fraction=1|gamma=1|tau=0.1|lambda=0.7,primary,CivilComments-WILDS,9,1.0,8000,1.0,0.1,0.7,vera_balanced_envelope,False,,,0.0,True,NA,False,False,False,True
primary|CivilComments-WILDS|seed=9|fraction=1|gamma=1|tau=0.1|lambda=0.7,primary,CivilComments-WILDS,9,1.0,8000,1.0,0.1,0.7,external_balanced_oracle,True,TaCo::components_removed=5,TaCo,0.0,True,True,False,False,False,True
primary|CivilComments-WILDS|seed=9|fraction=1|gamma=1|tau=0.1|lambda=0.8,primary,CivilComments-WILDS,9,1.0,8000,1.0,0.1,0.8,always_deploy_balanced,True,TaCo::components_removed=5,TaCo,0.0,True,True,False,False,False,True
primary|CivilComments-WILDS|seed=9|fraction=1|gamma=1|tau=0.1|lambda=0.8,primary,CivilComments-WILDS,9,1.0,8000,1.0,0.1,0.8,point_selection_balanced,True,TaCo::components_removed=5,TaCo,0.0,True,True,False,False,False,True
primary|CivilComments-WILDS|seed=9|fraction=1|gamma=1|tau=0.1|lambda=0.8,primary,CivilComments-WILDS,9,1.0,8000,1.0,0.1,0.8,vera_balanced_iut,True,"MANCE++::epsilon=0.05,steps=3",MANCE++,1.0186386108398438,True,True,False,False,False,True
primary|CivilComments-WILDS|seed=9|fraction=1|gamma=1|tau=0.1|lambda=0.8,primary,CivilComments-WILDS,9,1.0,8000,1.0,0.1,0.8,vera_balanced_envelope,True,"MANCE++::epsilon=0.05,steps=3",MANCE++,1.0186386108398438,True,True,False,False,False,True
primary|CivilComments-WILDS|seed=9|fraction=1|gamma=1|tau=0.1|lambda=0.8,primary,CivilComments-WILDS,9,1.0,8000,1.0,0.1,0.8,external_balanced_oracle,True,TaCo::components_removed=5,TaCo,0.0,True,True,False,False,False,True
primary|CivilComments-WILDS|seed=9|fraction=1|gamma=1|tau=0.2|lambda=0.6,primary,CivilComments-WILDS,9,1.0,8000,1.0,0.2,0.6,always_deploy_balanced,True,TaCo::components_removed=5,TaCo,0.0,True,False,True,False,False,True
primary|CivilComments-WILDS|seed=9|fraction=1|gamma=1|tau=0.2|lambda=0.6,primary,CivilComments-WILDS,9,1.0,8000,1.0,0.2,0.6,point_selection_balanced,False,,,0.0,True,NA,False,False,False,True
primary|CivilComments-WILDS|seed=9|fraction=1|gamma=1|tau=0.2|lambda=0.6,primary,CivilComments-WILDS,9,1.0,8000,1.0,0.2,0.6,vera_balanced_iut,False,,,0.0,True,NA,False,False,False,True
primary|CivilComments-WILDS|seed=9|fraction=1|gamma=1|tau=0.2|lambda=0.6,primary,CivilComments-WILDS,9,1.0,8000,1.0,0.2,0.6,vera_balanced_envelope,False,,,0.0,True,NA,False,False,False,True
primary|CivilComments-WILDS|seed=9|fraction=1|gamma=1|tau=0.2|lambda=0.6,primary,CivilComments-WILDS,9,1.0,8000,1.0,0.2,0.6,external_balanced_oracle,False,,,0.0,True,NA,False,False,False,True
primary|CivilComments-WILDS|seed=9|fraction=1|gamma=1|tau=0.2|lambda=0.7,primary,CivilComments-WILDS,9,1.0,8000,1.0,0.2,0.7,always_deploy_balanced,True,TaCo::components_removed=5,TaCo,1.0740203857421875,True,True,False,False,False,True
primary|CivilComments-WILDS|seed=9|fraction=1|gamma=1|tau=0.2|lambda=0.7,primary,CivilComments-WILDS,9,1.0,8000,1.0,0.2,0.7,point_selection_balanced,True,TaCo::components_removed=5,TaCo,1.0740203857421875,True,True,False,False,False,True
primary|CivilComments-WILDS|seed=9|fraction=1|gamma=1|tau=0.2|lambda=0.7,primary,CivilComments-WILDS,9,1.0,8000,1.0,0.2,0.7,vera_balanced_iut,True,TaCo::components_removed=5,TaCo,1.0740203857421875,True,True,False,False,False,True
primary|CivilComments-WILDS|seed=9|fraction=1|gamma=1|tau=0.2|lambda=0.7,primary,CivilComments-WILDS,9,1.0,8000,1.0,0.2,0.7,vera_balanced_envelope,True,TaCo::components_removed=5,TaCo,1.0740203857421875,True,True,False,False,False,True
primary|CivilComments-WILDS|seed=9|fraction=1|gamma=1|tau=0.2|lambda=0.7,primary,CivilComments-WILDS,9,1.0,8000,1.0,0.2,0.7,external_balanced_oracle,True,TaCo::components_removed=5,TaCo,1.0740203857421875,True,True,False,False,False,True
primary|CivilComments-WILDS|seed=9|fraction=1|gamma=1|tau=0.2|lambda=0.8,primary,CivilComments-WILDS,9,1.0,8000,1.0,0.2,0.8,always_deploy_balanced,True,TaCo::components_removed=5,TaCo,1.0740203857421875,True,True,False,False,False,True
primary|CivilComments-WILDS|seed=9|fraction=1|gamma=1|tau=0.2|lambda=0.8,primary,CivilComments-WILDS,9,1.0,8000,1.0,0.2,0.8,point_selection_balanced,True,TaCo::components_removed=5,TaCo,1.0740203857421875,True,True,False,False,False,True
primary|CivilComments-WILDS|seed=9|fraction=1|gamma=1|tau=0.2|lambda=0.8,primary,CivilComments-WILDS,9,1.0,8000,1.0,0.2,0.8,vera_balanced_iut,True,TaCo::components_removed=5,TaCo,1.0740203857421875,True,True,False,False,False,True
primary|CivilComments-WILDS|seed=9|fraction=1|gamma=1|tau=0.2|lambda=0.8,primary,CivilComments-WILDS,9,1.0,8000,1.0,0.2,0.8,vera_balanced_envelope,True,TaCo::components_removed=5,TaCo,1.0740203857421875,True,True,False,False,False,True
primary|CivilComments-WILDS|seed=9|fraction=1|gamma=1|tau=0.2|lambda=0.8,primary,CivilComments-WILDS,9,1.0,8000,1.0,0.2,0.8,external_balanced_oracle,True,TaCo::components_removed=5,TaCo,1.0740203857421875,True,True,False,False,False,True
shifted_sensitivity|CivilComments-WILDS|seed=9|fraction=1|gamma=1.01|tau=0.05|lambda=0.6,shifted_sensitivity,CivilComments-WILDS,9,1.0,8000,1.01,0.05,0.6,always_deploy_balanced,True,TaCo::components_removed=5,TaCo,0.0,True,False,True,False,False,True
shifted_sensitivity|CivilComments-WILDS|seed=9|fraction=1|gamma=1.01|tau=0.05|lambda=0.6,shifted_sensitivity,CivilComments-WILDS,9,1.0,8000,1.01,0.05,0.6,point_selection_balanced,False,,,0.0,True,NA,False,False,False,True
shifted_sensitivity|CivilComments-WILDS|seed=9|fraction=1|gamma=1.01|tau=0.05|lambda=0.6,shifted_sensitivity,CivilComments-WILDS,9,1.0,8000,1.01,0.05,0.6,vera_balanced_iut,False,,,0.0,True,NA,False,False,False,True
shifted_sensitivity|CivilComments-WILDS|seed=9|fraction=1|gamma=1.01|tau=0.05|lambda=0.6,shifted_sensitivity,CivilComments-WILDS,9,1.0,8000,1.01,0.05,0.6,vera_balanced_envelope,False,,,0.0,True,NA,False,False,False,True
shifted_sensitivity|CivilComments-WILDS|seed=9|fraction=1|gamma=1.01|tau=0.05|lambda=0.6,shifted_sensitivity,CivilComments-WILDS,9,1.0,8000,1.01,0.05,0.6,external_balanced_oracle,False,,,0.0,True,NA,False,False,False,True
shifted_sensitivity|CivilComments-WILDS|seed=9|fraction=1|gamma=1.01|tau=0.05|lambda=0.7,shifted_sensitivity,CivilComments-WILDS,9,1.0,8000,1.01,0.05,0.7,always_deploy_balanced,True,TaCo::components_removed=5,TaCo,0.0,True,False,True,False,False,True
shifted_sensitivity|CivilComments-WILDS|seed=9|fraction=1|gamma=1.01|tau=0.05|lambda=0.7,shifted_sensitivity,CivilComments-WILDS,9,1.0,8000,1.01,0.05,0.7,point_selection_balanced,False,,,0.0,True,NA,False,False,False,True
shifted_sensitivity|CivilComments-WILDS|seed=9|fraction=1|gamma=1.01|tau=0.05|lambda=0.7,shifted_sensitivity,CivilComments-WILDS,9,1.0,8000,1.01,0.05,0.7,vera_balanced_iut,False,,,0.0,True,NA,False,False,False,True
shifted_sensitivity|CivilComments-WILDS|seed=9|fraction=1|gamma=1.01|tau=0.05|lambda=0.7,shifted_sensitivity,CivilComments-WILDS,9,1.0,8000,1.01,0.05,0.7,vera_balanced_envelope,False,,,0.0,True,NA,False,False,False,True
shifted_sensitivity|CivilComments-WILDS|seed=9|fraction=1|gamma=1.01|tau=0.05|lambda=0.7,shifted_sensitivity,CivilComments-WILDS,9,1.0,8000,1.01,0.05,0.7,external_balanced_oracle,False,,,0.0,True,NA,False,False,False,True
shifted_sensitivity|CivilComments-WILDS|seed=9|fraction=1|gamma=1.01|tau=0.05|lambda=0.8,shifted_sensitivity,CivilComments-WILDS,9,1.0,8000,1.01,0.05,0.8,always_deploy_balanced,True,TaCo::components_removed=5,TaCo,0.0,True,False,True,False,False,True
shifted_sensitivity|CivilComments-WILDS|seed=9|fraction=1|gamma=1.01|tau=0.05|lambda=0.8,shifted_sensitivity,CivilComments-WILDS,9,1.0,8000,1.01,0.05,0.8,point_selection_balanced,True,RLACE::rank=1,RLACE,0.0,True,True,False,False,False,True
shifted_sensitivity|CivilComments-WILDS|seed=9|fraction=1|gamma=1.01|tau=0.05|lambda=0.8,shifted_sensitivity,CivilComments-WILDS,9,1.0,8000,1.01,0.05,0.8,vera_balanced_iut,False,,,0.0,True,NA,False,False,False,True
shifted_sensitivity|CivilComments-WILDS|seed=9|fraction=1|gamma=1.01|tau=0.05|lambda=0.8,shifted_sensitivity,CivilComments-WILDS,9,1.0,8000,1.01,0.05,0.8,vera_balanced_envelope,False,,,0.0,True,NA,False,False,False,True
shifted_sensitivity|CivilComments-WILDS|seed=9|fraction=1|gamma=1.01|tau=0.05|lambda=0.8,shifted_sensitivity,CivilComments-WILDS,9,1.0,8000,1.01,0.05,0.8,external_balanced_oracle,True,RLACE::rank=1,RLACE,0.0,True,True,False,False,False,True
shifted_sensitivity|CivilComments-WILDS|seed=9|fraction=1|gamma=1.01|tau=0.1|lambda=0.6,shifted_sensitivity,CivilComments-WILDS,9,1.0,8000,1.01,0.1,0.6,always_deploy_balanced,True,TaCo::components_removed=5,TaCo,0.0,True,False,True,False,False,True
shifted_sensitivity|CivilComments-WILDS|seed=9|fraction=1|gamma=1.01|tau=0.1|lambda=0.6,shifted_sensitivity,CivilComments-WILDS,9,1.0,8000,1.01,0.1,0.6,point_selection_balanced,False,,,0.0,True,NA,False,False,False,True
shifted_sensitivity|CivilComments-WILDS|seed=9|fraction=1|gamma=1.01|tau=0.1|lambda=0.6,shifted_sensitivity,CivilComments-WILDS,9,1.0,8000,1.01,0.1,0.6,vera_balanced_iut,False,,,0.0,True,NA,False,False,False,True
shifted_sensitivity|CivilComments-WILDS|seed=9|fraction=1|gamma=1.01|tau=0.1|lambda=0.6,shifted_sensitivity,CivilComments-WILDS,9,1.0,8000,1.01,0.1,0.6,vera_balanced_envelope,False,,,0.0,True,NA,False,False,False,True
shifted_sensitivity|CivilComments-WILDS|seed=9|fraction=1|gamma=1.01|tau=0.1|lambda=0.6,shifted_sensitivity,CivilComments-WILDS,9,1.0,8000,1.01,0.1,0.6,external_balanced_oracle,False,,,0.0,True,NA,False,False,False,True
shifted_sensitivity|CivilComments-WILDS|seed=9|fraction=1|gamma=1.01|tau=0.1|lambda=0.7,shifted_sensitivity,CivilComments-WILDS,9,1.0,8000,1.01,0.1,0.7,always_deploy_balanced,True,TaCo::components_removed=5,TaCo,0.0,True,True,False,False,False,True
shifted_sensitivity|CivilComments-WILDS|seed=9|fraction=1|gamma=1.01|tau=0.1|lambda=0.7,shifted_sensitivity,CivilComments-WILDS,9,1.0,8000,1.01,0.1,0.7,point_selection_balanced,True,TaCo::components_removed=5,TaCo,0.0,True,True,False,False,False,True
shifted_sensitivity|CivilComments-WILDS|seed=9|fraction=1|gamma=1.01|tau=0.1|lambda=0.7,shifted_sensitivity,CivilComments-WILDS,9,1.0,8000,1.01,0.1,0.7,vera_balanced_iut,False,,,0.0,True,NA,False,False,False,True
shifted_sensitivity|CivilComments-WILDS|seed=9|fraction=1|gamma=1.01|tau=0.1|lambda=0.7,shifted_sensitivity,CivilComments-WILDS,9,1.0,8000,1.01,0.1,0.7,vera_balanced_envelope,False,,,0.0,True,NA,False,False,False,True
shifted_sensitivity|CivilComments-WILDS|seed=9|fraction=1|gamma=1.01|tau=0.1|lambda=0.7,shifted_sensitivity,CivilComments-WILDS,9,1.0,8000,1.01,0.1,0.7,external_balanced_oracle,True,TaCo::components_removed=5,TaCo,0.0,True,True,False,False,False,True
shifted_sensitivity|CivilComments-WILDS|seed=9|fraction=1|gamma=1.01|tau=0.1|lambda=0.8,shifted_sensitivity,CivilComments-WILDS,9,1.0,8000,1.01,0.1,0.8,always_deploy_balanced,True,TaCo::components_removed=5,TaCo,0.0,True,True,False,False,False,True
shifted_sensitivity|CivilComments-WILDS|seed=9|fraction=1|gamma=1.01|tau=0.1|lambda=0.8,shifted_sensitivity,CivilComments-WILDS,9,1.0,8000,1.01,0.1,0.8,point_selection_balanced,True,TaCo::components_removed=5,TaCo,0.0,True,True,False,False,False,True
shifted_sensitivity|CivilComments-WILDS|seed=9|fraction=1|gamma=1.01|tau=0.1|lambda=0.8,shifted_sensitivity,CivilComments-WILDS,9,1.0,8000,1.01,0.1,0.8,vera_balanced_iut,True,"MANCE++::epsilon=0.05,steps=3",MANCE++,1.0186386108398438,True,True,False,False,False,True
shifted_sensitivity|CivilComments-WILDS|seed=9|fraction=1|gamma=1.01|tau=0.1|lambda=0.8,shifted_sensitivity,CivilComments-WILDS,9,1.0,8000,1.01,0.1,0.8,vera_balanced_envelope,True,"MANCE++::epsilon=0.05,steps=3",MANCE++,1.0186386108398438,True,True,False,False,False,True
shifted_sensitivity|CivilComments-WILDS|seed=9|fraction=1|gamma=1.01|tau=0.1|lambda=0.8,shifted_sensitivity,CivilComments-WILDS,9,1.0,8000,1.01,0.1,0.8,external_balanced_oracle,True,TaCo::components_removed=5,TaCo,0.0,True,True,False,False,False,True
shifted_sensitivity|CivilComments-WILDS|seed=9|fraction=1|gamma=1.01|tau=0.2|lambda=0.6,shifted_sensitivity,CivilComments-WILDS,9,1.0,8000,1.01,0.2,0.6,always_deploy_balanced,True,TaCo::components_removed=5,TaCo,0.0,True,False,True,False,False,True
shifted_sensitivity|CivilComments-WILDS|seed=9|fraction=1|gamma=1.01|tau=0.2|lambda=0.6,shifted_sensitivity,CivilComments-WILDS,9,1.0,8000,1.01,0.2,0.6,point_selection_balanced,False,,,0.0,True,NA,False,False,False,True
shifted_sensitivity|CivilComments-WILDS|seed=9|fraction=1|gamma=1.01|tau=0.2|lambda=0.6,shifted_sensitivity,CivilComments-WILDS,9,1.0,8000,1.01,0.2,0.6,vera_balanced_iut,False,,,0.0,True,NA,False,False,False,True
shifted_sensitivity|CivilComments-WILDS|seed=9|fraction=1|gamma=1.01|tau=0.2|lambda=0.6,shifted_sensitivity,CivilComments-WILDS,9,1.0,8000,1.01,0.2,0.6,vera_balanced_envelope,False,,,0.0,True,NA,False,False,False,True
shifted_sensitivity|CivilComments-WILDS|seed=9|fraction=1|gamma=1.01|tau=0.2|lambda=0.6,shifted_sensitivity,CivilComments-WILDS,9,1.0,8000,1.01,0.2,0.6,external_balanced_oracle,False,,,0.0,True,NA,False,False,False,True
shifted_sensitivity|CivilComments-WILDS|seed=9|fraction=1|gamma=1.01|tau=0.2|lambda=0.7,shifted_sensitivity,CivilComments-WILDS,9,1.0,8000,1.01,0.2,0.7,always_deploy_balanced,True,TaCo::components_removed=5,TaCo,1.0740203857421875,True,True,False,False,False,True
shifted_sensitivity|CivilComments-WILDS|seed=9|fraction=1|gamma=1.01|tau=0.2|lambda=0.7,shifted_sensitivity,CivilComments-WILDS,9,1.0,8000,1.01,0.2,0.7,point_selection_balanced,True,TaCo::components_removed=5,TaCo,1.0740203857421875,True,True,False,False,False,True
shifted_sensitivity|CivilComments-WILDS|seed=9|fraction=1|gamma=1.01|tau=0.2|lambda=0.7,shifted_sensitivity,CivilComments-WILDS,9,1.0,8000,1.01,0.2,0.7,vera_balanced_iut,True,TaCo::components_removed=5,TaCo,1.0740203857421875,True,True,False,False,False,True
shifted_sensitivity|CivilComments-WILDS|seed=9|fraction=1|gamma=1.01|tau=0.2|lambda=0.7,shifted_sensitivity,CivilComments-WILDS,9,1.0,8000,1.01,0.2,0.7,vera_balanced_envelope,True,TaCo::components_removed=5,TaCo,1.0740203857421875,True,True,False,False,False,True
shifted_sensitivity|CivilComments-WILDS|seed=9|fraction=1|gamma=1.01|tau=0.2|lambda=0.7,shifted_sensitivity,CivilComments-WILDS,9,1.0,8000,1.01,0.2,0.7,external_balanced_oracle,True,TaCo::components_removed=5,TaCo,1.0740203857421875,True,True,False,False,False,True
shifted_sensitivity|CivilComments-WILDS|seed=9|fraction=1|gamma=1.01|tau=0.2|lambda=0.8,shifted_sensitivity,CivilComments-WILDS,9,1.0,8000,1.01,0.2,0.8,always_deploy_balanced,True,TaCo::components_removed=5,TaCo,1.0740203857421875,True,True,False,False,False,True
shifted_sensitivity|CivilComments-WILDS|seed=9|fraction=1|gamma=1.01|tau=0.2|lambda=0.8,shifted_sensitivity,CivilComments-WILDS,9,1.0,8000,1.01,0.2,0.8,point_selection_balanced,True,TaCo::components_removed=5,TaCo,1.0740203857421875,True,True,False,False,False,True
shifted_sensitivity|CivilComments-WILDS|seed=9|fraction=1|gamma=1.01|tau=0.2|lambda=0.8,shifted_sensitivity,CivilComments-WILDS,9,1.0,8000,1.01,0.2,0.8,vera_balanced_iut,True,TaCo::components_removed=5,TaCo,1.0740203857421875,True,True,False,False,False,True
shifted_sensitivity|CivilComments-WILDS|seed=9|fraction=1|gamma=1.01|tau=0.2|lambda=0.8,shifted_sensitivity,CivilComments-WILDS,9,1.0,8000,1.01,0.2,0.8,vera_balanced_envelope,True,TaCo::components_removed=5,TaCo,1.0740203857421875,True,True,False,False,False,True
shifted_sensitivity|CivilComments-WILDS|seed=9|fraction=1|gamma=1.01|tau=0.2|lambda=0.8,shifted_sensitivity,CivilComments-WILDS,9,1.0,8000,1.01,0.2,0.8,external_balanced_oracle,True,TaCo::components_removed=5,TaCo,1.0740203857421875,True,True,False,False,False,True
learning_curve|CivilComments-WILDS|seed=10|fraction=0.05|gamma=1|tau=0.05|lambda=0.6,learning_curve,CivilComments-WILDS,10,0.05,397,1.0,0.05,0.6,always_deploy_balanced,True,TaCo::components_removed=3,TaCo,0.0,True,False,True,False,False,True
learning_curve|CivilComments-WILDS|seed=10|fraction=0.05|gamma=1|tau=0.05|lambda=0.6,learning_curve,CivilComments-WILDS,10,0.05,397,1.0,0.05,0.6,point_selection_balanced,False,,,0.0,True,NA,False,False,False,True
learning_curve|CivilComments-WILDS|seed=10|fraction=0.05|gamma=1|tau=0.05|lambda=0.6,learning_curve,CivilComments-WILDS,10,0.05,397,1.0,0.05,0.6,vera_balanced_iut,False,,,0.0,True,NA,False,False,False,True
learning_curve|CivilComments-WILDS|seed=10|fraction=0.05|gamma=1|tau=0.05|lambda=0.6,learning_curve,CivilComments-WILDS,10,0.05,397,1.0,0.05,0.6,vera_balanced_envelope,False,,,0.0,True,NA,False,False,False,True
learning_curve|CivilComments-WILDS|seed=10|fraction=0.05|gamma=1|tau=0.05|lambda=0.6,learning_curve,CivilComments-WILDS,10,0.05,397,1.0,0.05,0.6,external_balanced_oracle,False,,,0.0,True,NA,False,False,False,True
learning_curve|CivilComments-WILDS|seed=10|fraction=0.05|gamma=1|tau=0.05|lambda=0.7,learning_curve,CivilComments-WILDS,10,0.05,397,1.0,0.05,0.7,always_deploy_balanced,True,TaCo::components_removed=3,TaCo,0.0,True,False,True,False,False,True
learning_curve|CivilComments-WILDS|seed=10|fraction=0.05|gamma=1|tau=0.05|lambda=0.7,learning_curve,CivilComments-WILDS,10,0.05,397,1.0,0.05,0.7,point_selection_balanced,False,,,0.0,True,NA,False,False,False,True
learning_curve|CivilComments-WILDS|seed=10|fraction=0.05|gamma=1|tau=0.05|lambda=0.7,learning_curve,CivilComments-WILDS,10,0.05,397,1.0,0.05,0.7,vera_balanced_iut,False,,,0.0,True,NA,False,False,False,True
learning_curve|CivilComments-WILDS|seed=10|fraction=0.05|gamma=1|tau=0.05|lambda=0.7,learning_curve,CivilComments-WILDS,10,0.05,397,1.0,0.05,0.7,vera_balanced_envelope,False,,,0.0,True,NA,False,False,False,True
learning_curve|CivilComments-WILDS|seed=10|fraction=0.05|gamma=1|tau=0.05|lambda=0.7,learning_curve,CivilComments-WILDS,10,0.05,397,1.0,0.05,0.7,external_balanced_oracle,False,,,0.0,True,NA,False,False,False,True
learning_curve|CivilComments-WILDS|seed=10|fraction=0.05|gamma=1|tau=0.05|lambda=0.8,learning_curve,CivilComments-WILDS,10,0.05,397,1.0,0.05,0.8,always_deploy_balanced,True,TaCo::components_removed=3,TaCo,0.0,True,False,True,False,False,True
learning_curve|CivilComments-WILDS|seed=10|fraction=0.05|gamma=1|tau=0.05|lambda=0.8,learning_curve,CivilComments-WILDS,10,0.05,397,1.0,0.05,0.8,point_selection_balanced,False,,,0.0,True,NA,False,False,False,True
learning_curve|CivilComments-WILDS|seed=10|fraction=0.05|gamma=1|tau=0.05|lambda=0.8,learning_curve,CivilComments-WILDS,10,0.05,397,1.0,0.05,0.8,vera_balanced_iut,False,,,0.0,True,NA,False,False,False,True
learning_curve|CivilComments-WILDS|seed=10|fraction=0.05|gamma=1|tau=0.05|lambda=0.8,learning_curve,CivilComments-WILDS,10,0.05,397,1.0,0.05,0.8,vera_balanced_envelope,False,,,0.0,True,NA,False,False,False,True
learning_curve|CivilComments-WILDS|seed=10|fraction=0.05|gamma=1|tau=0.05|lambda=0.8,learning_curve,CivilComments-WILDS,10,0.05,397,1.0,0.05,0.8,external_balanced_oracle,True,INLP::rank=4,INLP,0.0,True,True,False,False,False,True
learning_curve|CivilComments-WILDS|seed=10|fraction=0.05|gamma=1|tau=0.1|lambda=0.6,learning_curve,CivilComments-WILDS,10,0.05,397,1.0,0.1,0.6,always_deploy_balanced,True,TaCo::components_removed=3,TaCo,0.0,True,False,True,False,False,True
learning_curve|CivilComments-WILDS|seed=10|fraction=0.05|gamma=1|tau=0.1|lambda=0.6,learning_curve,CivilComments-WILDS,10,0.05,397,1.0,0.1,0.6,point_selection_balanced,False,,,0.0,True,NA,False,False,False,True
learning_curve|CivilComments-WILDS|seed=10|fraction=0.05|gamma=1|tau=0.1|lambda=0.6,learning_curve,CivilComments-WILDS,10,0.05,397,1.0,0.1,0.6,vera_balanced_iut,False,,,0.0,True,NA,False,False,False,True
learning_curve|CivilComments-WILDS|seed=10|fraction=0.05|gamma=1|tau=0.1|lambda=0.6,learning_curve,CivilComments-WILDS,10,0.05,397,1.0,0.1,0.6,vera_balanced_envelope,False,,,0.0,True,NA,False,False,False,True
learning_curve|CivilComments-WILDS|seed=10|fraction=0.05|gamma=1|tau=0.1|lambda=0.6,learning_curve,CivilComments-WILDS,10,0.05,397,1.0,0.1,0.6,external_balanced_oracle,False,,,0.0,True,NA,False,False,False,True
learning_curve|CivilComments-WILDS|seed=10|fraction=0.05|gamma=1|tau=0.1|lambda=0.7,learning_curve,CivilComments-WILDS,10,0.05,397,1.0,0.1,0.7,always_deploy_balanced,True,TaCo::components_removed=3,TaCo,0.0,True,True,False,False,False,True
learning_curve|CivilComments-WILDS|seed=10|fraction=0.05|gamma=1|tau=0.1|lambda=0.7,learning_curve,CivilComments-WILDS,10,0.05,397,1.0,0.1,0.7,point_selection_balanced,False,,,0.0,True,NA,False,False,False,True
learning_curve|CivilComments-WILDS|seed=10|fraction=0.05|gamma=1|tau=0.1|lambda=0.7,learning_curve,CivilComments-WILDS,10,0.05,397,1.0,0.1,0.7,vera_balanced_iut,False,,,0.0,True,NA,False,False,False,True
learning_curve|CivilComments-WILDS|seed=10|fraction=0.05|gamma=1|tau=0.1|lambda=0.7,learning_curve,CivilComments-WILDS,10,0.05,397,1.0,0.1,0.7,vera_balanced_envelope,False,,,0.0,True,NA,False,False,False,True
learning_curve|CivilComments-WILDS|seed=10|fraction=0.05|gamma=1|tau=0.1|lambda=0.7,learning_curve,CivilComments-WILDS,10,0.05,397,1.0,0.1,0.7,external_balanced_oracle,True,TaCo::components_removed=3,TaCo,0.0,True,True,False,False,False,True
learning_curve|CivilComments-WILDS|seed=10|fraction=0.05|gamma=1|tau=0.1|lambda=0.8,learning_curve,CivilComments-WILDS,10,0.05,397,1.0,0.1,0.8,always_deploy_balanced,True,TaCo::components_removed=3,TaCo,0.0,True,True,False,False,False,True
learning_curve|CivilComments-WILDS|seed=10|fraction=0.05|gamma=1|tau=0.1|lambda=0.8,learning_curve,CivilComments-WILDS,10,0.05,397,1.0,0.1,0.8,point_selection_balanced,True,"MANCE++::epsilon=0.05,steps=3",MANCE++,0.0,True,True,False,False,False,True
learning_curve|CivilComments-WILDS|seed=10|fraction=0.05|gamma=1|tau=0.1|lambda=0.8,learning_curve,CivilComments-WILDS,10,0.05,397,1.0,0.1,0.8,vera_balanced_iut,False,,,0.0,True,NA,False,False,False,True
learning_curve|CivilComments-WILDS|seed=10|fraction=0.05|gamma=1|tau=0.1|lambda=0.8,learning_curve,CivilComments-WILDS,10,0.05,397,1.0,0.1,0.8,vera_balanced_envelope,False,,,0.0,True,NA,False,False,False,True
learning_curve|CivilComments-WILDS|seed=10|fraction=0.05|gamma=1|tau=0.1|lambda=0.8,learning_curve,CivilComments-WILDS,10,0.05,397,1.0,0.1,0.8,external_balanced_oracle,True,TaCo::components_removed=3,TaCo,0.0,True,True,False,False,False,True
learning_curve|CivilComments-WILDS|seed=10|fraction=0.05|gamma=1|tau=0.2|lambda=0.6,learning_curve,CivilComments-WILDS,10,0.05,397,1.0,0.2,0.6,always_deploy_balanced,True,TaCo::components_removed=3,TaCo,0.0,True,False,True,False,False,True
learning_curve|CivilComments-WILDS|seed=10|fraction=0.05|gamma=1|tau=0.2|lambda=0.6,learning_curve,CivilComments-WILDS,10,0.05,397,1.0,0.2,0.6,point_selection_balanced,False,,,0.0,True,NA,False,False,False,True
learning_curve|CivilComments-WILDS|seed=10|fraction=0.05|gamma=1|tau=0.2|lambda=0.6,learning_curve,CivilComments-WILDS,10,0.05,397,1.0,0.2,0.6,vera_balanced_iut,False,,,0.0,True,NA,False,False,False,True
learning_curve|CivilComments-WILDS|seed=10|fraction=0.05|gamma=1|tau=0.2|lambda=0.6,learning_curve,CivilComments-WILDS,10,0.05,397,1.0,0.2,0.6,vera_balanced_envelope,False,,,0.0,True,NA,False,False,False,True
learning_curve|CivilComments-WILDS|seed=10|fraction=0.05|gamma=1|tau=0.2|lambda=0.6,learning_curve,CivilComments-WILDS,10,0.05,397,1.0,0.2,0.6,external_balanced_oracle,False,,,0.0,True,NA,False,False,False,True
learning_curve|CivilComments-WILDS|seed=10|fraction=0.05|gamma=1|tau=0.2|lambda=0.7,learning_curve,CivilComments-WILDS,10,0.05,397,1.0,0.2,0.7,always_deploy_balanced,True,TaCo::components_removed=3,TaCo,0.0,True,True,False,False,False,True
learning_curve|CivilComments-WILDS|seed=10|fraction=0.05|gamma=1|tau=0.2|lambda=0.7,learning_curve,CivilComments-WILDS,10,0.05,397,1.0,0.2,0.7,point_selection_balanced,True,TaCo::components_removed=3,TaCo,0.0,True,True,False,False,False,True
learning_curve|CivilComments-WILDS|seed=10|fraction=0.05|gamma=1|tau=0.2|lambda=0.7,learning_curve,CivilComments-WILDS,10,0.05,397,1.0,0.2,0.7,vera_balanced_iut,False,,,0.0,True,NA,False,False,False,True
learning_curve|CivilComments-WILDS|seed=10|fraction=0.05|gamma=1|tau=0.2|lambda=0.7,learning_curve,CivilComments-WILDS,10,0.05,397,1.0,0.2,0.7,vera_balanced_envelope,False,,,0.0,True,NA,False,False,False,True
learning_curve|CivilComments-WILDS|seed=10|fraction=0.05|gamma=1|tau=0.2|lambda=0.7,learning_curve,CivilComments-WILDS,10,0.05,397,1.0,0.2,0.7,external_balanced_oracle,True,TaCo::components_removed=3,TaCo,0.0,True,True,False,False,False,True
learning_curve|CivilComments-WILDS|seed=10|fraction=0.05|gamma=1|tau=0.2|lambda=0.8,learning_curve,CivilComments-WILDS,10,0.05,397,1.0,0.2,0.8,always_deploy_balanced,True,TaCo::components_removed=3,TaCo,0.0,True,True,False,False,False,True
learning_curve|CivilComments-WILDS|seed=10|fraction=0.05|gamma=1|tau=0.2|lambda=0.8,learning_curve,CivilComments-WILDS,10,0.05,397,1.0,0.2,0.8,point_selection_balanced,True,TaCo::components_removed=3,TaCo,0.0,True,True,False,False,False,True
learning_curve|CivilComments-WILDS|seed=10|fraction=0.05|gamma=1|tau=0.2|lambda=0.8,learning_curve,CivilComments-WILDS,10,0.05,397,1.0,0.2,0.8,vera_balanced_iut,False,,,0.0,True,NA,False,False,False,True
learning_curve|CivilComments-WILDS|seed=10|fraction=0.05|gamma=1|tau=0.2|lambda=0.8,learning_curve,CivilComments-WILDS,10,0.05,397,1.0,0.2,0.8,vera_balanced_envelope,False,,,0.0,True,NA,False,False,False,True
learning_curve|CivilComments-WILDS|seed=10|fraction=0.05|gamma=1|tau=0.2|lambda=0.8,learning_curve,CivilComments-WILDS,10,0.05,397,1.0,0.2,0.8,external_balanced_oracle,True,TaCo::components_removed=3,TaCo,0.0,True,True,False,False,False,True
learning_curve|CivilComments-WILDS|seed=10|fraction=0.1|gamma=1|tau=0.05|lambda=0.6,learning_curve,CivilComments-WILDS,10,0.1,798,1.0,0.05,0.6,always_deploy_balanced,True,TaCo::components_removed=3,TaCo,0.0,True,False,True,False,False,True
learning_curve|CivilComments-WILDS|seed=10|fraction=0.1|gamma=1|tau=0.05|lambda=0.6,learning_curve,CivilComments-WILDS,10,0.1,798,1.0,0.05,0.6,point_selection_balanced,False,,,0.0,True,NA,False,False,False,True
learning_curve|CivilComments-WILDS|seed=10|fraction=0.1|gamma=1|tau=0.05|lambda=0.6,learning_curve,CivilComments-WILDS,10,0.1,798,1.0,0.05,0.6,vera_balanced_iut,False,,,0.0,True,NA,False,False,False,True
learning_curve|CivilComments-WILDS|seed=10|fraction=0.1|gamma=1|tau=0.05|lambda=0.6,learning_curve,CivilComments-WILDS,10,0.1,798,1.0,0.05,0.6,vera_balanced_envelope,False,,,0.0,True,NA,False,False,False,True
learning_curve|CivilComments-WILDS|seed=10|fraction=0.1|gamma=1|tau=0.05|lambda=0.6,learning_curve,CivilComments-WILDS,10,0.1,798,1.0,0.05,0.6,external_balanced_oracle,False,,,0.0,True,NA,False,False,False,True
learning_curve|CivilComments-WILDS|seed=10|fraction=0.1|gamma=1|tau=0.05|lambda=0.7,learning_curve,CivilComments-WILDS,10,0.1,798,1.0,0.05,0.7,always_deploy_balanced,True,TaCo::components_removed=3,TaCo,0.0,True,False,True,False,False,True
learning_curve|CivilComments-WILDS|seed=10|fraction=0.1|gamma=1|tau=0.05|lambda=0.7,learning_curve,CivilComments-WILDS,10,0.1,798,1.0,0.05,0.7,point_selection_balanced,False,,,0.0,True,NA,False,False,False,True
learning_curve|CivilComments-WILDS|seed=10|fraction=0.1|gamma=1|tau=0.05|lambda=0.7,learning_curve,CivilComments-WILDS,10,0.1,798,1.0,0.05,0.7,vera_balanced_iut,False,,,0.0,True,NA,False,False,False,True
learning_curve|CivilComments-WILDS|seed=10|fraction=0.1|gamma=1|tau=0.05|lambda=0.7,learning_curve,CivilComments-WILDS,10,0.1,798,1.0,0.05,0.7,vera_balanced_envelope,False,,,0.0,True,NA,False,False,False,True
learning_curve|CivilComments-WILDS|seed=10|fraction=0.1|gamma=1|tau=0.05|lambda=0.7,learning_curve,CivilComments-WILDS,10,0.1,798,1.0,0.05,0.7,external_balanced_oracle,False,,,0.0,True,NA,False,False,False,True
learning_curve|CivilComments-WILDS|seed=10|fraction=0.1|gamma=1|tau=0.05|lambda=0.8,learning_curve,CivilComments-WILDS,10,0.1,798,1.0,0.05,0.8,always_deploy_balanced,True,TaCo::components_removed=3,TaCo,0.0,True,False,True,False,False,True
learning_curve|CivilComments-WILDS|seed=10|fraction=0.1|gamma=1|tau=0.05|lambda=0.8,learning_curve,CivilComments-WILDS,10,0.1,798,1.0,0.05,0.8,point_selection_balanced,True,"MANCE++::epsilon=0.05,steps=3",MANCE++,0.0,True,False,True,False,False,True
learning_curve|CivilComments-WILDS|seed=10|fraction=0.1|gamma=1|tau=0.05|lambda=0.8,learning_curve,CivilComments-WILDS,10,0.1,798,1.0,0.05,0.8,vera_balanced_iut,False,,,0.0,True,NA,False,False,False,True
learning_curve|CivilComments-WILDS|seed=10|fraction=0.1|gamma=1|tau=0.05|lambda=0.8,learning_curve,CivilComments-WILDS,10,0.1,798,1.0,0.05,0.8,vera_balanced_envelope,False,,,0.0,True,NA,False,False,False,True
learning_curve|CivilComments-WILDS|seed=10|fraction=0.1|gamma=1|tau=0.05|lambda=0.8,learning_curve,CivilComments-WILDS,10,0.1,798,1.0,0.05,0.8,external_balanced_oracle,True,INLP::rank=4,INLP,0.0,True,True,False,False,False,True
learning_curve|CivilComments-WILDS|seed=10|fraction=0.1|gamma=1|tau=0.1|lambda=0.6,learning_curve,CivilComments-WILDS,10,0.1,798,1.0,0.1,0.6,always_deploy_balanced,True,TaCo::components_removed=3,TaCo,0.0,True,False,True,False,False,True
learning_curve|CivilComments-WILDS|seed=10|fraction=0.1|gamma=1|tau=0.1|lambda=0.6,learning_curve,CivilComments-WILDS,10,0.1,798,1.0,0.1,0.6,point_selection_balanced,False,,,0.0,True,NA,False,False,False,True
learning_curve|CivilComments-WILDS|seed=10|fraction=0.1|gamma=1|tau=0.1|lambda=0.6,learning_curve,CivilComments-WILDS,10,0.1,798,1.0,0.1,0.6,vera_balanced_iut,False,,,0.0,True,NA,False,False,False,True
learning_curve|CivilComments-WILDS|seed=10|fraction=0.1|gamma=1|tau=0.1|lambda=0.6,learning_curve,CivilComments-WILDS,10,0.1,798,1.0,0.1,0.6,vera_balanced_envelope,False,,,0.0,True,NA,False,False,False,True
learning_curve|CivilComments-WILDS|seed=10|fraction=0.1|gamma=1|tau=0.1|lambda=0.6,learning_curve,CivilComments-WILDS,10,0.1,798,1.0,0.1,0.6,external_balanced_oracle,False,,,0.0,True,NA,False,False,False,True
learning_curve|CivilComments-WILDS|seed=10|fraction=0.1|gamma=1|tau=0.1|lambda=0.7,learning_curve,CivilComments-WILDS,10,0.1,798,1.0,0.1,0.7,always_deploy_balanced,True,TaCo::components_removed=3,TaCo,0.0,True,True,False,False,False,True
learning_curve|CivilComments-WILDS|seed=10|fraction=0.1|gamma=1|tau=0.1|lambda=0.7,learning_curve,CivilComments-WILDS,10,0.1,798,1.0,0.1,0.7,point_selection_balanced,False,,,0.0,True,NA,False,False,False,True
learning_curve|CivilComments-WILDS|seed=10|fraction=0.1|gamma=1|tau=0.1|lambda=0.7,learning_curve,CivilComments-WILDS,10,0.1,798,1.0,0.1,0.7,vera_balanced_iut,False,,,0.0,True,NA,False,False,False,True
learning_curve|CivilComments-WILDS|seed=10|fraction=0.1|gamma=1|tau=0.1|lambda=0.7,learning_curve,CivilComments-WILDS,10,0.1,798,1.0,0.1,0.7,vera_balanced_envelope,False,,,0.0,True,NA,False,False,False,True
learning_curve|CivilComments-WILDS|seed=10|fraction=0.1|gamma=1|tau=0.1|lambda=0.7,learning_curve,CivilComments-WILDS,10,0.1,798,1.0,0.1,0.7,external_balanced_oracle,True,TaCo::components_removed=3,TaCo,0.0,True,True,False,False,False,True
learning_curve|CivilComments-WILDS|seed=10|fraction=0.1|gamma=1|tau=0.1|lambda=0.8,learning_curve,CivilComments-WILDS,10,0.1,798,1.0,0.1,0.8,always_deploy_balanced,True,TaCo::components_removed=3,TaCo,0.0,True,True,False,False,False,True
learning_curve|CivilComments-WILDS|seed=10|fraction=0.1|gamma=1|tau=0.1|lambda=0.8,learning_curve,CivilComments-WILDS,10,0.1,798,1.0,0.1,0.8,point_selection_balanced,True,"MANCE++::epsilon=0.05,steps=3",MANCE++,0.0,True,True,False,False,False,True
learning_curve|CivilComments-WILDS|seed=10|fraction=0.1|gamma=1|tau=0.1|lambda=0.8,learning_curve,CivilComments-WILDS,10,0.1,798,1.0,0.1,0.8,vera_balanced_iut,False,,,0.0,True,NA,False,False,False,True
learning_curve|CivilComments-WILDS|seed=10|fraction=0.1|gamma=1|tau=0.1|lambda=0.8,learning_curve,CivilComments-WILDS,10,0.1,798,1.0,0.1,0.8,vera_balanced_envelope,False,,,0.0,True,NA,False,False,False,True
learning_curve|CivilComments-WILDS|seed=10|fraction=0.1|gamma=1|tau=0.1|lambda=0.8,learning_curve,CivilComments-WILDS,10,0.1,798,1.0,0.1,0.8,external_balanced_oracle,True,TaCo::components_removed=3,TaCo,0.0,True,True,False,False,False,True
learning_curve|CivilComments-WILDS|seed=10|fraction=0.1|gamma=1|tau=0.2|lambda=0.6,learning_curve,CivilComments-WILDS,10,0.1,798,1.0,0.2,0.6,always_deploy_balanced,True,TaCo::components_removed=3,TaCo,0.0,True,False,True,False,False,True
learning_curve|CivilComments-WILDS|seed=10|fraction=0.1|gamma=1|tau=0.2|lambda=0.6,learning_curve,CivilComments-WILDS,10,0.1,798,1.0,0.2,0.6,point_selection_balanced,False,,,0.0,True,NA,False,False,False,True
learning_curve|CivilComments-WILDS|seed=10|fraction=0.1|gamma=1|tau=0.2|lambda=0.6,learning_curve,CivilComments-WILDS,10,0.1,798,1.0,0.2,0.6,vera_balanced_iut,False,,,0.0,True,NA,False,False,False,True
learning_curve|CivilComments-WILDS|seed=10|fraction=0.1|gamma=1|tau=0.2|lambda=0.6,learning_curve,CivilComments-WILDS,10,0.1,798,1.0,0.2,0.6,vera_balanced_envelope,False,,,0.0,True,NA,False,False,False,True
learning_curve|CivilComments-WILDS|seed=10|fraction=0.1|gamma=1|tau=0.2|lambda=0.6,learning_curve,CivilComments-WILDS,10,0.1,798,1.0,0.2,0.6,external_balanced_oracle,False,,,0.0,True,NA,False,False,False,True
learning_curve|CivilComments-WILDS|seed=10|fraction=0.1|gamma=1|tau=0.2|lambda=0.7,learning_curve,CivilComments-WILDS,10,0.1,798,1.0,0.2,0.7,always_deploy_balanced,True,TaCo::components_removed=3,TaCo,0.0,True,True,False,False,False,True
learning_curve|CivilComments-WILDS|seed=10|fraction=0.1|gamma=1|tau=0.2|lambda=0.7,learning_curve,CivilComments-WILDS,10,0.1,798,1.0,0.2,0.7,point_selection_balanced,True,TaCo::components_removed=3,TaCo,0.0,True,True,False,False,False,True
learning_curve|CivilComments-WILDS|seed=10|fraction=0.1|gamma=1|tau=0.2|lambda=0.7,learning_curve,CivilComments-WILDS,10,0.1,798,1.0,0.2,0.7,vera_balanced_iut,False,,,0.0,True,NA,False,False,False,True
learning_curve|CivilComments-WILDS|seed=10|fraction=0.1|gamma=1|tau=0.2|lambda=0.7,learning_curve,CivilComments-WILDS,10,0.1,798,1.0,0.2,0.7,vera_balanced_envelope,False,,,0.0,True,NA,False,False,False,True
learning_curve|CivilComments-WILDS|seed=10|fraction=0.1|gamma=1|tau=0.2|lambda=0.7,learning_curve,CivilComments-WILDS,10,0.1,798,1.0,0.2,0.7,external_balanced_oracle,True,TaCo::components_removed=3,TaCo,0.0,True,True,False,False,False,True
learning_curve|CivilComments-WILDS|seed=10|fraction=0.1|gamma=1|tau=0.2|lambda=0.8,learning_curve,CivilComments-WILDS,10,0.1,798,1.0,0.2,0.8,always_deploy_balanced,True,TaCo::components_removed=3,TaCo,0.0,True,True,False,False,False,True
learning_curve|CivilComments-WILDS|seed=10|fraction=0.1|gamma=1|tau=0.2|lambda=0.8,learning_curve,CivilComments-WILDS,10,0.1,798,1.0,0.2,0.8,point_selection_balanced,True,TaCo::components_removed=3,TaCo,0.0,True,True,False,False,False,True
learning_curve|CivilComments-WILDS|seed=10|fraction=0.1|gamma=1|tau=0.2|lambda=0.8,learning_curve,CivilComments-WILDS,10,0.1,798,1.0,0.2,0.8,vera_balanced_iut,True,"MANCE++::epsilon=0.05,steps=3",MANCE++,0.0,True,True,False,False,False,True
learning_curve|CivilComments-WILDS|seed=10|fraction=0.1|gamma=1|tau=0.2|lambda=0.8,learning_curve,CivilComments-WILDS,10,0.1,798,1.0,0.2,0.8,vera_balanced_envelope,False,,,0.0,True,NA,False,False,False,True
learning_curve|CivilComments-WILDS|seed=10|fraction=0.1|gamma=1|tau=0.2|lambda=0.8,learning_curve,CivilComments-WILDS,10,0.1,798,1.0,0.2,0.8,external_balanced_oracle,True,TaCo::components_removed=3,TaCo,0.0,True,True,False,False,False,True
learning_curve|CivilComments-WILDS|seed=10|fraction=0.25|gamma=1|tau=0.05|lambda=0.6,learning_curve,CivilComments-WILDS,10,0.25,1998,1.0,0.05,0.6,always_deploy_balanced,True,TaCo::components_removed=3,TaCo,0.0,True,False,True,False,False,True
learning_curve|CivilComments-WILDS|seed=10|fraction=0.25|gamma=1|tau=0.05|lambda=0.6,learning_curve,CivilComments-WILDS,10,0.25,1998,1.0,0.05,0.6,point_selection_balanced,False,,,0.0,True,NA,False,False,False,True
learning_curve|CivilComments-WILDS|seed=10|fraction=0.25|gamma=1|tau=0.05|lambda=0.6,learning_curve,CivilComments-WILDS,10,0.25,1998,1.0,0.05,0.6,vera_balanced_iut,False,,,0.0,True,NA,False,False,False,True
learning_curve|CivilComments-WILDS|seed=10|fraction=0.25|gamma=1|tau=0.05|lambda=0.6,learning_curve,CivilComments-WILDS,10,0.25,1998,1.0,0.05,0.6,vera_balanced_envelope,False,,,0.0,True,NA,False,False,False,True
learning_curve|CivilComments-WILDS|seed=10|fraction=0.25|gamma=1|tau=0.05|lambda=0.6,learning_curve,CivilComments-WILDS,10,0.25,1998,1.0,0.05,0.6,external_balanced_oracle,False,,,0.0,True,NA,False,False,False,True
learning_curve|CivilComments-WILDS|seed=10|fraction=0.25|gamma=1|tau=0.05|lambda=0.7,learning_curve,CivilComments-WILDS,10,0.25,1998,1.0,0.05,0.7,always_deploy_balanced,True,TaCo::components_removed=3,TaCo,0.0,True,False,True,False,False,True
learning_curve|CivilComments-WILDS|seed=10|fraction=0.25|gamma=1|tau=0.05|lambda=0.7,learning_curve,CivilComments-WILDS,10,0.25,1998,1.0,0.05,0.7,point_selection_balanced,False,,,0.0,True,NA,False,False,False,True
learning_curve|CivilComments-WILDS|seed=10|fraction=0.25|gamma=1|tau=0.05|lambda=0.7,learning_curve,CivilComments-WILDS,10,0.25,1998,1.0,0.05,0.7,vera_balanced_iut,False,,,0.0,True,NA,False,False,False,True
learning_curve|CivilComments-WILDS|seed=10|fraction=0.25|gamma=1|tau=0.05|lambda=0.7,learning_curve,CivilComments-WILDS,10,0.25,1998,1.0,0.05,0.7,vera_balanced_envelope,False,,,0.0,True,NA,False,False,False,True
learning_curve|CivilComments-WILDS|seed=10|fraction=0.25|gamma=1|tau=0.05|lambda=0.7,learning_curve,CivilComments-WILDS,10,0.25,1998,1.0,0.05,0.7,external_balanced_oracle,False,,,0.0,True,NA,False,False,False,True
learning_curve|CivilComments-WILDS|seed=10|fraction=0.25|gamma=1|tau=0.05|lambda=0.8,learning_curve,CivilComments-WILDS,10,0.25,1998,1.0,0.05,0.8,always_deploy_balanced,True,TaCo::components_removed=3,TaCo,0.0,True,False,True,False,False,True
learning_curve|CivilComments-WILDS|seed=10|fraction=0.25|gamma=1|tau=0.05|lambda=0.8,learning_curve,CivilComments-WILDS,10,0.25,1998,1.0,0.05,0.8,point_selection_balanced,True,INLP::rank=8,INLP,0.0,True,False,True,False,False,True
learning_curve|CivilComments-WILDS|seed=10|fraction=0.25|gamma=1|tau=0.05|lambda=0.8,learning_curve,CivilComments-WILDS,10,0.25,1998,1.0,0.05,0.8,vera_balanced_iut,False,,,0.0,True,NA,False,False,False,True
learning_curve|CivilComments-WILDS|seed=10|fraction=0.25|gamma=1|tau=0.05|lambda=0.8,learning_curve,CivilComments-WILDS,10,0.25,1998,1.0,0.05,0.8,vera_balanced_envelope,False,,,0.0,True,NA,False,False,False,True
learning_curve|CivilComments-WILDS|seed=10|fraction=0.25|gamma=1|tau=0.05|lambda=0.8,learning_curve,CivilComments-WILDS,10,0.25,1998,1.0,0.05,0.8,external_balanced_oracle,True,INLP::rank=4,INLP,0.0,True,True,False,False,False,True
learning_curve|CivilComments-WILDS|seed=10|fraction=0.25|gamma=1|tau=0.1|lambda=0.6,learning_curve,CivilComments-WILDS,10,0.25,1998,1.0,0.1,0.6,always_deploy_balanced,True,TaCo::components_removed=3,TaCo,0.0,True,False,True,False,False,True
learning_curve|CivilComments-WILDS|seed=10|fraction=0.25|gamma=1|tau=0.1|lambda=0.6,learning_curve,CivilComments-WILDS,10,0.25,1998,1.0,0.1,0.6,point_selection_balanced,False,,,0.0,True,NA,False,False,False,True
learning_curve|CivilComments-WILDS|seed=10|fraction=0.25|gamma=1|tau=0.1|lambda=0.6,learning_curve,CivilComments-WILDS,10,0.25,1998,1.0,0.1,0.6,vera_balanced_iut,False,,,0.0,True,NA,False,False,False,True
learning_curve|CivilComments-WILDS|seed=10|fraction=0.25|gamma=1|tau=0.1|lambda=0.6,learning_curve,CivilComments-WILDS,10,0.25,1998,1.0,0.1,0.6,vera_balanced_envelope,False,,,0.0,True,NA,False,False,False,True
learning_curve|CivilComments-WILDS|seed=10|fraction=0.25|gamma=1|tau=0.1|lambda=0.6,learning_curve,CivilComments-WILDS,10,0.25,1998,1.0,0.1,0.6,external_balanced_oracle,False,,,0.0,True,NA,False,False,False,True
learning_curve|CivilComments-WILDS|seed=10|fraction=0.25|gamma=1|tau=0.1|lambda=0.7,learning_curve,CivilComments-WILDS,10,0.25,1998,1.0,0.1,0.7,always_deploy_balanced,True,TaCo::components_removed=3,TaCo,0.0,True,True,False,False,False,True
learning_curve|CivilComments-WILDS|seed=10|fraction=0.25|gamma=1|tau=0.1|lambda=0.7,learning_curve,CivilComments-WILDS,10,0.25,1998,1.0,0.1,0.7,point_selection_balanced,True,TaCo::components_removed=3,TaCo,0.0,True,True,False,False,False,True
learning_curve|CivilComments-WILDS|seed=10|fraction=0.25|gamma=1|tau=0.1|lambda=0.7,learning_curve,CivilComments-WILDS,10,0.25,1998,1.0,0.1,0.7,vera_balanced_iut,False,,,0.0,True,NA,False,False,False,True
learning_curve|CivilComments-WILDS|seed=10|fraction=0.25|gamma=1|tau=0.1|lambda=0.7,learning_curve,CivilComments-WILDS,10,0.25,1998,1.0,0.1,0.7,vera_balanced_envelope,False,,,0.0,True,NA,False,False,False,True
learning_curve|CivilComments-WILDS|seed=10|fraction=0.25|gamma=1|tau=0.1|lambda=0.7,learning_curve,CivilComments-WILDS,10,0.25,1998,1.0,0.1,0.7,external_balanced_oracle,True,TaCo::components_removed=3,TaCo,0.0,True,True,False,False,False,True
learning_curve|CivilComments-WILDS|seed=10|fraction=0.25|gamma=1|tau=0.1|lambda=0.8,learning_curve,CivilComments-WILDS,10,0.25,1998,1.0,0.1,0.8,always_deploy_balanced,True,TaCo::components_removed=3,TaCo,0.0,True,True,False,False,False,True
learning_curve|CivilComments-WILDS|seed=10|fraction=0.25|gamma=1|tau=0.1|lambda=0.8,learning_curve,CivilComments-WILDS,10,0.25,1998,1.0,0.1,0.8,point_selection_balanced,True,TaCo::components_removed=3,TaCo,0.0,True,True,False,False,False,True
learning_curve|CivilComments-WILDS|seed=10|fraction=0.25|gamma=1|tau=0.1|lambda=0.8,learning_curve,CivilComments-WILDS,10,0.25,1998,1.0,0.1,0.8,vera_balanced_iut,True,"MANCE++::epsilon=0.05,steps=3",MANCE++,1.0,True,True,False,False,False,True
learning_curve|CivilComments-WILDS|seed=10|fraction=0.25|gamma=1|tau=0.1|lambda=0.8,learning_curve,CivilComments-WILDS,10,0.25,1998,1.0,0.1,0.8,vera_balanced_envelope,True,"MANCE++::epsilon=0.05,steps=3",MANCE++,1.0,True,True,False,False,False,True
learning_curve|CivilComments-WILDS|seed=10|fraction=0.25|gamma=1|tau=0.1|lambda=0.8,learning_curve,CivilComments-WILDS,10,0.25,1998,1.0,0.1,0.8,external_balanced_oracle,True,TaCo::components_removed=3,TaCo,0.0,True,True,False,False,False,True
learning_curve|CivilComments-WILDS|seed=10|fraction=0.25|gamma=1|tau=0.2|lambda=0.6,learning_curve,CivilComments-WILDS,10,0.25,1998,1.0,0.2,0.6,always_deploy_balanced,True,TaCo::components_removed=3,TaCo,0.0,True,False,True,False,False,True
learning_curve|CivilComments-WILDS|seed=10|fraction=0.25|gamma=1|tau=0.2|lambda=0.6,learning_curve,CivilComments-WILDS,10,0.25,1998,1.0,0.2,0.6,point_selection_balanced,False,,,0.0,True,NA,False,False,False,True
learning_curve|CivilComments-WILDS|seed=10|fraction=0.25|gamma=1|tau=0.2|lambda=0.6,learning_curve,CivilComments-WILDS,10,0.25,1998,1.0,0.2,0.6,vera_balanced_iut,False,,,0.0,True,NA,False,False,False,True
learning_curve|CivilComments-WILDS|seed=10|fraction=0.25|gamma=1|tau=0.2|lambda=0.6,learning_curve,CivilComments-WILDS,10,0.25,1998,1.0,0.2,0.6,vera_balanced_envelope,False,,,0.0,True,NA,False,False,False,True
learning_curve|CivilComments-WILDS|seed=10|fraction=0.25|gamma=1|tau=0.2|lambda=0.6,learning_curve,CivilComments-WILDS,10,0.25,1998,1.0,0.2,0.6,external_balanced_oracle,False,,,0.0,True,NA,False,False,False,True
learning_curve|CivilComments-WILDS|seed=10|fraction=0.25|gamma=1|tau=0.2|lambda=0.7,learning_curve,CivilComments-WILDS,10,0.25,1998,1.0,0.2,0.7,always_deploy_balanced,True,TaCo::components_removed=3,TaCo,1.0073699951171875,True,True,False,False,False,True
learning_curve|CivilComments-WILDS|seed=10|fraction=0.25|gamma=1|tau=0.2|lambda=0.7,learning_curve,CivilComments-WILDS,10,0.25,1998,1.0,0.2,0.7,point_selection_balanced,True,TaCo::components_removed=3,TaCo,1.0073699951171875,True,True,False,False,False,True
learning_curve|CivilComments-WILDS|seed=10|fraction=0.25|gamma=1|tau=0.2|lambda=0.7,learning_curve,CivilComments-WILDS,10,0.25,1998,1.0,0.2,0.7,vera_balanced_iut,True,TaCo::components_removed=3,TaCo,1.0073699951171875,True,True,False,False,False,True
learning_curve|CivilComments-WILDS|seed=10|fraction=0.25|gamma=1|tau=0.2|lambda=0.7,learning_curve,CivilComments-WILDS,10,0.25,1998,1.0,0.2,0.7,vera_balanced_envelope,True,TaCo::components_removed=3,TaCo,1.0073699951171875,True,True,False,False,False,True
learning_curve|CivilComments-WILDS|seed=10|fraction=0.25|gamma=1|tau=0.2|lambda=0.7,learning_curve,CivilComments-WILDS,10,0.25,1998,1.0,0.2,0.7,external_balanced_oracle,True,TaCo::components_removed=3,TaCo,1.0073699951171875,True,True,False,False,False,True
learning_curve|CivilComments-WILDS|seed=10|fraction=0.25|gamma=1|tau=0.2|lambda=0.8,learning_curve,CivilComments-WILDS,10,0.25,1998,1.0,0.2,0.8,always_deploy_balanced,True,TaCo::components_removed=3,TaCo,1.04443359375,True,True,False,False,False,True
learning_curve|CivilComments-WILDS|seed=10|fraction=0.25|gamma=1|tau=0.2|lambda=0.8,learning_curve,CivilComments-WILDS,10,0.25,1998,1.0,0.2,0.8,point_selection_balanced,True,TaCo::components_removed=3,TaCo,1.04443359375,True,True,False,False,False,True
learning_curve|CivilComments-WILDS|seed=10|fraction=0.25|gamma=1|tau=0.2|lambda=0.8,learning_curve,CivilComments-WILDS,10,0.25,1998,1.0,0.2,0.8,vera_balanced_iut,True,TaCo::components_removed=3,TaCo,1.04443359375,True,True,False,False,False,True
learning_curve|CivilComments-WILDS|seed=10|fraction=0.25|gamma=1|tau=0.2|lambda=0.8,learning_curve,CivilComments-WILDS,10,0.25,1998,1.0,0.2,0.8,vera_balanced_envelope,True,TaCo::components_removed=3,TaCo,1.04443359375,True,True,False,False,False,True
learning_curve|CivilComments-WILDS|seed=10|fraction=0.25|gamma=1|tau=0.2|lambda=0.8,learning_curve,CivilComments-WILDS,10,0.25,1998,1.0,0.2,0.8,external_balanced_oracle,True,TaCo::components_removed=3,TaCo,1.04443359375,True,True,False,False,False,True
learning_curve|CivilComments-WILDS|seed=10|fraction=0.5|gamma=1|tau=0.05|lambda=0.6,learning_curve,CivilComments-WILDS,10,0.5,3999,1.0,0.05,0.6,always_deploy_balanced,True,TaCo::components_removed=5,TaCo,0.0,True,False,True,False,False,True
learning_curve|CivilComments-WILDS|seed=10|fraction=0.5|gamma=1|tau=0.05|lambda=0.6,learning_curve,CivilComments-WILDS,10,0.5,3999,1.0,0.05,0.6,point_selection_balanced,False,,,0.0,True,NA,False,False,False,True
learning_curve|CivilComments-WILDS|seed=10|fraction=0.5|gamma=1|tau=0.05|lambda=0.6,learning_curve,CivilComments-WILDS,10,0.5,3999,1.0,0.05,0.6,vera_balanced_iut,False,,,0.0,True,NA,False,False,False,True
learning_curve|CivilComments-WILDS|seed=10|fraction=0.5|gamma=1|tau=0.05|lambda=0.6,learning_curve,CivilComments-WILDS,10,0.5,3999,1.0,0.05,0.6,vera_balanced_envelope,False,,,0.0,True,NA,False,False,False,True
learning_curve|CivilComments-WILDS|seed=10|fraction=0.5|gamma=1|tau=0.05|lambda=0.6,learning_curve,CivilComments-WILDS,10,0.5,3999,1.0,0.05,0.6,external_balanced_oracle,False,,,0.0,True,NA,False,False,False,True
learning_curve|CivilComments-WILDS|seed=10|fraction=0.5|gamma=1|tau=0.05|lambda=0.7,learning_curve,CivilComments-WILDS,10,0.5,3999,1.0,0.05,0.7,always_deploy_balanced,True,TaCo::components_removed=5,TaCo,0.0,True,False,True,False,False,True
learning_curve|CivilComments-WILDS|seed=10|fraction=0.5|gamma=1|tau=0.05|lambda=0.7,learning_curve,CivilComments-WILDS,10,0.5,3999,1.0,0.05,0.7,point_selection_balanced,False,,,0.0,True,NA,False,False,False,True
learning_curve|CivilComments-WILDS|seed=10|fraction=0.5|gamma=1|tau=0.05|lambda=0.7,learning_curve,CivilComments-WILDS,10,0.5,3999,1.0,0.05,0.7,vera_balanced_iut,False,,,0.0,True,NA,False,False,False,True
learning_curve|CivilComments-WILDS|seed=10|fraction=0.5|gamma=1|tau=0.05|lambda=0.7,learning_curve,CivilComments-WILDS,10,0.5,3999,1.0,0.05,0.7,vera_balanced_envelope,False,,,0.0,True,NA,False,False,False,True
learning_curve|CivilComments-WILDS|seed=10|fraction=0.5|gamma=1|tau=0.05|lambda=0.7,learning_curve,CivilComments-WILDS,10,0.5,3999,1.0,0.05,0.7,external_balanced_oracle,False,,,0.0,True,NA,False,False,False,True
learning_curve|CivilComments-WILDS|seed=10|fraction=0.5|gamma=1|tau=0.05|lambda=0.8,learning_curve,CivilComments-WILDS,10,0.5,3999,1.0,0.05,0.8,always_deploy_balanced,True,TaCo::components_removed=5,TaCo,0.0,True,False,True,False,False,True
learning_curve|CivilComments-WILDS|seed=10|fraction=0.5|gamma=1|tau=0.05|lambda=0.8,learning_curve,CivilComments-WILDS,10,0.5,3999,1.0,0.05,0.8,point_selection_balanced,True,INLP::rank=1,INLP,0.0,True,True,False,False,False,True
learning_curve|CivilComments-WILDS|seed=10|fraction=0.5|gamma=1|tau=0.05|lambda=0.8,learning_curve,CivilComments-WILDS,10,0.5,3999,1.0,0.05,0.8,vera_balanced_iut,False,,,0.0,True,NA,False,False,False,True
learning_curve|CivilComments-WILDS|seed=10|fraction=0.5|gamma=1|tau=0.05|lambda=0.8,learning_curve,CivilComments-WILDS,10,0.5,3999,1.0,0.05,0.8,vera_balanced_envelope,False,,,0.0,True,NA,False,False,False,True
learning_curve|CivilComments-WILDS|seed=10|fraction=0.5|gamma=1|tau=0.05|lambda=0.8,learning_curve,CivilComments-WILDS,10,0.5,3999,1.0,0.05,0.8,external_balanced_oracle,True,INLP::rank=4,INLP,0.0,True,True,False,False,False,True
learning_curve|CivilComments-WILDS|seed=10|fraction=0.5|gamma=1|tau=0.1|lambda=0.6,learning_curve,CivilComments-WILDS,10,0.5,3999,1.0,0.1,0.6,always_deploy_balanced,True,TaCo::components_removed=5,TaCo,0.0,True,False,True,False,False,True
learning_curve|CivilComments-WILDS|seed=10|fraction=0.5|gamma=1|tau=0.1|lambda=0.6,learning_curve,CivilComments-WILDS,10,0.5,3999,1.0,0.1,0.6,point_selection_balanced,False,,,0.0,True,NA,False,False,False,True
learning_curve|CivilComments-WILDS|seed=10|fraction=0.5|gamma=1|tau=0.1|lambda=0.6,learning_curve,CivilComments-WILDS,10,0.5,3999,1.0,0.1,0.6,vera_balanced_iut,False,,,0.0,True,NA,False,False,False,True
learning_curve|CivilComments-WILDS|seed=10|fraction=0.5|gamma=1|tau=0.1|lambda=0.6,learning_curve,CivilComments-WILDS,10,0.5,3999,1.0,0.1,0.6,vera_balanced_envelope,False,,,0.0,True,NA,False,False,False,True
learning_curve|CivilComments-WILDS|seed=10|fraction=0.5|gamma=1|tau=0.1|lambda=0.6,learning_curve,CivilComments-WILDS,10,0.5,3999,1.0,0.1,0.6,external_balanced_oracle,False,,,0.0,True,NA,False,False,False,True
learning_curve|CivilComments-WILDS|seed=10|fraction=0.5|gamma=1|tau=0.1|lambda=0.7,learning_curve,CivilComments-WILDS,10,0.5,3999,1.0,0.1,0.7,always_deploy_balanced,True,TaCo::components_removed=5,TaCo,0.0,True,True,False,False,False,True
learning_curve|CivilComments-WILDS|seed=10|fraction=0.5|gamma=1|tau=0.1|lambda=0.7,learning_curve,CivilComments-WILDS,10,0.5,3999,1.0,0.1,0.7,point_selection_balanced,True,TaCo::components_removed=5,TaCo,0.0,True,True,False,False,False,True
learning_curve|CivilComments-WILDS|seed=10|fraction=0.5|gamma=1|tau=0.1|lambda=0.7,learning_curve,CivilComments-WILDS,10,0.5,3999,1.0,0.1,0.7,vera_balanced_iut,False,,,0.0,True,NA,False,False,False,True
learning_curve|CivilComments-WILDS|seed=10|fraction=0.5|gamma=1|tau=0.1|lambda=0.7,learning_curve,CivilComments-WILDS,10,0.5,3999,1.0,0.1,0.7,vera_balanced_envelope,False,,,0.0,True,NA,False,False,False,True
learning_curve|CivilComments-WILDS|seed=10|fraction=0.5|gamma=1|tau=0.1|lambda=0.7,learning_curve,CivilComments-WILDS,10,0.5,3999,1.0,0.1,0.7,external_balanced_oracle,True,TaCo::components_removed=5,TaCo,0.0,True,True,False,False,False,True
learning_curve|CivilComments-WILDS|seed=10|fraction=0.5|gamma=1|tau=0.1|lambda=0.8,learning_curve,CivilComments-WILDS,10,0.5,3999,1.0,0.1,0.8,always_deploy_balanced,True,TaCo::components_removed=5,TaCo,0.0,True,True,False,False,False,True
learning_curve|CivilComments-WILDS|seed=10|fraction=0.5|gamma=1|tau=0.1|lambda=0.8,learning_curve,CivilComments-WILDS,10,0.5,3999,1.0,0.1,0.8,point_selection_balanced,True,TaCo::components_removed=5,TaCo,0.0,True,True,False,False,False,True
learning_curve|CivilComments-WILDS|seed=10|fraction=0.5|gamma=1|tau=0.1|lambda=0.8,learning_curve,CivilComments-WILDS,10,0.5,3999,1.0,0.1,0.8,vera_balanced_iut,True,"MANCE++::epsilon=0.05,steps=3",MANCE++,1.0031509399414062,True,True,False,False,False,True
learning_curve|CivilComments-WILDS|seed=10|fraction=0.5|gamma=1|tau=0.1|lambda=0.8,learning_curve,CivilComments-WILDS,10,0.5,3999,1.0,0.1,0.8,vera_balanced_envelope,True,"MANCE++::epsilon=0.05,steps=3",MANCE++,1.0031509399414062,True,True,False,False,False,True
learning_curve|CivilComments-WILDS|seed=10|fraction=0.5|gamma=1|tau=0.1|lambda=0.8,learning_curve,CivilComments-WILDS,10,0.5,3999,1.0,0.1,0.8,external_balanced_oracle,True,TaCo::components_removed=5,TaCo,0.0,True,True,False,False,False,True
learning_curve|CivilComments-WILDS|seed=10|fraction=0.5|gamma=1|tau=0.2|lambda=0.6,learning_curve,CivilComments-WILDS,10,0.5,3999,1.0,0.2,0.6,always_deploy_balanced,True,TaCo::components_removed=5,TaCo,0.0,True,False,True,False,False,True
learning_curve|CivilComments-WILDS|seed=10|fraction=0.5|gamma=1|tau=0.2|lambda=0.6,learning_curve,CivilComments-WILDS,10,0.5,3999,1.0,0.2,0.6,point_selection_balanced,False,,,0.0,True,NA,False,False,False,True
learning_curve|CivilComments-WILDS|seed=10|fraction=0.5|gamma=1|tau=0.2|lambda=0.6,learning_curve,CivilComments-WILDS,10,0.5,3999,1.0,0.2,0.6,vera_balanced_iut,False,,,0.0,True,NA,False,False,False,True
learning_curve|CivilComments-WILDS|seed=10|fraction=0.5|gamma=1|tau=0.2|lambda=0.6,learning_curve,CivilComments-WILDS,10,0.5,3999,1.0,0.2,0.6,vera_balanced_envelope,False,,,0.0,True,NA,False,False,False,True
learning_curve|CivilComments-WILDS|seed=10|fraction=0.5|gamma=1|tau=0.2|lambda=0.6,learning_curve,CivilComments-WILDS,10,0.5,3999,1.0,0.2,0.6,external_balanced_oracle,False,,,0.0,True,NA,False,False,False,True
learning_curve|CivilComments-WILDS|seed=10|fraction=0.5|gamma=1|tau=0.2|lambda=0.7,learning_curve,CivilComments-WILDS,10,0.5,3999,1.0,0.2,0.7,always_deploy_balanced,True,TaCo::components_removed=5,TaCo,1.0270767211914062,True,True,False,False,False,True
learning_curve|CivilComments-WILDS|seed=10|fraction=0.5|gamma=1|tau=0.2|lambda=0.7,learning_curve,CivilComments-WILDS,10,0.5,3999,1.0,0.2,0.7,point_selection_balanced,True,TaCo::components_removed=5,TaCo,1.0270767211914062,True,True,False,False,False,True
learning_curve|CivilComments-WILDS|seed=10|fraction=0.5|gamma=1|tau=0.2|lambda=0.7,learning_curve,CivilComments-WILDS,10,0.5,3999,1.0,0.2,0.7,vera_balanced_iut,True,TaCo::components_removed=5,TaCo,1.0270767211914062,True,True,False,False,False,True
learning_curve|CivilComments-WILDS|seed=10|fraction=0.5|gamma=1|tau=0.2|lambda=0.7,learning_curve,CivilComments-WILDS,10,0.5,3999,1.0,0.2,0.7,vera_balanced_envelope,True,TaCo::components_removed=5,TaCo,1.0270767211914062,True,True,False,False,False,True
learning_curve|CivilComments-WILDS|seed=10|fraction=0.5|gamma=1|tau=0.2|lambda=0.7,learning_curve,CivilComments-WILDS,10,0.5,3999,1.0,0.2,0.7,external_balanced_oracle,True,TaCo::components_removed=5,TaCo,1.0270767211914062,True,True,False,False,False,True
learning_curve|CivilComments-WILDS|seed=10|fraction=0.5|gamma=1|tau=0.2|lambda=0.8,learning_curve,CivilComments-WILDS,10,0.5,3999,1.0,0.2,0.8,always_deploy_balanced,True,TaCo::components_removed=5,TaCo,1.0663299560546875,True,True,False,False,False,True
learning_curve|CivilComments-WILDS|seed=10|fraction=0.5|gamma=1|tau=0.2|lambda=0.8,learning_curve,CivilComments-WILDS,10,0.5,3999,1.0,0.2,0.8,point_selection_balanced,True,TaCo::components_removed=5,TaCo,1.0663299560546875,True,True,False,False,False,True
learning_curve|CivilComments-WILDS|seed=10|fraction=0.5|gamma=1|tau=0.2|lambda=0.8,learning_curve,CivilComments-WILDS,10,0.5,3999,1.0,0.2,0.8,vera_balanced_iut,True,TaCo::components_removed=5,TaCo,1.0663299560546875,True,True,False,False,False,True
learning_curve|CivilComments-WILDS|seed=10|fraction=0.5|gamma=1|tau=0.2|lambda=0.8,learning_curve,CivilComments-WILDS,10,0.5,3999,1.0,0.2,0.8,vera_balanced_envelope,True,TaCo::components_removed=5,TaCo,1.0663299560546875,True,True,False,False,False,True
learning_curve|CivilComments-WILDS|seed=10|fraction=0.5|gamma=1|tau=0.2|lambda=0.8,learning_curve,CivilComments-WILDS,10,0.5,3999,1.0,0.2,0.8,external_balanced_oracle,True,TaCo::components_removed=5,TaCo,1.0663299560546875,True,True,False,False,False,True
primary|CivilComments-WILDS|seed=10|fraction=1|gamma=1|tau=0.05|lambda=0.6,primary,CivilComments-WILDS,10,1.0,8000,1.0,0.05,0.6,always_deploy_balanced,True,TaCo::components_removed=5,TaCo,0.0,True,False,True,False,False,True
primary|CivilComments-WILDS|seed=10|fraction=1|gamma=1|tau=0.05|lambda=0.6,primary,CivilComments-WILDS,10,1.0,8000,1.0,0.05,0.6,point_selection_balanced,False,,,0.0,True,NA,False,False,False,True
primary|CivilComments-WILDS|seed=10|fraction=1|gamma=1|tau=0.05|lambda=0.6,primary,CivilComments-WILDS,10,1.0,8000,1.0,0.05,0.6,vera_balanced_iut,False,,,0.0,True,NA,False,False,False,True
primary|CivilComments-WILDS|seed=10|fraction=1|gamma=1|tau=0.05|lambda=0.6,primary,CivilComments-WILDS,10,1.0,8000,1.0,0.05,0.6,vera_balanced_envelope,False,,,0.0,True,NA,False,False,False,True
primary|CivilComments-WILDS|seed=10|fraction=1|gamma=1|tau=0.05|lambda=0.6,primary,CivilComments-WILDS,10,1.0,8000,1.0,0.05,0.6,external_balanced_oracle,False,,,0.0,True,NA,False,False,False,True
primary|CivilComments-WILDS|seed=10|fraction=1|gamma=1|tau=0.05|lambda=0.7,primary,CivilComments-WILDS,10,1.0,8000,1.0,0.05,0.7,always_deploy_balanced,True,TaCo::components_removed=5,TaCo,0.0,True,False,True,False,False,True
primary|CivilComments-WILDS|seed=10|fraction=1|gamma=1|tau=0.05|lambda=0.7,primary,CivilComments-WILDS,10,1.0,8000,1.0,0.05,0.7,point_selection_balanced,False,,,0.0,True,NA,False,False,False,True
primary|CivilComments-WILDS|seed=10|fraction=1|gamma=1|tau=0.05|lambda=0.7,primary,CivilComments-WILDS,10,1.0,8000,1.0,0.05,0.7,vera_balanced_iut,False,,,0.0,True,NA,False,False,False,True
primary|CivilComments-WILDS|seed=10|fraction=1|gamma=1|tau=0.05|lambda=0.7,primary,CivilComments-WILDS,10,1.0,8000,1.0,0.05,0.7,vera_balanced_envelope,False,,,0.0,True,NA,False,False,False,True
primary|CivilComments-WILDS|seed=10|fraction=1|gamma=1|tau=0.05|lambda=0.7,primary,CivilComments-WILDS,10,1.0,8000,1.0,0.05,0.7,external_balanced_oracle,False,,,0.0,True,NA,False,False,False,True
primary|CivilComments-WILDS|seed=10|fraction=1|gamma=1|tau=0.05|lambda=0.8,primary,CivilComments-WILDS,10,1.0,8000,1.0,0.05,0.8,always_deploy_balanced,True,TaCo::components_removed=5,TaCo,0.0,True,False,True,False,False,True
primary|CivilComments-WILDS|seed=10|fraction=1|gamma=1|tau=0.05|lambda=0.8,primary,CivilComments-WILDS,10,1.0,8000,1.0,0.05,0.8,point_selection_balanced,True,INLP::rank=8,INLP,0.0,True,False,True,False,False,True
primary|CivilComments-WILDS|seed=10|fraction=1|gamma=1|tau=0.05|lambda=0.8,primary,CivilComments-WILDS,10,1.0,8000,1.0,0.05,0.8,vera_balanced_iut,False,,,0.0,True,NA,False,False,False,True
primary|CivilComments-WILDS|seed=10|fraction=1|gamma=1|tau=0.05|lambda=0.8,primary,CivilComments-WILDS,10,1.0,8000,1.0,0.05,0.8,vera_balanced_envelope,False,,,0.0,True,NA,False,False,False,True
primary|CivilComments-WILDS|seed=10|fraction=1|gamma=1|tau=0.05|lambda=0.8,primary,CivilComments-WILDS,10,1.0,8000,1.0,0.05,0.8,external_balanced_oracle,True,INLP::rank=4,INLP,0.0,True,True,False,False,False,True
primary|CivilComments-WILDS|seed=10|fraction=1|gamma=1|tau=0.1|lambda=0.6,primary,CivilComments-WILDS,10,1.0,8000,1.0,0.1,0.6,always_deploy_balanced,True,TaCo::components_removed=5,TaCo,0.0,True,False,True,False,False,True
primary|CivilComments-WILDS|seed=10|fraction=1|gamma=1|tau=0.1|lambda=0.6,primary,CivilComments-WILDS,10,1.0,8000,1.0,0.1,0.6,point_selection_balanced,False,,,0.0,True,NA,False,False,False,True
primary|CivilComments-WILDS|seed=10|fraction=1|gamma=1|tau=0.1|lambda=0.6,primary,CivilComments-WILDS,10,1.0,8000,1.0,0.1,0.6,vera_balanced_iut,False,,,0.0,True,NA,False,False,False,True
primary|CivilComments-WILDS|seed=10|fraction=1|gamma=1|tau=0.1|lambda=0.6,primary,CivilComments-WILDS,10,1.0,8000,1.0,0.1,0.6,vera_balanced_envelope,False,,,0.0,True,NA,False,False,False,True
primary|CivilComments-WILDS|seed=10|fraction=1|gamma=1|tau=0.1|lambda=0.6,primary,CivilComments-WILDS,10,1.0,8000,1.0,0.1,0.6,external_balanced_oracle,False,,,0.0,True,NA,False,False,False,True
primary|CivilComments-WILDS|seed=10|fraction=1|gamma=1|tau=0.1|lambda=0.7,primary,CivilComments-WILDS,10,1.0,8000,1.0,0.1,0.7,always_deploy_balanced,True,TaCo::components_removed=5,TaCo,0.0,True,True,False,False,False,True
primary|CivilComments-WILDS|seed=10|fraction=1|gamma=1|tau=0.1|lambda=0.7,primary,CivilComments-WILDS,10,1.0,8000,1.0,0.1,0.7,point_selection_balanced,True,TaCo::components_removed=5,TaCo,0.0,True,True,False,False,False,True
primary|CivilComments-WILDS|seed=10|fraction=1|gamma=1|tau=0.1|lambda=0.7,primary,CivilComments-WILDS,10,1.0,8000,1.0,0.1,0.7,vera_balanced_iut,True,TaCo::components_removed=5,TaCo,0.0,True,True,False,False,False,True
primary|CivilComments-WILDS|seed=10|fraction=1|gamma=1|tau=0.1|lambda=0.7,primary,CivilComments-WILDS,10,1.0,8000,1.0,0.1,0.7,vera_balanced_envelope,True,TaCo::components_removed=2,TaCo,1.0018692016601562,True,True,False,False,False,True
primary|CivilComments-WILDS|seed=10|fraction=1|gamma=1|tau=0.1|lambda=0.7,primary,CivilComments-WILDS,10,1.0,8000,1.0,0.1,0.7,external_balanced_oracle,True,TaCo::components_removed=5,TaCo,0.0,True,True,False,False,False,True
primary|CivilComments-WILDS|seed=10|fraction=1|gamma=1|tau=0.1|lambda=0.8,primary,CivilComments-WILDS,10,1.0,8000,1.0,0.1,0.8,always_deploy_balanced,True,TaCo::components_removed=5,TaCo,0.0,True,True,False,False,False,True
primary|CivilComments-WILDS|seed=10|fraction=1|gamma=1|tau=0.1|lambda=0.8,primary,CivilComments-WILDS,10,1.0,8000,1.0,0.1,0.8,point_selection_balanced,True,TaCo::components_removed=5,TaCo,0.0,True,True,False,False,False,True
primary|CivilComments-WILDS|seed=10|fraction=1|gamma=1|tau=0.1|lambda=0.8,primary,CivilComments-WILDS,10,1.0,8000,1.0,0.1,0.8,vera_balanced_iut,True,TaCo::components_removed=5,TaCo,0.0,True,True,False,False,False,True
primary|CivilComments-WILDS|seed=10|fraction=1|gamma=1|tau=0.1|lambda=0.8,primary,CivilComments-WILDS,10,1.0,8000,1.0,0.1,0.8,vera_balanced_envelope,True,TaCo::components_removed=2,TaCo,1.0018692016601562,True,True,False,False,False,True
primary|CivilComments-WILDS|seed=10|fraction=1|gamma=1|tau=0.1|lambda=0.8,primary,CivilComments-WILDS,10,1.0,8000,1.0,0.1,0.8,external_balanced_oracle,True,TaCo::components_removed=5,TaCo,0.0,True,True,False,False,False,True
primary|CivilComments-WILDS|seed=10|fraction=1|gamma=1|tau=0.2|lambda=0.6,primary,CivilComments-WILDS,10,1.0,8000,1.0,0.2,0.6,always_deploy_balanced,True,TaCo::components_removed=5,TaCo,0.0,True,False,True,False,False,True
primary|CivilComments-WILDS|seed=10|fraction=1|gamma=1|tau=0.2|lambda=0.6,primary,CivilComments-WILDS,10,1.0,8000,1.0,0.2,0.6,point_selection_balanced,False,,,0.0,True,NA,False,False,False,True
primary|CivilComments-WILDS|seed=10|fraction=1|gamma=1|tau=0.2|lambda=0.6,primary,CivilComments-WILDS,10,1.0,8000,1.0,0.2,0.6,vera_balanced_iut,False,,,0.0,True,NA,False,False,False,True
primary|CivilComments-WILDS|seed=10|fraction=1|gamma=1|tau=0.2|lambda=0.6,primary,CivilComments-WILDS,10,1.0,8000,1.0,0.2,0.6,vera_balanced_envelope,False,,,0.0,True,NA,False,False,False,True
primary|CivilComments-WILDS|seed=10|fraction=1|gamma=1|tau=0.2|lambda=0.6,primary,CivilComments-WILDS,10,1.0,8000,1.0,0.2,0.6,external_balanced_oracle,False,,,0.0,True,NA,False,False,False,True
primary|CivilComments-WILDS|seed=10|fraction=1|gamma=1|tau=0.2|lambda=0.7,primary,CivilComments-WILDS,10,1.0,8000,1.0,0.2,0.7,always_deploy_balanced,True,TaCo::components_removed=5,TaCo,1.0533523559570312,True,True,False,False,False,True
primary|CivilComments-WILDS|seed=10|fraction=1|gamma=1|tau=0.2|lambda=0.7,primary,CivilComments-WILDS,10,1.0,8000,1.0,0.2,0.7,point_selection_balanced,True,TaCo::components_removed=5,TaCo,1.0533523559570312,True,True,False,False,False,True
primary|CivilComments-WILDS|seed=10|fraction=1|gamma=1|tau=0.2|lambda=0.7,primary,CivilComments-WILDS,10,1.0,8000,1.0,0.2,0.7,vera_balanced_iut,True,TaCo::components_removed=5,TaCo,1.0533523559570312,True,True,False,False,False,True
primary|CivilComments-WILDS|seed=10|fraction=1|gamma=1|tau=0.2|lambda=0.7,primary,CivilComments-WILDS,10,1.0,8000,1.0,0.2,0.7,vera_balanced_envelope,True,TaCo::components_removed=5,TaCo,1.0533523559570312,True,True,False,False,False,True
primary|CivilComments-WILDS|seed=10|fraction=1|gamma=1|tau=0.2|lambda=0.7,primary,CivilComments-WILDS,10,1.0,8000,1.0,0.2,0.7,external_balanced_oracle,True,TaCo::components_removed=5,TaCo,1.0533523559570312,True,True,False,False,False,True
primary|CivilComments-WILDS|seed=10|fraction=1|gamma=1|tau=0.2|lambda=0.8,primary,CivilComments-WILDS,10,1.0,8000,1.0,0.2,0.8,always_deploy_balanced,True,TaCo::components_removed=5,TaCo,1.0906829833984375,True,True,False,False,False,True
primary|CivilComments-WILDS|seed=10|fraction=1|gamma=1|tau=0.2|lambda=0.8,primary,CivilComments-WILDS,10,1.0,8000,1.0,0.2,0.8,point_selection_balanced,True,TaCo::components_removed=5,TaCo,1.0906829833984375,True,True,False,False,False,True
primary|CivilComments-WILDS|seed=10|fraction=1|gamma=1|tau=0.2|lambda=0.8,primary,CivilComments-WILDS,10,1.0,8000,1.0,0.2,0.8,vera_balanced_iut,True,TaCo::components_removed=5,TaCo,1.0906829833984375,True,True,False,False,False,True
primary|CivilComments-WILDS|seed=10|fraction=1|gamma=1|tau=0.2|lambda=0.8,primary,CivilComments-WILDS,10,1.0,8000,1.0,0.2,0.8,vera_balanced_envelope,True,TaCo::components_removed=5,TaCo,1.0906829833984375,True,True,False,False,False,True
primary|CivilComments-WILDS|seed=10|fraction=1|gamma=1|tau=0.2|lambda=0.8,primary,CivilComments-WILDS,10,1.0,8000,1.0,0.2,0.8,external_balanced_oracle,True,TaCo::components_removed=5,TaCo,1.0906829833984375,True,True,False,False,False,True
shifted_sensitivity|CivilComments-WILDS|seed=10|fraction=1|gamma=1.01|tau=0.05|lambda=0.6,shifted_sensitivity,CivilComments-WILDS,10,1.0,8000,1.01,0.05,0.6,always_deploy_balanced,True,TaCo::components_removed=5,TaCo,0.0,True,False,True,False,False,True
shifted_sensitivity|CivilComments-WILDS|seed=10|fraction=1|gamma=1.01|tau=0.05|lambda=0.6,shifted_sensitivity,CivilComments-WILDS,10,1.0,8000,1.01,0.05,0.6,point_selection_balanced,False,,,0.0,True,NA,False,False,False,True
shifted_sensitivity|CivilComments-WILDS|seed=10|fraction=1|gamma=1.01|tau=0.05|lambda=0.6,shifted_sensitivity,CivilComments-WILDS,10,1.0,8000,1.01,0.05,0.6,vera_balanced_iut,False,,,0.0,True,NA,False,False,False,True
shifted_sensitivity|CivilComments-WILDS|seed=10|fraction=1|gamma=1.01|tau=0.05|lambda=0.6,shifted_sensitivity,CivilComments-WILDS,10,1.0,8000,1.01,0.05,0.6,vera_balanced_envelope,False,,,0.0,True,NA,False,False,False,True
shifted_sensitivity|CivilComments-WILDS|seed=10|fraction=1|gamma=1.01|tau=0.05|lambda=0.6,shifted_sensitivity,CivilComments-WILDS,10,1.0,8000,1.01,0.05,0.6,external_balanced_oracle,False,,,0.0,True,NA,False,False,False,True
shifted_sensitivity|CivilComments-WILDS|seed=10|fraction=1|gamma=1.01|tau=0.05|lambda=0.7,shifted_sensitivity,CivilComments-WILDS,10,1.0,8000,1.01,0.05,0.7,always_deploy_balanced,True,TaCo::components_removed=5,TaCo,0.0,True,False,True,False,False,True
shifted_sensitivity|CivilComments-WILDS|seed=10|fraction=1|gamma=1.01|tau=0.05|lambda=0.7,shifted_sensitivity,CivilComments-WILDS,10,1.0,8000,1.01,0.05,0.7,point_selection_balanced,False,,,0.0,True,NA,False,False,False,True
shifted_sensitivity|CivilComments-WILDS|seed=10|fraction=1|gamma=1.01|tau=0.05|lambda=0.7,shifted_sensitivity,CivilComments-WILDS,10,1.0,8000,1.01,0.05,0.7,vera_balanced_iut,False,,,0.0,True,NA,False,False,False,True
shifted_sensitivity|CivilComments-WILDS|seed=10|fraction=1|gamma=1.01|tau=0.05|lambda=0.7,shifted_sensitivity,CivilComments-WILDS,10,1.0,8000,1.01,0.05,0.7,vera_balanced_envelope,False,,,0.0,True,NA,False,False,False,True
shifted_sensitivity|CivilComments-WILDS|seed=10|fraction=1|gamma=1.01|tau=0.05|lambda=0.7,shifted_sensitivity,CivilComments-WILDS,10,1.0,8000,1.01,0.05,0.7,external_balanced_oracle,False,,,0.0,True,NA,False,False,False,True
shifted_sensitivity|CivilComments-WILDS|seed=10|fraction=1|gamma=1.01|tau=0.05|lambda=0.8,shifted_sensitivity,CivilComments-WILDS,10,1.0,8000,1.01,0.05,0.8,always_deploy_balanced,True,TaCo::components_removed=5,TaCo,0.0,True,False,True,False,False,True
shifted_sensitivity|CivilComments-WILDS|seed=10|fraction=1|gamma=1.01|tau=0.05|lambda=0.8,shifted_sensitivity,CivilComments-WILDS,10,1.0,8000,1.01,0.05,0.8,point_selection_balanced,True,INLP::rank=8,INLP,0.0,True,False,True,False,False,True
shifted_sensitivity|CivilComments-WILDS|seed=10|fraction=1|gamma=1.01|tau=0.05|lambda=0.8,shifted_sensitivity,CivilComments-WILDS,10,1.0,8000,1.01,0.05,0.8,vera_balanced_iut,False,,,0.0,True,NA,False,False,False,True
shifted_sensitivity|CivilComments-WILDS|seed=10|fraction=1|gamma=1.01|tau=0.05|lambda=0.8,shifted_sensitivity,CivilComments-WILDS,10,1.0,8000,1.01,0.05,0.8,vera_balanced_envelope,False,,,0.0,True,NA,False,False,False,True
shifted_sensitivity|CivilComments-WILDS|seed=10|fraction=1|gamma=1.01|tau=0.05|lambda=0.8,shifted_sensitivity,CivilComments-WILDS,10,1.0,8000,1.01,0.05,0.8,external_balanced_oracle,True,INLP::rank=4,INLP,0.0,True,True,False,False,False,True
shifted_sensitivity|CivilComments-WILDS|seed=10|fraction=1|gamma=1.01|tau=0.1|lambda=0.6,shifted_sensitivity,CivilComments-WILDS,10,1.0,8000,1.01,0.1,0.6,always_deploy_balanced,True,TaCo::components_removed=5,TaCo,0.0,True,False,True,False,False,True
shifted_sensitivity|CivilComments-WILDS|seed=10|fraction=1|gamma=1.01|tau=0.1|lambda=0.6,shifted_sensitivity,CivilComments-WILDS,10,1.0,8000,1.01,0.1,0.6,point_selection_balanced,False,,,0.0,True,NA,False,False,False,True
shifted_sensitivity|CivilComments-WILDS|seed=10|fraction=1|gamma=1.01|tau=0.1|lambda=0.6,shifted_sensitivity,CivilComments-WILDS,10,1.0,8000,1.01,0.1,0.6,vera_balanced_iut,False,,,0.0,True,NA,False,False,False,True
shifted_sensitivity|CivilComments-WILDS|seed=10|fraction=1|gamma=1.01|tau=0.1|lambda=0.6,shifted_sensitivity,CivilComments-WILDS,10,1.0,8000,1.01,0.1,0.6,vera_balanced_envelope,False,,,0.0,True,NA,False,False,False,True
shifted_sensitivity|CivilComments-WILDS|seed=10|fraction=1|gamma=1.01|tau=0.1|lambda=0.6,shifted_sensitivity,CivilComments-WILDS,10,1.0,8000,1.01,0.1,0.6,external_balanced_oracle,False,,,0.0,True,NA,False,False,False,True
shifted_sensitivity|CivilComments-WILDS|seed=10|fraction=1|gamma=1.01|tau=0.1|lambda=0.7,shifted_sensitivity,CivilComments-WILDS,10,1.0,8000,1.01,0.1,0.7,always_deploy_balanced,True,TaCo::components_removed=5,TaCo,0.0,True,True,False,False,False,True
shifted_sensitivity|CivilComments-WILDS|seed=10|fraction=1|gamma=1.01|tau=0.1|lambda=0.7,shifted_sensitivity,CivilComments-WILDS,10,1.0,8000,1.01,0.1,0.7,point_selection_balanced,True,TaCo::components_removed=5,TaCo,0.0,True,True,False,False,False,True
shifted_sensitivity|CivilComments-WILDS|seed=10|fraction=1|gamma=1.01|tau=0.1|lambda=0.7,shifted_sensitivity,CivilComments-WILDS,10,1.0,8000,1.01,0.1,0.7,vera_balanced_iut,False,,,0.0,True,NA,False,False,False,True
shifted_sensitivity|CivilComments-WILDS|seed=10|fraction=1|gamma=1.01|tau=0.1|lambda=0.7,shifted_sensitivity,CivilComments-WILDS,10,1.0,8000,1.01,0.1,0.7,vera_balanced_envelope,False,,,0.0,True,NA,False,False,False,True
shifted_sensitivity|CivilComments-WILDS|seed=10|fraction=1|gamma=1.01|tau=0.1|lambda=0.7,shifted_sensitivity,CivilComments-WILDS,10,1.0,8000,1.01,0.1,0.7,external_balanced_oracle,True,TaCo::components_removed=5,TaCo,0.0,True,True,False,False,False,True
shifted_sensitivity|CivilComments-WILDS|seed=10|fraction=1|gamma=1.01|tau=0.1|lambda=0.8,shifted_sensitivity,CivilComments-WILDS,10,1.0,8000,1.01,0.1,0.8,always_deploy_balanced,True,TaCo::components_removed=5,TaCo,0.0,True,True,False,False,False,True
shifted_sensitivity|CivilComments-WILDS|seed=10|fraction=1|gamma=1.01|tau=0.1|lambda=0.8,shifted_sensitivity,CivilComments-WILDS,10,1.0,8000,1.01,0.1,0.8,point_selection_balanced,True,TaCo::components_removed=5,TaCo,0.0,True,True,False,False,False,True
shifted_sensitivity|CivilComments-WILDS|seed=10|fraction=1|gamma=1.01|tau=0.1|lambda=0.8,shifted_sensitivity,CivilComments-WILDS,10,1.0,8000,1.01,0.1,0.8,vera_balanced_iut,True,"MANCE++::epsilon=0.05,steps=3",MANCE++,1.0136184692382812,True,True,False,False,False,True
shifted_sensitivity|CivilComments-WILDS|seed=10|fraction=1|gamma=1.01|tau=0.1|lambda=0.8,shifted_sensitivity,CivilComments-WILDS,10,1.0,8000,1.01,0.1,0.8,vera_balanced_envelope,True,"MANCE++::epsilon=0.05,steps=3",MANCE++,1.0136184692382812,True,True,False,False,False,True
shifted_sensitivity|CivilComments-WILDS|seed=10|fraction=1|gamma=1.01|tau=0.1|lambda=0.8,shifted_sensitivity,CivilComments-WILDS,10,1.0,8000,1.01,0.1,0.8,external_balanced_oracle,True,TaCo::components_removed=5,TaCo,0.0,True,True,False,False,False,True
shifted_sensitivity|CivilComments-WILDS|seed=10|fraction=1|gamma=1.01|tau=0.2|lambda=0.6,shifted_sensitivity,CivilComments-WILDS,10,1.0,8000,1.01,0.2,0.6,always_deploy_balanced,True,TaCo::components_removed=5,TaCo,0.0,True,False,True,False,False,True
shifted_sensitivity|CivilComments-WILDS|seed=10|fraction=1|gamma=1.01|tau=0.2|lambda=0.6,shifted_sensitivity,CivilComments-WILDS,10,1.0,8000,1.01,0.2,0.6,point_selection_balanced,False,,,0.0,True,NA,False,False,False,True
shifted_sensitivity|CivilComments-WILDS|seed=10|fraction=1|gamma=1.01|tau=0.2|lambda=0.6,shifted_sensitivity,CivilComments-WILDS,10,1.0,8000,1.01,0.2,0.6,vera_balanced_iut,False,,,0.0,True,NA,False,False,False,True
shifted_sensitivity|CivilComments-WILDS|seed=10|fraction=1|gamma=1.01|tau=0.2|lambda=0.6,shifted_sensitivity,CivilComments-WILDS,10,1.0,8000,1.01,0.2,0.6,vera_balanced_envelope,False,,,0.0,True,NA,False,False,False,True
shifted_sensitivity|CivilComments-WILDS|seed=10|fraction=1|gamma=1.01|tau=0.2|lambda=0.6,shifted_sensitivity,CivilComments-WILDS,10,1.0,8000,1.01,0.2,0.6,external_balanced_oracle,False,,,0.0,True,NA,False,False,False,True
shifted_sensitivity|CivilComments-WILDS|seed=10|fraction=1|gamma=1.01|tau=0.2|lambda=0.7,shifted_sensitivity,CivilComments-WILDS,10,1.0,8000,1.01,0.2,0.7,always_deploy_balanced,True,TaCo::components_removed=5,TaCo,1.0533523559570312,True,True,False,False,False,True
shifted_sensitivity|CivilComments-WILDS|seed=10|fraction=1|gamma=1.01|tau=0.2|lambda=0.7,shifted_sensitivity,CivilComments-WILDS,10,1.0,8000,1.01,0.2,0.7,point_selection_balanced,True,TaCo::components_removed=5,TaCo,1.0533523559570312,True,True,False,False,False,True
shifted_sensitivity|CivilComments-WILDS|seed=10|fraction=1|gamma=1.01|tau=0.2|lambda=0.7,shifted_sensitivity,CivilComments-WILDS,10,1.0,8000,1.01,0.2,0.7,vera_balanced_iut,True,TaCo::components_removed=5,TaCo,1.0533523559570312,True,True,False,False,False,True
shifted_sensitivity|CivilComments-WILDS|seed=10|fraction=1|gamma=1.01|tau=0.2|lambda=0.7,shifted_sensitivity,CivilComments-WILDS,10,1.0,8000,1.01,0.2,0.7,vera_balanced_envelope,True,TaCo::components_removed=5,TaCo,1.0533523559570312,True,True,False,False,False,True
shifted_sensitivity|CivilComments-WILDS|seed=10|fraction=1|gamma=1.01|tau=0.2|lambda=0.7,shifted_sensitivity,CivilComments-WILDS,10,1.0,8000,1.01,0.2,0.7,external_balanced_oracle,True,TaCo::components_removed=5,TaCo,1.0533523559570312,True,True,False,False,False,True
shifted_sensitivity|CivilComments-WILDS|seed=10|fraction=1|gamma=1.01|tau=0.2|lambda=0.8,shifted_sensitivity,CivilComments-WILDS,10,1.0,8000,1.01,0.2,0.8,always_deploy_balanced,True,TaCo::components_removed=5,TaCo,1.0906829833984375,True,True,False,False,False,True
shifted_sensitivity|CivilComments-WILDS|seed=10|fraction=1|gamma=1.01|tau=0.2|lambda=0.8,shifted_sensitivity,CivilComments-WILDS,10,1.0,8000,1.01,0.2,0.8,point_selection_balanced,True,TaCo::components_removed=5,TaCo,1.0906829833984375,True,True,False,False,False,True
shifted_sensitivity|CivilComments-WILDS|seed=10|fraction=1|gamma=1.01|tau=0.2|lambda=0.8,shifted_sensitivity,CivilComments-WILDS,10,1.0,8000,1.01,0.2,0.8,vera_balanced_iut,True,TaCo::components_removed=5,TaCo,1.0906829833984375,True,True,False,False,False,True
shifted_sensitivity|CivilComments-WILDS|seed=10|fraction=1|gamma=1.01|tau=0.2|lambda=0.8,shifted_sensitivity,CivilComments-WILDS,10,1.0,8000,1.01,0.2,0.8,vera_balanced_envelope,True,TaCo::components_removed=5,TaCo,1.0906829833984375,True,True,False,False,False,True
shifted_sensitivity|CivilComments-WILDS|seed=10|fraction=1|gamma=1.01|tau=0.2|lambda=0.8,shifted_sensitivity,CivilComments-WILDS,10,1.0,8000,1.01,0.2,0.8,external_balanced_oracle,True,TaCo::components_removed=5,TaCo,1.0906829833984375,True,True,False,False,False,True
learning_curve|CivilComments-WILDS|seed=11|fraction=0.05|gamma=1|tau=0.05|lambda=0.6,learning_curve,CivilComments-WILDS,11,0.05,397,1.0,0.05,0.6,always_deploy_balanced,True,TaCo::components_removed=2,TaCo,0.0,True,False,True,False,False,True
learning_curve|CivilComments-WILDS|seed=11|fraction=0.05|gamma=1|tau=0.05|lambda=0.6,learning_curve,CivilComments-WILDS,11,0.05,397,1.0,0.05,0.6,point_selection_balanced,False,,,0.0,True,NA,False,False,False,True
learning_curve|CivilComments-WILDS|seed=11|fraction=0.05|gamma=1|tau=0.05|lambda=0.6,learning_curve,CivilComments-WILDS,11,0.05,397,1.0,0.05,0.6,vera_balanced_iut,False,,,0.0,True,NA,False,False,False,True
learning_curve|CivilComments-WILDS|seed=11|fraction=0.05|gamma=1|tau=0.05|lambda=0.6,learning_curve,CivilComments-WILDS,11,0.05,397,1.0,0.05,0.6,vera_balanced_envelope,False,,,0.0,True,NA,False,False,False,True
learning_curve|CivilComments-WILDS|seed=11|fraction=0.05|gamma=1|tau=0.05|lambda=0.6,learning_curve,CivilComments-WILDS,11,0.05,397,1.0,0.05,0.6,external_balanced_oracle,False,,,0.0,True,NA,False,False,False,True
learning_curve|CivilComments-WILDS|seed=11|fraction=0.05|gamma=1|tau=0.05|lambda=0.7,learning_curve,CivilComments-WILDS,11,0.05,397,1.0,0.05,0.7,always_deploy_balanced,True,TaCo::components_removed=2,TaCo,0.0,True,False,True,False,False,True
learning_curve|CivilComments-WILDS|seed=11|fraction=0.05|gamma=1|tau=0.05|lambda=0.7,learning_curve,CivilComments-WILDS,11,0.05,397,1.0,0.05,0.7,point_selection_balanced,False,,,0.0,True,NA,False,False,False,True
learning_curve|CivilComments-WILDS|seed=11|fraction=0.05|gamma=1|tau=0.05|lambda=0.7,learning_curve,CivilComments-WILDS,11,0.05,397,1.0,0.05,0.7,vera_balanced_iut,False,,,0.0,True,NA,False,False,False,True
learning_curve|CivilComments-WILDS|seed=11|fraction=0.05|gamma=1|tau=0.05|lambda=0.7,learning_curve,CivilComments-WILDS,11,0.05,397,1.0,0.05,0.7,vera_balanced_envelope,False,,,0.0,True,NA,False,False,False,True
learning_curve|CivilComments-WILDS|seed=11|fraction=0.05|gamma=1|tau=0.05|lambda=0.7,learning_curve,CivilComments-WILDS,11,0.05,397,1.0,0.05,0.7,external_balanced_oracle,False,,,0.0,True,NA,False,False,False,True
learning_curve|CivilComments-WILDS|seed=11|fraction=0.05|gamma=1|tau=0.05|lambda=0.8,learning_curve,CivilComments-WILDS,11,0.05,397,1.0,0.05,0.8,always_deploy_balanced,True,TaCo::components_removed=2,TaCo,0.0,True,False,True,False,False,True
learning_curve|CivilComments-WILDS|seed=11|fraction=0.05|gamma=1|tau=0.05|lambda=0.8,learning_curve,CivilComments-WILDS,11,0.05,397,1.0,0.05,0.8,point_selection_balanced,False,,,0.0,True,NA,False,False,False,True
learning_curve|CivilComments-WILDS|seed=11|fraction=0.05|gamma=1|tau=0.05|lambda=0.8,learning_curve,CivilComments-WILDS,11,0.05,397,1.0,0.05,0.8,vera_balanced_iut,False,,,0.0,True,NA,False,False,False,True
learning_curve|CivilComments-WILDS|seed=11|fraction=0.05|gamma=1|tau=0.05|lambda=0.8,learning_curve,CivilComments-WILDS,11,0.05,397,1.0,0.05,0.8,vera_balanced_envelope,False,,,0.0,True,NA,False,False,False,True
learning_curve|CivilComments-WILDS|seed=11|fraction=0.05|gamma=1|tau=0.05|lambda=0.8,learning_curve,CivilComments-WILDS,11,0.05,397,1.0,0.05,0.8,external_balanced_oracle,False,,,0.0,True,NA,False,False,False,True
learning_curve|CivilComments-WILDS|seed=11|fraction=0.05|gamma=1|tau=0.1|lambda=0.6,learning_curve,CivilComments-WILDS,11,0.05,397,1.0,0.1,0.6,always_deploy_balanced,True,TaCo::components_removed=2,TaCo,0.0,True,False,True,False,False,True
learning_curve|CivilComments-WILDS|seed=11|fraction=0.05|gamma=1|tau=0.1|lambda=0.6,learning_curve,CivilComments-WILDS,11,0.05,397,1.0,0.1,0.6,point_selection_balanced,False,,,0.0,True,NA,False,False,False,True
learning_curve|CivilComments-WILDS|seed=11|fraction=0.05|gamma=1|tau=0.1|lambda=0.6,learning_curve,CivilComments-WILDS,11,0.05,397,1.0,0.1,0.6,vera_balanced_iut,False,,,0.0,True,NA,False,False,False,True
learning_curve|CivilComments-WILDS|seed=11|fraction=0.05|gamma=1|tau=0.1|lambda=0.6,learning_curve,CivilComments-WILDS,11,0.05,397,1.0,0.1,0.6,vera_balanced_envelope,False,,,0.0,True,NA,False,False,False,True
learning_curve|CivilComments-WILDS|seed=11|fraction=0.05|gamma=1|tau=0.1|lambda=0.6,learning_curve,CivilComments-WILDS,11,0.05,397,1.0,0.1,0.6,external_balanced_oracle,False,,,0.0,True,NA,False,False,False,True
learning_curve|CivilComments-WILDS|seed=11|fraction=0.05|gamma=1|tau=0.1|lambda=0.7,learning_curve,CivilComments-WILDS,11,0.05,397,1.0,0.1,0.7,always_deploy_balanced,True,TaCo::components_removed=2,TaCo,0.0,True,True,False,False,False,True
learning_curve|CivilComments-WILDS|seed=11|fraction=0.05|gamma=1|tau=0.1|lambda=0.7,learning_curve,CivilComments-WILDS,11,0.05,397,1.0,0.1,0.7,point_selection_balanced,True,TaCo::components_removed=2,TaCo,0.0,True,True,False,False,False,True
learning_curve|CivilComments-WILDS|seed=11|fraction=0.05|gamma=1|tau=0.1|lambda=0.7,learning_curve,CivilComments-WILDS,11,0.05,397,1.0,0.1,0.7,vera_balanced_iut,False,,,0.0,True,NA,False,False,False,True
learning_curve|CivilComments-WILDS|seed=11|fraction=0.05|gamma=1|tau=0.1|lambda=0.7,learning_curve,CivilComments-WILDS,11,0.05,397,1.0,0.1,0.7,vera_balanced_envelope,False,,,0.0,True,NA,False,False,False,True
learning_curve|CivilComments-WILDS|seed=11|fraction=0.05|gamma=1|tau=0.1|lambda=0.7,learning_curve,CivilComments-WILDS,11,0.05,397,1.0,0.1,0.7,external_balanced_oracle,True,TaCo::components_removed=2,TaCo,0.0,True,True,False,False,False,True
learning_curve|CivilComments-WILDS|seed=11|fraction=0.05|gamma=1|tau=0.1|lambda=0.8,learning_curve,CivilComments-WILDS,11,0.05,397,1.0,0.1,0.8,always_deploy_balanced,True,TaCo::components_removed=2,TaCo,0.0,True,True,False,False,False,True
learning_curve|CivilComments-WILDS|seed=11|fraction=0.05|gamma=1|tau=0.1|lambda=0.8,learning_curve,CivilComments-WILDS,11,0.05,397,1.0,0.1,0.8,point_selection_balanced,True,TaCo::components_removed=2,TaCo,0.0,True,True,False,False,False,True
learning_curve|CivilComments-WILDS|seed=11|fraction=0.05|gamma=1|tau=0.1|lambda=0.8,learning_curve,CivilComments-WILDS,11,0.05,397,1.0,0.1,0.8,vera_balanced_iut,False,,,0.0,True,NA,False,False,False,True
learning_curve|CivilComments-WILDS|seed=11|fraction=0.05|gamma=1|tau=0.1|lambda=0.8,learning_curve,CivilComments-WILDS,11,0.05,397,1.0,0.1,0.8,vera_balanced_envelope,False,,,0.0,True,NA,False,False,False,True
learning_curve|CivilComments-WILDS|seed=11|fraction=0.05|gamma=1|tau=0.1|lambda=0.8,learning_curve,CivilComments-WILDS,11,0.05,397,1.0,0.1,0.8,external_balanced_oracle,True,TaCo::components_removed=2,TaCo,0.0,True,True,False,False,False,True
learning_curve|CivilComments-WILDS|seed=11|fraction=0.05|gamma=1|tau=0.2|lambda=0.6,learning_curve,CivilComments-WILDS,11,0.05,397,1.0,0.2,0.6,always_deploy_balanced,True,TaCo::components_removed=2,TaCo,0.0,True,False,True,False,False,True
learning_curve|CivilComments-WILDS|seed=11|fraction=0.05|gamma=1|tau=0.2|lambda=0.6,learning_curve,CivilComments-WILDS,11,0.05,397,1.0,0.2,0.6,point_selection_balanced,False,,,0.0,True,NA,False,False,False,True
learning_curve|CivilComments-WILDS|seed=11|fraction=0.05|gamma=1|tau=0.2|lambda=0.6,learning_curve,CivilComments-WILDS,11,0.05,397,1.0,0.2,0.6,vera_balanced_iut,False,,,0.0,True,NA,False,False,False,True
learning_curve|CivilComments-WILDS|seed=11|fraction=0.05|gamma=1|tau=0.2|lambda=0.6,learning_curve,CivilComments-WILDS,11,0.05,397,1.0,0.2,0.6,vera_balanced_envelope,False,,,0.0,True,NA,False,False,False,True
learning_curve|CivilComments-WILDS|seed=11|fraction=0.05|gamma=1|tau=0.2|lambda=0.6,learning_curve,CivilComments-WILDS,11,0.05,397,1.0,0.2,0.6,external_balanced_oracle,False,,,0.0,True,NA,False,False,False,True
learning_curve|CivilComments-WILDS|seed=11|fraction=0.05|gamma=1|tau=0.2|lambda=0.7,learning_curve,CivilComments-WILDS,11,0.05,397,1.0,0.2,0.7,always_deploy_balanced,True,TaCo::components_removed=2,TaCo,0.0,True,True,False,False,False,True
learning_curve|CivilComments-WILDS|seed=11|fraction=0.05|gamma=1|tau=0.2|lambda=0.7,learning_curve,CivilComments-WILDS,11,0.05,397,1.0,0.2,0.7,point_selection_balanced,True,TaCo::components_removed=2,TaCo,0.0,True,True,False,False,False,True
learning_curve|CivilComments-WILDS|seed=11|fraction=0.05|gamma=1|tau=0.2|lambda=0.7,learning_curve,CivilComments-WILDS,11,0.05,397,1.0,0.2,0.7,vera_balanced_iut,False,,,0.0,True,NA,False,False,False,True
learning_curve|CivilComments-WILDS|seed=11|fraction=0.05|gamma=1|tau=0.2|lambda=0.7,learning_curve,CivilComments-WILDS,11,0.05,397,1.0,0.2,0.7,vera_balanced_envelope,False,,,0.0,True,NA,False,False,False,True
learning_curve|CivilComments-WILDS|seed=11|fraction=0.05|gamma=1|tau=0.2|lambda=0.7,learning_curve,CivilComments-WILDS,11,0.05,397,1.0,0.2,0.7,external_balanced_oracle,True,TaCo::components_removed=2,TaCo,0.0,True,True,False,False,False,True
learning_curve|CivilComments-WILDS|seed=11|fraction=0.05|gamma=1|tau=0.2|lambda=0.8,learning_curve,CivilComments-WILDS,11,0.05,397,1.0,0.2,0.8,always_deploy_balanced,True,TaCo::components_removed=2,TaCo,0.0,True,True,False,False,False,True
learning_curve|CivilComments-WILDS|seed=11|fraction=0.05|gamma=1|tau=0.2|lambda=0.8,learning_curve,CivilComments-WILDS,11,0.05,397,1.0,0.2,0.8,point_selection_balanced,True,TaCo::components_removed=2,TaCo,0.0,True,True,False,False,False,True
learning_curve|CivilComments-WILDS|seed=11|fraction=0.05|gamma=1|tau=0.2|lambda=0.8,learning_curve,CivilComments-WILDS,11,0.05,397,1.0,0.2,0.8,vera_balanced_iut,False,,,0.0,True,NA,False,False,False,True
learning_curve|CivilComments-WILDS|seed=11|fraction=0.05|gamma=1|tau=0.2|lambda=0.8,learning_curve,CivilComments-WILDS,11,0.05,397,1.0,0.2,0.8,vera_balanced_envelope,False,,,0.0,True,NA,False,False,False,True
learning_curve|CivilComments-WILDS|seed=11|fraction=0.05|gamma=1|tau=0.2|lambda=0.8,learning_curve,CivilComments-WILDS,11,0.05,397,1.0,0.2,0.8,external_balanced_oracle,True,TaCo::components_removed=2,TaCo,0.0,True,True,False,False,False,True
learning_curve|CivilComments-WILDS|seed=11|fraction=0.1|gamma=1|tau=0.05|lambda=0.6,learning_curve,CivilComments-WILDS,11,0.1,797,1.0,0.05,0.6,always_deploy_balanced,True,TaCo::components_removed=5,TaCo,0.0,True,False,True,False,False,True
learning_curve|CivilComments-WILDS|seed=11|fraction=0.1|gamma=1|tau=0.05|lambda=0.6,learning_curve,CivilComments-WILDS,11,0.1,797,1.0,0.05,0.6,point_selection_balanced,False,,,0.0,True,NA,False,False,False,True
learning_curve|CivilComments-WILDS|seed=11|fraction=0.1|gamma=1|tau=0.05|lambda=0.6,learning_curve,CivilComments-WILDS,11,0.1,797,1.0,0.05,0.6,vera_balanced_iut,False,,,0.0,True,NA,False,False,False,True
learning_curve|CivilComments-WILDS|seed=11|fraction=0.1|gamma=1|tau=0.05|lambda=0.6,learning_curve,CivilComments-WILDS,11,0.1,797,1.0,0.05,0.6,vera_balanced_envelope,False,,,0.0,True,NA,False,False,False,True
learning_curve|CivilComments-WILDS|seed=11|fraction=0.1|gamma=1|tau=0.05|lambda=0.6,learning_curve,CivilComments-WILDS,11,0.1,797,1.0,0.05,0.6,external_balanced_oracle,False,,,0.0,True,NA,False,False,False,True
learning_curve|CivilComments-WILDS|seed=11|fraction=0.1|gamma=1|tau=0.05|lambda=0.7,learning_curve,CivilComments-WILDS,11,0.1,797,1.0,0.05,0.7,always_deploy_balanced,True,TaCo::components_removed=5,TaCo,0.0,True,False,True,False,False,True
learning_curve|CivilComments-WILDS|seed=11|fraction=0.1|gamma=1|tau=0.05|lambda=0.7,learning_curve,CivilComments-WILDS,11,0.1,797,1.0,0.05,0.7,point_selection_balanced,False,,,0.0,True,NA,False,False,False,True
learning_curve|CivilComments-WILDS|seed=11|fraction=0.1|gamma=1|tau=0.05|lambda=0.7,learning_curve,CivilComments-WILDS,11,0.1,797,1.0,0.05,0.7,vera_balanced_iut,False,,,0.0,True,NA,False,False,False,True
learning_curve|CivilComments-WILDS|seed=11|fraction=0.1|gamma=1|tau=0.05|lambda=0.7,learning_curve,CivilComments-WILDS,11,0.1,797,1.0,0.05,0.7,vera_balanced_envelope,False,,,0.0,True,NA,False,False,False,True
learning_curve|CivilComments-WILDS|seed=11|fraction=0.1|gamma=1|tau=0.05|lambda=0.7,learning_curve,CivilComments-WILDS,11,0.1,797,1.0,0.05,0.7,external_balanced_oracle,False,,,0.0,True,NA,False,False,False,True
learning_curve|CivilComments-WILDS|seed=11|fraction=0.1|gamma=1|tau=0.05|lambda=0.8,learning_curve,CivilComments-WILDS,11,0.1,797,1.0,0.05,0.8,always_deploy_balanced,True,TaCo::components_removed=5,TaCo,0.0,True,False,True,False,False,True
learning_curve|CivilComments-WILDS|seed=11|fraction=0.1|gamma=1|tau=0.05|lambda=0.8,learning_curve,CivilComments-WILDS,11,0.1,797,1.0,0.05,0.8,point_selection_balanced,False,,,0.0,True,NA,False,False,False,True
learning_curve|CivilComments-WILDS|seed=11|fraction=0.1|gamma=1|tau=0.05|lambda=0.8,learning_curve,CivilComments-WILDS,11,0.1,797,1.0,0.05,0.8,vera_balanced_iut,False,,,0.0,True,NA,False,False,False,True
learning_curve|CivilComments-WILDS|seed=11|fraction=0.1|gamma=1|tau=0.05|lambda=0.8,learning_curve,CivilComments-WILDS,11,0.1,797,1.0,0.05,0.8,vera_balanced_envelope,False,,,0.0,True,NA,False,False,False,True
learning_curve|CivilComments-WILDS|seed=11|fraction=0.1|gamma=1|tau=0.05|lambda=0.8,learning_curve,CivilComments-WILDS,11,0.1,797,1.0,0.05,0.8,external_balanced_oracle,False,,,0.0,True,NA,False,False,False,True
learning_curve|CivilComments-WILDS|seed=11|fraction=0.1|gamma=1|tau=0.1|lambda=0.6,learning_curve,CivilComments-WILDS,11,0.1,797,1.0,0.1,0.6,always_deploy_balanced,True,TaCo::components_removed=5,TaCo,0.0,True,False,True,False,False,True
learning_curve|CivilComments-WILDS|seed=11|fraction=0.1|gamma=1|tau=0.1|lambda=0.6,learning_curve,CivilComments-WILDS,11,0.1,797,1.0,0.1,0.6,point_selection_balanced,False,,,0.0,True,NA,False,False,False,True
learning_curve|CivilComments-WILDS|seed=11|fraction=0.1|gamma=1|tau=0.1|lambda=0.6,learning_curve,CivilComments-WILDS,11,0.1,797,1.0,0.1,0.6,vera_balanced_iut,False,,,0.0,True,NA,False,False,False,True
learning_curve|CivilComments-WILDS|seed=11|fraction=0.1|gamma=1|tau=0.1|lambda=0.6,learning_curve,CivilComments-WILDS,11,0.1,797,1.0,0.1,0.6,vera_balanced_envelope,False,,,0.0,True,NA,False,False,False,True
learning_curve|CivilComments-WILDS|seed=11|fraction=0.1|gamma=1|tau=0.1|lambda=0.6,learning_curve,CivilComments-WILDS,11,0.1,797,1.0,0.1,0.6,external_balanced_oracle,False,,,0.0,True,NA,False,False,False,True
learning_curve|CivilComments-WILDS|seed=11|fraction=0.1|gamma=1|tau=0.1|lambda=0.7,learning_curve,CivilComments-WILDS,11,0.1,797,1.0,0.1,0.7,always_deploy_balanced,True,TaCo::components_removed=5,TaCo,0.0,True,True,False,False,False,True
learning_curve|CivilComments-WILDS|seed=11|fraction=0.1|gamma=1|tau=0.1|lambda=0.7,learning_curve,CivilComments-WILDS,11,0.1,797,1.0,0.1,0.7,point_selection_balanced,True,TaCo::components_removed=5,TaCo,0.0,True,True,False,False,False,True
learning_curve|CivilComments-WILDS|seed=11|fraction=0.1|gamma=1|tau=0.1|lambda=0.7,learning_curve,CivilComments-WILDS,11,0.1,797,1.0,0.1,0.7,vera_balanced_iut,False,,,0.0,True,NA,False,False,False,True
learning_curve|CivilComments-WILDS|seed=11|fraction=0.1|gamma=1|tau=0.1|lambda=0.7,learning_curve,CivilComments-WILDS,11,0.1,797,1.0,0.1,0.7,vera_balanced_envelope,False,,,0.0,True,NA,False,False,False,True
learning_curve|CivilComments-WILDS|seed=11|fraction=0.1|gamma=1|tau=0.1|lambda=0.7,learning_curve,CivilComments-WILDS,11,0.1,797,1.0,0.1,0.7,external_balanced_oracle,True,TaCo::components_removed=5,TaCo,0.0,True,True,False,False,False,True
learning_curve|CivilComments-WILDS|seed=11|fraction=0.1|gamma=1|tau=0.1|lambda=0.8,learning_curve,CivilComments-WILDS,11,0.1,797,1.0,0.1,0.8,always_deploy_balanced,True,TaCo::components_removed=5,TaCo,0.0,True,True,False,False,False,True
learning_curve|CivilComments-WILDS|seed=11|fraction=0.1|gamma=1|tau=0.1|lambda=0.8,learning_curve,CivilComments-WILDS,11,0.1,797,1.0,0.1,0.8,point_selection_balanced,True,TaCo::components_removed=5,TaCo,0.0,True,True,False,False,False,True
learning_curve|CivilComments-WILDS|seed=11|fraction=0.1|gamma=1|tau=0.1|lambda=0.8,learning_curve,CivilComments-WILDS,11,0.1,797,1.0,0.1,0.8,vera_balanced_iut,False,,,0.0,True,NA,False,False,False,True
learning_curve|CivilComments-WILDS|seed=11|fraction=0.1|gamma=1|tau=0.1|lambda=0.8,learning_curve,CivilComments-WILDS,11,0.1,797,1.0,0.1,0.8,vera_balanced_envelope,False,,,0.0,True,NA,False,False,False,True
learning_curve|CivilComments-WILDS|seed=11|fraction=0.1|gamma=1|tau=0.1|lambda=0.8,learning_curve,CivilComments-WILDS,11,0.1,797,1.0,0.1,0.8,external_balanced_oracle,True,TaCo::components_removed=5,TaCo,0.0,True,True,False,False,False,True
learning_curve|CivilComments-WILDS|seed=11|fraction=0.1|gamma=1|tau=0.2|lambda=0.6,learning_curve,CivilComments-WILDS,11,0.1,797,1.0,0.2,0.6,always_deploy_balanced,True,TaCo::components_removed=5,TaCo,0.0,True,False,True,False,False,True
learning_curve|CivilComments-WILDS|seed=11|fraction=0.1|gamma=1|tau=0.2|lambda=0.6,learning_curve,CivilComments-WILDS,11,0.1,797,1.0,0.2,0.6,point_selection_balanced,False,,,0.0,True,NA,False,False,False,True
learning_curve|CivilComments-WILDS|seed=11|fraction=0.1|gamma=1|tau=0.2|lambda=0.6,learning_curve,CivilComments-WILDS,11,0.1,797,1.0,0.2,0.6,vera_balanced_iut,False,,,0.0,True,NA,False,False,False,True
learning_curve|CivilComments-WILDS|seed=11|fraction=0.1|gamma=1|tau=0.2|lambda=0.6,learning_curve,CivilComments-WILDS,11,0.1,797,1.0,0.2,0.6,vera_balanced_envelope,False,,,0.0,True,NA,False,False,False,True
learning_curve|CivilComments-WILDS|seed=11|fraction=0.1|gamma=1|tau=0.2|lambda=0.6,learning_curve,CivilComments-WILDS,11,0.1,797,1.0,0.2,0.6,external_balanced_oracle,False,,,0.0,True,NA,False,False,False,True
learning_curve|CivilComments-WILDS|seed=11|fraction=0.1|gamma=1|tau=0.2|lambda=0.7,learning_curve,CivilComments-WILDS,11,0.1,797,1.0,0.2,0.7,always_deploy_balanced,True,TaCo::components_removed=5,TaCo,0.0,True,True,False,False,False,True
learning_curve|CivilComments-WILDS|seed=11|fraction=0.1|gamma=1|tau=0.2|lambda=0.7,learning_curve,CivilComments-WILDS,11,0.1,797,1.0,0.2,0.7,point_selection_balanced,True,TaCo::components_removed=5,TaCo,0.0,True,True,False,False,False,True
learning_curve|CivilComments-WILDS|seed=11|fraction=0.1|gamma=1|tau=0.2|lambda=0.7,learning_curve,CivilComments-WILDS,11,0.1,797,1.0,0.2,0.7,vera_balanced_iut,False,,,0.0,True,NA,False,False,False,True
learning_curve|CivilComments-WILDS|seed=11|fraction=0.1|gamma=1|tau=0.2|lambda=0.7,learning_curve,CivilComments-WILDS,11,0.1,797,1.0,0.2,0.7,vera_balanced_envelope,False,,,0.0,True,NA,False,False,False,True
learning_curve|CivilComments-WILDS|seed=11|fraction=0.1|gamma=1|tau=0.2|lambda=0.7,learning_curve,CivilComments-WILDS,11,0.1,797,1.0,0.2,0.7,external_balanced_oracle,True,TaCo::components_removed=5,TaCo,0.0,True,True,False,False,False,True
learning_curve|CivilComments-WILDS|seed=11|fraction=0.1|gamma=1|tau=0.2|lambda=0.8,learning_curve,CivilComments-WILDS,11,0.1,797,1.0,0.2,0.8,always_deploy_balanced,True,TaCo::components_removed=5,TaCo,0.0,True,True,False,False,False,True
learning_curve|CivilComments-WILDS|seed=11|fraction=0.1|gamma=1|tau=0.2|lambda=0.8,learning_curve,CivilComments-WILDS,11,0.1,797,1.0,0.2,0.8,point_selection_balanced,True,TaCo::components_removed=5,TaCo,0.0,True,True,False,False,False,True
learning_curve|CivilComments-WILDS|seed=11|fraction=0.1|gamma=1|tau=0.2|lambda=0.8,learning_curve,CivilComments-WILDS,11,0.1,797,1.0,0.2,0.8,vera_balanced_iut,False,,,0.0,True,NA,False,False,False,True
learning_curve|CivilComments-WILDS|seed=11|fraction=0.1|gamma=1|tau=0.2|lambda=0.8,learning_curve,CivilComments-WILDS,11,0.1,797,1.0,0.2,0.8,vera_balanced_envelope,False,,,0.0,True,NA,False,False,False,True
learning_curve|CivilComments-WILDS|seed=11|fraction=0.1|gamma=1|tau=0.2|lambda=0.8,learning_curve,CivilComments-WILDS,11,0.1,797,1.0,0.2,0.8,external_balanced_oracle,True,TaCo::components_removed=5,TaCo,0.0,True,True,False,False,False,True
learning_curve|CivilComments-WILDS|seed=11|fraction=0.25|gamma=1|tau=0.05|lambda=0.6,learning_curve,CivilComments-WILDS,11,0.25,1998,1.0,0.05,0.6,always_deploy_balanced,True,TaCo::components_removed=5,TaCo,0.0,True,False,True,False,False,True
learning_curve|CivilComments-WILDS|seed=11|fraction=0.25|gamma=1|tau=0.05|lambda=0.6,learning_curve,CivilComments-WILDS,11,0.25,1998,1.0,0.05,0.6,point_selection_balanced,False,,,0.0,True,NA,False,False,False,True
learning_curve|CivilComments-WILDS|seed=11|fraction=0.25|gamma=1|tau=0.05|lambda=0.6,learning_curve,CivilComments-WILDS,11,0.25,1998,1.0,0.05,0.6,vera_balanced_iut,False,,,0.0,True,NA,False,False,False,True
learning_curve|CivilComments-WILDS|seed=11|fraction=0.25|gamma=1|tau=0.05|lambda=0.6,learning_curve,CivilComments-WILDS,11,0.25,1998,1.0,0.05,0.6,vera_balanced_envelope,False,,,0.0,True,NA,False,False,False,True
learning_curve|CivilComments-WILDS|seed=11|fraction=0.25|gamma=1|tau=0.05|lambda=0.6,learning_curve,CivilComments-WILDS,11,0.25,1998,1.0,0.05,0.6,external_balanced_oracle,False,,,0.0,True,NA,False,False,False,True
learning_curve|CivilComments-WILDS|seed=11|fraction=0.25|gamma=1|tau=0.05|lambda=0.7,learning_curve,CivilComments-WILDS,11,0.25,1998,1.0,0.05,0.7,always_deploy_balanced,True,TaCo::components_removed=5,TaCo,0.0,True,False,True,False,False,True
learning_curve|CivilComments-WILDS|seed=11|fraction=0.25|gamma=1|tau=0.05|lambda=0.7,learning_curve,CivilComments-WILDS,11,0.25,1998,1.0,0.05,0.7,point_selection_balanced,False,,,0.0,True,NA,False,False,False,True
learning_curve|CivilComments-WILDS|seed=11|fraction=0.25|gamma=1|tau=0.05|lambda=0.7,learning_curve,CivilComments-WILDS,11,0.25,1998,1.0,0.05,0.7,vera_balanced_iut,False,,,0.0,True,NA,False,False,False,True
learning_curve|CivilComments-WILDS|seed=11|fraction=0.25|gamma=1|tau=0.05|lambda=0.7,learning_curve,CivilComments-WILDS,11,0.25,1998,1.0,0.05,0.7,vera_balanced_envelope,False,,,0.0,True,NA,False,False,False,True
learning_curve|CivilComments-WILDS|seed=11|fraction=0.25|gamma=1|tau=0.05|lambda=0.7,learning_curve,CivilComments-WILDS,11,0.25,1998,1.0,0.05,0.7,external_balanced_oracle,False,,,0.0,True,NA,False,False,False,True
learning_curve|CivilComments-WILDS|seed=11|fraction=0.25|gamma=1|tau=0.05|lambda=0.8,learning_curve,CivilComments-WILDS,11,0.25,1998,1.0,0.05,0.8,always_deploy_balanced,True,TaCo::components_removed=5,TaCo,0.0,True,False,True,False,False,True
learning_curve|CivilComments-WILDS|seed=11|fraction=0.25|gamma=1|tau=0.05|lambda=0.8,learning_curve,CivilComments-WILDS,11,0.25,1998,1.0,0.05,0.8,point_selection_balanced,False,,,0.0,True,NA,False,False,False,True
learning_curve|CivilComments-WILDS|seed=11|fraction=0.25|gamma=1|tau=0.05|lambda=0.8,learning_curve,CivilComments-WILDS,11,0.25,1998,1.0,0.05,0.8,vera_balanced_iut,False,,,0.0,True,NA,False,False,False,True
learning_curve|CivilComments-WILDS|seed=11|fraction=0.25|gamma=1|tau=0.05|lambda=0.8,learning_curve,CivilComments-WILDS,11,0.25,1998,1.0,0.05,0.8,vera_balanced_envelope,False,,,0.0,True,NA,False,False,False,True
learning_curve|CivilComments-WILDS|seed=11|fraction=0.25|gamma=1|tau=0.05|lambda=0.8,learning_curve,CivilComments-WILDS,11,0.25,1998,1.0,0.05,0.8,external_balanced_oracle,False,,,0.0,True,NA,False,False,False,True
learning_curve|CivilComments-WILDS|seed=11|fraction=0.25|gamma=1|tau=0.1|lambda=0.6,learning_curve,CivilComments-WILDS,11,0.25,1998,1.0,0.1,0.6,always_deploy_balanced,True,TaCo::components_removed=5,TaCo,0.0,True,False,True,False,False,True
learning_curve|CivilComments-WILDS|seed=11|fraction=0.25|gamma=1|tau=0.1|lambda=0.6,learning_curve,CivilComments-WILDS,11,0.25,1998,1.0,0.1,0.6,point_selection_balanced,False,,,0.0,True,NA,False,False,False,True
learning_curve|CivilComments-WILDS|seed=11|fraction=0.25|gamma=1|tau=0.1|lambda=0.6,learning_curve,CivilComments-WILDS,11,0.25,1998,1.0,0.1,0.6,vera_balanced_iut,False,,,0.0,True,NA,False,False,False,True
learning_curve|CivilComments-WILDS|seed=11|fraction=0.25|gamma=1|tau=0.1|lambda=0.6,learning_curve,CivilComments-WILDS,11,0.25,1998,1.0,0.1,0.6,vera_balanced_envelope,False,,,0.0,True,NA,False,False,False,True
learning_curve|CivilComments-WILDS|seed=11|fraction=0.25|gamma=1|tau=0.1|lambda=0.6,learning_curve,CivilComments-WILDS,11,0.25,1998,1.0,0.1,0.6,external_balanced_oracle,False,,,0.0,True,NA,False,False,False,True
learning_curve|CivilComments-WILDS|seed=11|fraction=0.25|gamma=1|tau=0.1|lambda=0.7,learning_curve,CivilComments-WILDS,11,0.25,1998,1.0,0.1,0.7,always_deploy_balanced,True,TaCo::components_removed=5,TaCo,0.0,True,True,False,False,False,True
learning_curve|CivilComments-WILDS|seed=11|fraction=0.25|gamma=1|tau=0.1|lambda=0.7,learning_curve,CivilComments-WILDS,11,0.25,1998,1.0,0.1,0.7,point_selection_balanced,True,TaCo::components_removed=5,TaCo,0.0,True,True,False,False,False,True
learning_curve|CivilComments-WILDS|seed=11|fraction=0.25|gamma=1|tau=0.1|lambda=0.7,learning_curve,CivilComments-WILDS,11,0.25,1998,1.0,0.1,0.7,vera_balanced_iut,False,,,0.0,True,NA,False,False,False,True
learning_curve|CivilComments-WILDS|seed=11|fraction=0.25|gamma=1|tau=0.1|lambda=0.7,learning_curve,CivilComments-WILDS,11,0.25,1998,1.0,0.1,0.7,vera_balanced_envelope,False,,,0.0,True,NA,False,False,False,True
learning_curve|CivilComments-WILDS|seed=11|fraction=0.25|gamma=1|tau=0.1|lambda=0.7,learning_curve,CivilComments-WILDS,11,0.25,1998,1.0,0.1,0.7,external_balanced_oracle,True,TaCo::components_removed=5,TaCo,0.0,True,True,False,False,False,True
learning_curve|CivilComments-WILDS|seed=11|fraction=0.25|gamma=1|tau=0.1|lambda=0.8,learning_curve,CivilComments-WILDS,11,0.25,1998,1.0,0.1,0.8,always_deploy_balanced,True,TaCo::components_removed=5,TaCo,0.0,True,True,False,False,False,True
learning_curve|CivilComments-WILDS|seed=11|fraction=0.25|gamma=1|tau=0.1|lambda=0.8,learning_curve,CivilComments-WILDS,11,0.25,1998,1.0,0.1,0.8,point_selection_balanced,True,TaCo::components_removed=5,TaCo,0.0,True,True,False,False,False,True
learning_curve|CivilComments-WILDS|seed=11|fraction=0.25|gamma=1|tau=0.1|lambda=0.8,learning_curve,CivilComments-WILDS,11,0.25,1998,1.0,0.1,0.8,vera_balanced_iut,False,,,0.0,True,NA,False,False,False,True
learning_curve|CivilComments-WILDS|seed=11|fraction=0.25|gamma=1|tau=0.1|lambda=0.8,learning_curve,CivilComments-WILDS,11,0.25,1998,1.0,0.1,0.8,vera_balanced_envelope,False,,,0.0,True,NA,False,False,False,True
learning_curve|CivilComments-WILDS|seed=11|fraction=0.25|gamma=1|tau=0.1|lambda=0.8,learning_curve,CivilComments-WILDS,11,0.25,1998,1.0,0.1,0.8,external_balanced_oracle,True,TaCo::components_removed=5,TaCo,0.0,True,True,False,False,False,True
learning_curve|CivilComments-WILDS|seed=11|fraction=0.25|gamma=1|tau=0.2|lambda=0.6,learning_curve,CivilComments-WILDS,11,0.25,1998,1.0,0.2,0.6,always_deploy_balanced,True,TaCo::components_removed=5,TaCo,0.0,True,False,True,False,False,True
learning_curve|CivilComments-WILDS|seed=11|fraction=0.25|gamma=1|tau=0.2|lambda=0.6,learning_curve,CivilComments-WILDS,11,0.25,1998,1.0,0.2,0.6,point_selection_balanced,False,,,0.0,True,NA,False,False,False,True
learning_curve|CivilComments-WILDS|seed=11|fraction=0.25|gamma=1|tau=0.2|lambda=0.6,learning_curve,CivilComments-WILDS,11,0.25,1998,1.0,0.2,0.6,vera_balanced_iut,False,,,0.0,True,NA,False,False,False,True
learning_curve|CivilComments-WILDS|seed=11|fraction=0.25|gamma=1|tau=0.2|lambda=0.6,learning_curve,CivilComments-WILDS,11,0.25,1998,1.0,0.2,0.6,vera_balanced_envelope,False,,,0.0,True,NA,False,False,False,True
learning_curve|CivilComments-WILDS|seed=11|fraction=0.25|gamma=1|tau=0.2|lambda=0.6,learning_curve,CivilComments-WILDS,11,0.25,1998,1.0,0.2,0.6,external_balanced_oracle,False,,,0.0,True,NA,False,False,False,True
learning_curve|CivilComments-WILDS|seed=11|fraction=0.25|gamma=1|tau=0.2|lambda=0.7,learning_curve,CivilComments-WILDS,11,0.25,1998,1.0,0.2,0.7,always_deploy_balanced,True,TaCo::components_removed=5,TaCo,0.0,True,True,False,False,False,True
learning_curve|CivilComments-WILDS|seed=11|fraction=0.25|gamma=1|tau=0.2|lambda=0.7,learning_curve,CivilComments-WILDS,11,0.25,1998,1.0,0.2,0.7,point_selection_balanced,True,TaCo::components_removed=5,TaCo,0.0,True,True,False,False,False,True
learning_curve|CivilComments-WILDS|seed=11|fraction=0.25|gamma=1|tau=0.2|lambda=0.7,learning_curve,CivilComments-WILDS,11,0.25,1998,1.0,0.2,0.7,vera_balanced_iut,True,TaCo::components_removed=5,TaCo,0.0,True,True,False,False,False,True
learning_curve|CivilComments-WILDS|seed=11|fraction=0.25|gamma=1|tau=0.2|lambda=0.7,learning_curve,CivilComments-WILDS,11,0.25,1998,1.0,0.2,0.7,vera_balanced_envelope,False,,,0.0,True,NA,False,False,False,True
learning_curve|CivilComments-WILDS|seed=11|fraction=0.25|gamma=1|tau=0.2|lambda=0.7,learning_curve,CivilComments-WILDS,11,0.25,1998,1.0,0.2,0.7,external_balanced_oracle,True,TaCo::components_removed=5,TaCo,0.0,True,True,False,False,False,True
learning_curve|CivilComments-WILDS|seed=11|fraction=0.25|gamma=1|tau=0.2|lambda=0.8,learning_curve,CivilComments-WILDS,11,0.25,1998,1.0,0.2,0.8,always_deploy_balanced,True,TaCo::components_removed=5,TaCo,1.0138320922851562,True,True,False,False,False,True
learning_curve|CivilComments-WILDS|seed=11|fraction=0.25|gamma=1|tau=0.2|lambda=0.8,learning_curve,CivilComments-WILDS,11,0.25,1998,1.0,0.2,0.8,point_selection_balanced,True,TaCo::components_removed=5,TaCo,1.0138320922851562,True,True,False,False,False,True
learning_curve|CivilComments-WILDS|seed=11|fraction=0.25|gamma=1|tau=0.2|lambda=0.8,learning_curve,CivilComments-WILDS,11,0.25,1998,1.0,0.2,0.8,vera_balanced_iut,True,TaCo::components_removed=5,TaCo,1.0138320922851562,True,True,False,False,False,True
learning_curve|CivilComments-WILDS|seed=11|fraction=0.25|gamma=1|tau=0.2|lambda=0.8,learning_curve,CivilComments-WILDS,11,0.25,1998,1.0,0.2,0.8,vera_balanced_envelope,True,TaCo::components_removed=5,TaCo,1.0138320922851562,True,True,False,False,False,True
learning_curve|CivilComments-WILDS|seed=11|fraction=0.25|gamma=1|tau=0.2|lambda=0.8,learning_curve,CivilComments-WILDS,11,0.25,1998,1.0,0.2,0.8,external_balanced_oracle,True,TaCo::components_removed=5,TaCo,1.0138320922851562,True,True,False,False,False,True
learning_curve|CivilComments-WILDS|seed=11|fraction=0.5|gamma=1|tau=0.05|lambda=0.6,learning_curve,CivilComments-WILDS,11,0.5,3999,1.0,0.05,0.6,always_deploy_balanced,True,TaCo::components_removed=5,TaCo,0.0,True,False,True,False,False,True
learning_curve|CivilComments-WILDS|seed=11|fraction=0.5|gamma=1|tau=0.05|lambda=0.6,learning_curve,CivilComments-WILDS,11,0.5,3999,1.0,0.05,0.6,point_selection_balanced,False,,,0.0,True,NA,False,False,False,True
learning_curve|CivilComments-WILDS|seed=11|fraction=0.5|gamma=1|tau=0.05|lambda=0.6,learning_curve,CivilComments-WILDS,11,0.5,3999,1.0,0.05,0.6,vera_balanced_iut,False,,,0.0,True,NA,False,False,False,True
learning_curve|CivilComments-WILDS|seed=11|fraction=0.5|gamma=1|tau=0.05|lambda=0.6,learning_curve,CivilComments-WILDS,11,0.5,3999,1.0,0.05,0.6,vera_balanced_envelope,False,,,0.0,True,NA,False,False,False,True
learning_curve|CivilComments-WILDS|seed=11|fraction=0.5|gamma=1|tau=0.05|lambda=0.6,learning_curve,CivilComments-WILDS,11,0.5,3999,1.0,0.05,0.6,external_balanced_oracle,False,,,0.0,True,NA,False,False,False,True
learning_curve|CivilComments-WILDS|seed=11|fraction=0.5|gamma=1|tau=0.05|lambda=0.7,learning_curve,CivilComments-WILDS,11,0.5,3999,1.0,0.05,0.7,always_deploy_balanced,True,TaCo::components_removed=5,TaCo,0.0,True,False,True,False,False,True
learning_curve|CivilComments-WILDS|seed=11|fraction=0.5|gamma=1|tau=0.05|lambda=0.7,learning_curve,CivilComments-WILDS,11,0.5,3999,1.0,0.05,0.7,point_selection_balanced,False,,,0.0,True,NA,False,False,False,True
learning_curve|CivilComments-WILDS|seed=11|fraction=0.5|gamma=1|tau=0.05|lambda=0.7,learning_curve,CivilComments-WILDS,11,0.5,3999,1.0,0.05,0.7,vera_balanced_iut,False,,,0.0,True,NA,False,False,False,True
learning_curve|CivilComments-WILDS|seed=11|fraction=0.5|gamma=1|tau=0.05|lambda=0.7,learning_curve,CivilComments-WILDS,11,0.5,3999,1.0,0.05,0.7,vera_balanced_envelope,False,,,0.0,True,NA,False,False,False,True
learning_curve|CivilComments-WILDS|seed=11|fraction=0.5|gamma=1|tau=0.05|lambda=0.7,learning_curve,CivilComments-WILDS,11,0.5,3999,1.0,0.05,0.7,external_balanced_oracle,False,,,0.0,True,NA,False,False,False,True
learning_curve|CivilComments-WILDS|seed=11|fraction=0.5|gamma=1|tau=0.05|lambda=0.8,learning_curve,CivilComments-WILDS,11,0.5,3999,1.0,0.05,0.8,always_deploy_balanced,True,TaCo::components_removed=5,TaCo,0.0,True,False,True,False,False,True
learning_curve|CivilComments-WILDS|seed=11|fraction=0.5|gamma=1|tau=0.05|lambda=0.8,learning_curve,CivilComments-WILDS,11,0.5,3999,1.0,0.05,0.8,point_selection_balanced,False,,,0.0,True,NA,False,False,False,True
learning_curve|CivilComments-WILDS|seed=11|fraction=0.5|gamma=1|tau=0.05|lambda=0.8,learning_curve,CivilComments-WILDS,11,0.5,3999,1.0,0.05,0.8,vera_balanced_iut,False,,,0.0,True,NA,False,False,False,True
learning_curve|CivilComments-WILDS|seed=11|fraction=0.5|gamma=1|tau=0.05|lambda=0.8,learning_curve,CivilComments-WILDS,11,0.5,3999,1.0,0.05,0.8,vera_balanced_envelope,False,,,0.0,True,NA,False,False,False,True
learning_curve|CivilComments-WILDS|seed=11|fraction=0.5|gamma=1|tau=0.05|lambda=0.8,learning_curve,CivilComments-WILDS,11,0.5,3999,1.0,0.05,0.8,external_balanced_oracle,False,,,0.0,True,NA,False,False,False,True
learning_curve|CivilComments-WILDS|seed=11|fraction=0.5|gamma=1|tau=0.1|lambda=0.6,learning_curve,CivilComments-WILDS,11,0.5,3999,1.0,0.1,0.6,always_deploy_balanced,True,TaCo::components_removed=5,TaCo,0.0,True,False,True,False,False,True
learning_curve|CivilComments-WILDS|seed=11|fraction=0.5|gamma=1|tau=0.1|lambda=0.6,learning_curve,CivilComments-WILDS,11,0.5,3999,1.0,0.1,0.6,point_selection_balanced,False,,,0.0,True,NA,False,False,False,True
learning_curve|CivilComments-WILDS|seed=11|fraction=0.5|gamma=1|tau=0.1|lambda=0.6,learning_curve,CivilComments-WILDS,11,0.5,3999,1.0,0.1,0.6,vera_balanced_iut,False,,,0.0,True,NA,False,False,False,True
learning_curve|CivilComments-WILDS|seed=11|fraction=0.5|gamma=1|tau=0.1|lambda=0.6,learning_curve,CivilComments-WILDS,11,0.5,3999,1.0,0.1,0.6,vera_balanced_envelope,False,,,0.0,True,NA,False,False,False,True
learning_curve|CivilComments-WILDS|seed=11|fraction=0.5|gamma=1|tau=0.1|lambda=0.6,learning_curve,CivilComments-WILDS,11,0.5,3999,1.0,0.1,0.6,external_balanced_oracle,False,,,0.0,True,NA,False,False,False,True
learning_curve|CivilComments-WILDS|seed=11|fraction=0.5|gamma=1|tau=0.1|lambda=0.7,learning_curve,CivilComments-WILDS,11,0.5,3999,1.0,0.1,0.7,always_deploy_balanced,True,TaCo::components_removed=5,TaCo,0.0,True,True,False,False,False,True
learning_curve|CivilComments-WILDS|seed=11|fraction=0.5|gamma=1|tau=0.1|lambda=0.7,learning_curve,CivilComments-WILDS,11,0.5,3999,1.0,0.1,0.7,point_selection_balanced,True,TaCo::components_removed=5,TaCo,0.0,True,True,False,False,False,True
learning_curve|CivilComments-WILDS|seed=11|fraction=0.5|gamma=1|tau=0.1|lambda=0.7,learning_curve,CivilComments-WILDS,11,0.5,3999,1.0,0.1,0.7,vera_balanced_iut,False,,,0.0,True,NA,False,False,False,True
learning_curve|CivilComments-WILDS|seed=11|fraction=0.5|gamma=1|tau=0.1|lambda=0.7,learning_curve,CivilComments-WILDS,11,0.5,3999,1.0,0.1,0.7,vera_balanced_envelope,False,,,0.0,True,NA,False,False,False,True
learning_curve|CivilComments-WILDS|seed=11|fraction=0.5|gamma=1|tau=0.1|lambda=0.7,learning_curve,CivilComments-WILDS,11,0.5,3999,1.0,0.1,0.7,external_balanced_oracle,True,TaCo::components_removed=5,TaCo,0.0,True,True,False,False,False,True
learning_curve|CivilComments-WILDS|seed=11|fraction=0.5|gamma=1|tau=0.1|lambda=0.8,learning_curve,CivilComments-WILDS,11,0.5,3999,1.0,0.1,0.8,always_deploy_balanced,True,TaCo::components_removed=5,TaCo,0.0,True,True,False,False,False,True
learning_curve|CivilComments-WILDS|seed=11|fraction=0.5|gamma=1|tau=0.1|lambda=0.8,learning_curve,CivilComments-WILDS,11,0.5,3999,1.0,0.1,0.8,point_selection_balanced,True,TaCo::components_removed=5,TaCo,0.0,True,True,False,False,False,True
learning_curve|CivilComments-WILDS|seed=11|fraction=0.5|gamma=1|tau=0.1|lambda=0.8,learning_curve,CivilComments-WILDS,11,0.5,3999,1.0,0.1,0.8,vera_balanced_iut,True,INLP::rank=8,INLP,1.001708984375,True,True,False,False,False,True
learning_curve|CivilComments-WILDS|seed=11|fraction=0.5|gamma=1|tau=0.1|lambda=0.8,learning_curve,CivilComments-WILDS,11,0.5,3999,1.0,0.1,0.8,vera_balanced_envelope,True,INLP::rank=8,INLP,1.001708984375,True,True,False,False,False,True
learning_curve|CivilComments-WILDS|seed=11|fraction=0.5|gamma=1|tau=0.1|lambda=0.8,learning_curve,CivilComments-WILDS,11,0.5,3999,1.0,0.1,0.8,external_balanced_oracle,True,TaCo::components_removed=5,TaCo,0.0,True,True,False,False,False,True
learning_curve|CivilComments-WILDS|seed=11|fraction=0.5|gamma=1|tau=0.2|lambda=0.6,learning_curve,CivilComments-WILDS,11,0.5,3999,1.0,0.2,0.6,always_deploy_balanced,True,TaCo::components_removed=5,TaCo,0.0,True,False,True,False,False,True
learning_curve|CivilComments-WILDS|seed=11|fraction=0.5|gamma=1|tau=0.2|lambda=0.6,learning_curve,CivilComments-WILDS,11,0.5,3999,1.0,0.2,0.6,point_selection_balanced,False,,,0.0,True,NA,False,False,False,True
learning_curve|CivilComments-WILDS|seed=11|fraction=0.5|gamma=1|tau=0.2|lambda=0.6,learning_curve,CivilComments-WILDS,11,0.5,3999,1.0,0.2,0.6,vera_balanced_iut,False,,,0.0,True,NA,False,False,False,True
learning_curve|CivilComments-WILDS|seed=11|fraction=0.5|gamma=1|tau=0.2|lambda=0.6,learning_curve,CivilComments-WILDS,11,0.5,3999,1.0,0.2,0.6,vera_balanced_envelope,False,,,0.0,True,NA,False,False,False,True
learning_curve|CivilComments-WILDS|seed=11|fraction=0.5|gamma=1|tau=0.2|lambda=0.6,learning_curve,CivilComments-WILDS,11,0.5,3999,1.0,0.2,0.6,external_balanced_oracle,False,,,0.0,True,NA,False,False,False,True
learning_curve|CivilComments-WILDS|seed=11|fraction=0.5|gamma=1|tau=0.2|lambda=0.7,learning_curve,CivilComments-WILDS,11,0.5,3999,1.0,0.2,0.7,always_deploy_balanced,True,TaCo::components_removed=5,TaCo,1.0090255737304688,True,True,False,False,False,True
learning_curve|CivilComments-WILDS|seed=11|fraction=0.5|gamma=1|tau=0.2|lambda=0.7,learning_curve,CivilComments-WILDS,11,0.5,3999,1.0,0.2,0.7,point_selection_balanced,True,TaCo::components_removed=5,TaCo,1.0090255737304688,True,True,False,False,False,True
learning_curve|CivilComments-WILDS|seed=11|fraction=0.5|gamma=1|tau=0.2|lambda=0.7,learning_curve,CivilComments-WILDS,11,0.5,3999,1.0,0.2,0.7,vera_balanced_iut,True,TaCo::components_removed=5,TaCo,1.0090255737304688,True,True,False,False,False,True
learning_curve|CivilComments-WILDS|seed=11|fraction=0.5|gamma=1|tau=0.2|lambda=0.7,learning_curve,CivilComments-WILDS,11,0.5,3999,1.0,0.2,0.7,vera_balanced_envelope,True,TaCo::components_removed=5,TaCo,1.0090255737304688,True,True,False,False,False,True
learning_curve|CivilComments-WILDS|seed=11|fraction=0.5|gamma=1|tau=0.2|lambda=0.7,learning_curve,CivilComments-WILDS,11,0.5,3999,1.0,0.2,0.7,external_balanced_oracle,True,TaCo::components_removed=5,TaCo,1.0090255737304688,True,True,False,False,False,True
learning_curve|CivilComments-WILDS|seed=11|fraction=0.5|gamma=1|tau=0.2|lambda=0.8,learning_curve,CivilComments-WILDS,11,0.5,3999,1.0,0.2,0.8,always_deploy_balanced,True,TaCo::components_removed=5,TaCo,1.0417098999023438,True,True,False,False,False,True
learning_curve|CivilComments-WILDS|seed=11|fraction=0.5|gamma=1|tau=0.2|lambda=0.8,learning_curve,CivilComments-WILDS,11,0.5,3999,1.0,0.2,0.8,point_selection_balanced,True,TaCo::components_removed=5,TaCo,1.0417098999023438,True,True,False,False,False,True
learning_curve|CivilComments-WILDS|seed=11|fraction=0.5|gamma=1|tau=0.2|lambda=0.8,learning_curve,CivilComments-WILDS,11,0.5,3999,1.0,0.2,0.8,vera_balanced_iut,True,TaCo::components_removed=5,TaCo,1.0417098999023438,True,True,False,False,False,True
learning_curve|CivilComments-WILDS|seed=11|fraction=0.5|gamma=1|tau=0.2|lambda=0.8,learning_curve,CivilComments-WILDS,11,0.5,3999,1.0,0.2,0.8,vera_balanced_envelope,True,TaCo::components_removed=5,TaCo,1.0417098999023438,True,True,False,False,False,True
learning_curve|CivilComments-WILDS|seed=11|fraction=0.5|gamma=1|tau=0.2|lambda=0.8,learning_curve,CivilComments-WILDS,11,0.5,3999,1.0,0.2,0.8,external_balanced_oracle,True,TaCo::components_removed=5,TaCo,1.0417098999023438,True,True,False,False,False,True
primary|CivilComments-WILDS|seed=11|fraction=1|gamma=1|tau=0.05|lambda=0.6,primary,CivilComments-WILDS,11,1.0,8000,1.0,0.05,0.6,always_deploy_balanced,True,TaCo::components_removed=5,TaCo,0.0,True,False,True,False,False,True
primary|CivilComments-WILDS|seed=11|fraction=1|gamma=1|tau=0.05|lambda=0.6,primary,CivilComments-WILDS,11,1.0,8000,1.0,0.05,0.6,point_selection_balanced,False,,,0.0,True,NA,False,False,False,True
primary|CivilComments-WILDS|seed=11|fraction=1|gamma=1|tau=0.05|lambda=0.6,primary,CivilComments-WILDS,11,1.0,8000,1.0,0.05,0.6,vera_balanced_iut,False,,,0.0,True,NA,False,False,False,True
primary|CivilComments-WILDS|seed=11|fraction=1|gamma=1|tau=0.05|lambda=0.6,primary,CivilComments-WILDS,11,1.0,8000,1.0,0.05,0.6,vera_balanced_envelope,False,,,0.0,True,NA,False,False,False,True
primary|CivilComments-WILDS|seed=11|fraction=1|gamma=1|tau=0.05|lambda=0.6,primary,CivilComments-WILDS,11,1.0,8000,1.0,0.05,0.6,external_balanced_oracle,False,,,0.0,True,NA,False,False,False,True
primary|CivilComments-WILDS|seed=11|fraction=1|gamma=1|tau=0.05|lambda=0.7,primary,CivilComments-WILDS,11,1.0,8000,1.0,0.05,0.7,always_deploy_balanced,True,TaCo::components_removed=5,TaCo,0.0,True,False,True,False,False,True
primary|CivilComments-WILDS|seed=11|fraction=1|gamma=1|tau=0.05|lambda=0.7,primary,CivilComments-WILDS,11,1.0,8000,1.0,0.05,0.7,point_selection_balanced,False,,,0.0,True,NA,False,False,False,True
primary|CivilComments-WILDS|seed=11|fraction=1|gamma=1|tau=0.05|lambda=0.7,primary,CivilComments-WILDS,11,1.0,8000,1.0,0.05,0.7,vera_balanced_iut,False,,,0.0,True,NA,False,False,False,True
primary|CivilComments-WILDS|seed=11|fraction=1|gamma=1|tau=0.05|lambda=0.7,primary,CivilComments-WILDS,11,1.0,8000,1.0,0.05,0.7,vera_balanced_envelope,False,,,0.0,True,NA,False,False,False,True
primary|CivilComments-WILDS|seed=11|fraction=1|gamma=1|tau=0.05|lambda=0.7,primary,CivilComments-WILDS,11,1.0,8000,1.0,0.05,0.7,external_balanced_oracle,False,,,0.0,True,NA,False,False,False,True
primary|CivilComments-WILDS|seed=11|fraction=1|gamma=1|tau=0.05|lambda=0.8,primary,CivilComments-WILDS,11,1.0,8000,1.0,0.05,0.8,always_deploy_balanced,True,TaCo::components_removed=5,TaCo,0.0,True,False,True,False,False,True
primary|CivilComments-WILDS|seed=11|fraction=1|gamma=1|tau=0.05|lambda=0.8,primary,CivilComments-WILDS,11,1.0,8000,1.0,0.05,0.8,point_selection_balanced,False,,,0.0,True,NA,False,False,False,True
primary|CivilComments-WILDS|seed=11|fraction=1|gamma=1|tau=0.05|lambda=0.8,primary,CivilComments-WILDS,11,1.0,8000,1.0,0.05,0.8,vera_balanced_iut,False,,,0.0,True,NA,False,False,False,True
primary|CivilComments-WILDS|seed=11|fraction=1|gamma=1|tau=0.05|lambda=0.8,primary,CivilComments-WILDS,11,1.0,8000,1.0,0.05,0.8,vera_balanced_envelope,False,,,0.0,True,NA,False,False,False,True
primary|CivilComments-WILDS|seed=11|fraction=1|gamma=1|tau=0.05|lambda=0.8,primary,CivilComments-WILDS,11,1.0,8000,1.0,0.05,0.8,external_balanced_oracle,False,,,0.0,True,NA,False,False,False,True
primary|CivilComments-WILDS|seed=11|fraction=1|gamma=1|tau=0.1|lambda=0.6,primary,CivilComments-WILDS,11,1.0,8000,1.0,0.1,0.6,always_deploy_balanced,True,TaCo::components_removed=5,TaCo,0.0,True,False,True,False,False,True
primary|CivilComments-WILDS|seed=11|fraction=1|gamma=1|tau=0.1|lambda=0.6,primary,CivilComments-WILDS,11,1.0,8000,1.0,0.1,0.6,point_selection_balanced,False,,,0.0,True,NA,False,False,False,True
primary|CivilComments-WILDS|seed=11|fraction=1|gamma=1|tau=0.1|lambda=0.6,primary,CivilComments-WILDS,11,1.0,8000,1.0,0.1,0.6,vera_balanced_iut,False,,,0.0,True,NA,False,False,False,True
primary|CivilComments-WILDS|seed=11|fraction=1|gamma=1|tau=0.1|lambda=0.6,primary,CivilComments-WILDS,11,1.0,8000,1.0,0.1,0.6,vera_balanced_envelope,False,,,0.0,True,NA,False,False,False,True
primary|CivilComments-WILDS|seed=11|fraction=1|gamma=1|tau=0.1|lambda=0.6,primary,CivilComments-WILDS,11,1.0,8000,1.0,0.1,0.6,external_balanced_oracle,False,,,0.0,True,NA,False,False,False,True
primary|CivilComments-WILDS|seed=11|fraction=1|gamma=1|tau=0.1|lambda=0.7,primary,CivilComments-WILDS,11,1.0,8000,1.0,0.1,0.7,always_deploy_balanced,True,TaCo::components_removed=5,TaCo,0.0,True,True,False,False,False,True
primary|CivilComments-WILDS|seed=11|fraction=1|gamma=1|tau=0.1|lambda=0.7,primary,CivilComments-WILDS,11,1.0,8000,1.0,0.1,0.7,point_selection_balanced,True,TaCo::components_removed=5,TaCo,0.0,True,True,False,False,False,True
primary|CivilComments-WILDS|seed=11|fraction=1|gamma=1|tau=0.1|lambda=0.7,primary,CivilComments-WILDS,11,1.0,8000,1.0,0.1,0.7,vera_balanced_iut,False,,,0.0,True,NA,False,False,False,True
primary|CivilComments-WILDS|seed=11|fraction=1|gamma=1|tau=0.1|lambda=0.7,primary,CivilComments-WILDS,11,1.0,8000,1.0,0.1,0.7,vera_balanced_envelope,False,,,0.0,True,NA,False,False,False,True
primary|CivilComments-WILDS|seed=11|fraction=1|gamma=1|tau=0.1|lambda=0.7,primary,CivilComments-WILDS,11,1.0,8000,1.0,0.1,0.7,external_balanced_oracle,True,TaCo::components_removed=5,TaCo,0.0,True,True,False,False,False,True
primary|CivilComments-WILDS|seed=11|fraction=1|gamma=1|tau=0.1|lambda=0.8,primary,CivilComments-WILDS,11,1.0,8000,1.0,0.1,0.8,always_deploy_balanced,True,TaCo::components_removed=5,TaCo,0.0,True,True,False,False,False,True
primary|CivilComments-WILDS|seed=11|fraction=1|gamma=1|tau=0.1|lambda=0.8,primary,CivilComments-WILDS,11,1.0,8000,1.0,0.1,0.8,point_selection_balanced,True,TaCo::components_removed=5,TaCo,0.0,True,True,False,False,False,True
primary|CivilComments-WILDS|seed=11|fraction=1|gamma=1|tau=0.1|lambda=0.8,primary,CivilComments-WILDS,11,1.0,8000,1.0,0.1,0.8,vera_balanced_iut,True,"MANCE++::epsilon=0.05,steps=3",MANCE++,1.0073699951171875,True,True,False,False,False,True
primary|CivilComments-WILDS|seed=11|fraction=1|gamma=1|tau=0.1|lambda=0.8,primary,CivilComments-WILDS,11,1.0,8000,1.0,0.1,0.8,vera_balanced_envelope,True,"MANCE++::epsilon=0.05,steps=3",MANCE++,1.0073699951171875,True,True,False,False,False,True
primary|CivilComments-WILDS|seed=11|fraction=1|gamma=1|tau=0.1|lambda=0.8,primary,CivilComments-WILDS,11,1.0,8000,1.0,0.1,0.8,external_balanced_oracle,True,TaCo::components_removed=5,TaCo,0.0,True,True,False,False,False,True
primary|CivilComments-WILDS|seed=11|fraction=1|gamma=1|tau=0.2|lambda=0.6,primary,CivilComments-WILDS,11,1.0,8000,1.0,0.2,0.6,always_deploy_balanced,True,TaCo::components_removed=5,TaCo,0.0,True,False,True,False,False,True
primary|CivilComments-WILDS|seed=11|fraction=1|gamma=1|tau=0.2|lambda=0.6,primary,CivilComments-WILDS,11,1.0,8000,1.0,0.2,0.6,point_selection_balanced,False,,,0.0,True,NA,False,False,False,True
primary|CivilComments-WILDS|seed=11|fraction=1|gamma=1|tau=0.2|lambda=0.6,primary,CivilComments-WILDS,11,1.0,8000,1.0,0.2,0.6,vera_balanced_iut,False,,,0.0,True,NA,False,False,False,True
primary|CivilComments-WILDS|seed=11|fraction=1|gamma=1|tau=0.2|lambda=0.6,primary,CivilComments-WILDS,11,1.0,8000,1.0,0.2,0.6,vera_balanced_envelope,False,,,0.0,True,NA,False,False,False,True
primary|CivilComments-WILDS|seed=11|fraction=1|gamma=1|tau=0.2|lambda=0.6,primary,CivilComments-WILDS,11,1.0,8000,1.0,0.2,0.6,external_balanced_oracle,False,,,0.0,True,NA,False,False,False,True
primary|CivilComments-WILDS|seed=11|fraction=1|gamma=1|tau=0.2|lambda=0.7,primary,CivilComments-WILDS,11,1.0,8000,1.0,0.2,0.7,always_deploy_balanced,True,TaCo::components_removed=5,TaCo,1.0277175903320312,True,True,False,False,False,True
primary|CivilComments-WILDS|seed=11|fraction=1|gamma=1|tau=0.2|lambda=0.7,primary,CivilComments-WILDS,11,1.0,8000,1.0,0.2,0.7,point_selection_balanced,True,TaCo::components_removed=5,TaCo,1.0277175903320312,True,True,False,False,False,True
primary|CivilComments-WILDS|seed=11|fraction=1|gamma=1|tau=0.2|lambda=0.7,primary,CivilComments-WILDS,11,1.0,8000,1.0,0.2,0.7,vera_balanced_iut,True,TaCo::components_removed=5,TaCo,1.0277175903320312,True,True,False,False,False,True
primary|CivilComments-WILDS|seed=11|fraction=1|gamma=1|tau=0.2|lambda=0.7,primary,CivilComments-WILDS,11,1.0,8000,1.0,0.2,0.7,vera_balanced_envelope,True,TaCo::components_removed=5,TaCo,1.0277175903320312,True,True,False,False,False,True
primary|CivilComments-WILDS|seed=11|fraction=1|gamma=1|tau=0.2|lambda=0.7,primary,CivilComments-WILDS,11,1.0,8000,1.0,0.2,0.7,external_balanced_oracle,True,TaCo::components_removed=5,TaCo,1.0277175903320312,True,True,False,False,False,True
primary|CivilComments-WILDS|seed=11|fraction=1|gamma=1|tau=0.2|lambda=0.8,primary,CivilComments-WILDS,11,1.0,8000,1.0,0.2,0.8,always_deploy_balanced,True,TaCo::components_removed=5,TaCo,1.0546875,True,True,False,False,False,True
primary|CivilComments-WILDS|seed=11|fraction=1|gamma=1|tau=0.2|lambda=0.8,primary,CivilComments-WILDS,11,1.0,8000,1.0,0.2,0.8,point_selection_balanced,True,TaCo::components_removed=5,TaCo,1.0546875,True,True,False,False,False,True
primary|CivilComments-WILDS|seed=11|fraction=1|gamma=1|tau=0.2|lambda=0.8,primary,CivilComments-WILDS,11,1.0,8000,1.0,0.2,0.8,vera_balanced_iut,True,TaCo::components_removed=5,TaCo,1.0546875,True,True,False,False,False,True
primary|CivilComments-WILDS|seed=11|fraction=1|gamma=1|tau=0.2|lambda=0.8,primary,CivilComments-WILDS,11,1.0,8000,1.0,0.2,0.8,vera_balanced_envelope,True,TaCo::components_removed=5,TaCo,1.0546875,True,True,False,False,False,True
primary|CivilComments-WILDS|seed=11|fraction=1|gamma=1|tau=0.2|lambda=0.8,primary,CivilComments-WILDS,11,1.0,8000,1.0,0.2,0.8,external_balanced_oracle,True,TaCo::components_removed=5,TaCo,1.0546875,True,True,False,False,False,True
shifted_sensitivity|CivilComments-WILDS|seed=11|fraction=1|gamma=1.01|tau=0.05|lambda=0.6,shifted_sensitivity,CivilComments-WILDS,11,1.0,8000,1.01,0.05,0.6,always_deploy_balanced,True,TaCo::components_removed=5,TaCo,0.0,True,False,True,False,False,True
shifted_sensitivity|CivilComments-WILDS|seed=11|fraction=1|gamma=1.01|tau=0.05|lambda=0.6,shifted_sensitivity,CivilComments-WILDS,11,1.0,8000,1.01,0.05,0.6,point_selection_balanced,False,,,0.0,True,NA,False,False,False,True
shifted_sensitivity|CivilComments-WILDS|seed=11|fraction=1|gamma=1.01|tau=0.05|lambda=0.6,shifted_sensitivity,CivilComments-WILDS,11,1.0,8000,1.01,0.05,0.6,vera_balanced_iut,False,,,0.0,True,NA,False,False,False,True
shifted_sensitivity|CivilComments-WILDS|seed=11|fraction=1|gamma=1.01|tau=0.05|lambda=0.6,shifted_sensitivity,CivilComments-WILDS,11,1.0,8000,1.01,0.05,0.6,vera_balanced_envelope,False,,,0.0,True,NA,False,False,False,True
shifted_sensitivity|CivilComments-WILDS|seed=11|fraction=1|gamma=1.01|tau=0.05|lambda=0.6,shifted_sensitivity,CivilComments-WILDS,11,1.0,8000,1.01,0.05,0.6,external_balanced_oracle,False,,,0.0,True,NA,False,False,False,True
shifted_sensitivity|CivilComments-WILDS|seed=11|fraction=1|gamma=1.01|tau=0.05|lambda=0.7,shifted_sensitivity,CivilComments-WILDS,11,1.0,8000,1.01,0.05,0.7,always_deploy_balanced,True,TaCo::components_removed=5,TaCo,0.0,True,False,True,False,False,True
shifted_sensitivity|CivilComments-WILDS|seed=11|fraction=1|gamma=1.01|tau=0.05|lambda=0.7,shifted_sensitivity,CivilComments-WILDS,11,1.0,8000,1.01,0.05,0.7,point_selection_balanced,False,,,0.0,True,NA,False,False,False,True
shifted_sensitivity|CivilComments-WILDS|seed=11|fraction=1|gamma=1.01|tau=0.05|lambda=0.7,shifted_sensitivity,CivilComments-WILDS,11,1.0,8000,1.01,0.05,0.7,vera_balanced_iut,False,,,0.0,True,NA,False,False,False,True
shifted_sensitivity|CivilComments-WILDS|seed=11|fraction=1|gamma=1.01|tau=0.05|lambda=0.7,shifted_sensitivity,CivilComments-WILDS,11,1.0,8000,1.01,0.05,0.7,vera_balanced_envelope,False,,,0.0,True,NA,False,False,False,True
shifted_sensitivity|CivilComments-WILDS|seed=11|fraction=1|gamma=1.01|tau=0.05|lambda=0.7,shifted_sensitivity,CivilComments-WILDS,11,1.0,8000,1.01,0.05,0.7,external_balanced_oracle,False,,,0.0,True,NA,False,False,False,True
shifted_sensitivity|CivilComments-WILDS|seed=11|fraction=1|gamma=1.01|tau=0.05|lambda=0.8,shifted_sensitivity,CivilComments-WILDS,11,1.0,8000,1.01,0.05,0.8,always_deploy_balanced,True,TaCo::components_removed=5,TaCo,0.0,True,False,True,False,False,True
shifted_sensitivity|CivilComments-WILDS|seed=11|fraction=1|gamma=1.01|tau=0.05|lambda=0.8,shifted_sensitivity,CivilComments-WILDS,11,1.0,8000,1.01,0.05,0.8,point_selection_balanced,False,,,0.0,True,NA,False,False,False,True
shifted_sensitivity|CivilComments-WILDS|seed=11|fraction=1|gamma=1.01|tau=0.05|lambda=0.8,shifted_sensitivity,CivilComments-WILDS,11,1.0,8000,1.01,0.05,0.8,vera_balanced_iut,False,,,0.0,True,NA,False,False,False,True
shifted_sensitivity|CivilComments-WILDS|seed=11|fraction=1|gamma=1.01|tau=0.05|lambda=0.8,shifted_sensitivity,CivilComments-WILDS,11,1.0,8000,1.01,0.05,0.8,vera_balanced_envelope,False,,,0.0,True,NA,False,False,False,True
shifted_sensitivity|CivilComments-WILDS|seed=11|fraction=1|gamma=1.01|tau=0.05|lambda=0.8,shifted_sensitivity,CivilComments-WILDS,11,1.0,8000,1.01,0.05,0.8,external_balanced_oracle,False,,,0.0,True,NA,False,False,False,True
shifted_sensitivity|CivilComments-WILDS|seed=11|fraction=1|gamma=1.01|tau=0.1|lambda=0.6,shifted_sensitivity,CivilComments-WILDS,11,1.0,8000,1.01,0.1,0.6,always_deploy_balanced,True,TaCo::components_removed=5,TaCo,0.0,True,False,True,False,False,True
shifted_sensitivity|CivilComments-WILDS|seed=11|fraction=1|gamma=1.01|tau=0.1|lambda=0.6,shifted_sensitivity,CivilComments-WILDS,11,1.0,8000,1.01,0.1,0.6,point_selection_balanced,False,,,0.0,True,NA,False,False,False,True
shifted_sensitivity|CivilComments-WILDS|seed=11|fraction=1|gamma=1.01|tau=0.1|lambda=0.6,shifted_sensitivity,CivilComments-WILDS,11,1.0,8000,1.01,0.1,0.6,vera_balanced_iut,False,,,0.0,True,NA,False,False,False,True
shifted_sensitivity|CivilComments-WILDS|seed=11|fraction=1|gamma=1.01|tau=0.1|lambda=0.6,shifted_sensitivity,CivilComments-WILDS,11,1.0,8000,1.01,0.1,0.6,vera_balanced_envelope,False,,,0.0,True,NA,False,False,False,True
shifted_sensitivity|CivilComments-WILDS|seed=11|fraction=1|gamma=1.01|tau=0.1|lambda=0.6,shifted_sensitivity,CivilComments-WILDS,11,1.0,8000,1.01,0.1,0.6,external_balanced_oracle,False,,,0.0,True,NA,False,False,False,True
shifted_sensitivity|CivilComments-WILDS|seed=11|fraction=1|gamma=1.01|tau=0.1|lambda=0.7,shifted_sensitivity,CivilComments-WILDS,11,1.0,8000,1.01,0.1,0.7,always_deploy_balanced,True,TaCo::components_removed=5,TaCo,0.0,True,True,False,False,False,True
shifted_sensitivity|CivilComments-WILDS|seed=11|fraction=1|gamma=1.01|tau=0.1|lambda=0.7,shifted_sensitivity,CivilComments-WILDS,11,1.0,8000,1.01,0.1,0.7,point_selection_balanced,True,TaCo::components_removed=5,TaCo,0.0,True,True,False,False,False,True
shifted_sensitivity|CivilComments-WILDS|seed=11|fraction=1|gamma=1.01|tau=0.1|lambda=0.7,shifted_sensitivity,CivilComments-WILDS,11,1.0,8000,1.01,0.1,0.7,vera_balanced_iut,False,,,0.0,True,NA,False,False,False,True
shifted_sensitivity|CivilComments-WILDS|seed=11|fraction=1|gamma=1.01|tau=0.1|lambda=0.7,shifted_sensitivity,CivilComments-WILDS,11,1.0,8000,1.01,0.1,0.7,vera_balanced_envelope,False,,,0.0,True,NA,False,False,False,True
shifted_sensitivity|CivilComments-WILDS|seed=11|fraction=1|gamma=1.01|tau=0.1|lambda=0.7,shifted_sensitivity,CivilComments-WILDS,11,1.0,8000,1.01,0.1,0.7,external_balanced_oracle,True,TaCo::components_removed=5,TaCo,0.0,True,True,False,False,False,True
shifted_sensitivity|CivilComments-WILDS|seed=11|fraction=1|gamma=1.01|tau=0.1|lambda=0.8,shifted_sensitivity,CivilComments-WILDS,11,1.0,8000,1.01,0.1,0.8,always_deploy_balanced,True,TaCo::components_removed=5,TaCo,0.0,True,True,False,False,False,True
shifted_sensitivity|CivilComments-WILDS|seed=11|fraction=1|gamma=1.01|tau=0.1|lambda=0.8,shifted_sensitivity,CivilComments-WILDS,11,1.0,8000,1.01,0.1,0.8,point_selection_balanced,True,TaCo::components_removed=5,TaCo,0.0,True,True,False,False,False,True
shifted_sensitivity|CivilComments-WILDS|seed=11|fraction=1|gamma=1.01|tau=0.1|lambda=0.8,shifted_sensitivity,CivilComments-WILDS,11,1.0,8000,1.01,0.1,0.8,vera_balanced_iut,True,"MANCE++::epsilon=0.05,steps=3",MANCE++,1.0073699951171875,True,True,False,False,False,True
shifted_sensitivity|CivilComments-WILDS|seed=11|fraction=1|gamma=1.01|tau=0.1|lambda=0.8,shifted_sensitivity,CivilComments-WILDS,11,1.0,8000,1.01,0.1,0.8,vera_balanced_envelope,True,INLP::rank=8,INLP,1.0139923095703125,True,True,False,False,False,True
shifted_sensitivity|CivilComments-WILDS|seed=11|fraction=1|gamma=1.01|tau=0.1|lambda=0.8,shifted_sensitivity,CivilComments-WILDS,11,1.0,8000,1.01,0.1,0.8,external_balanced_oracle,True,TaCo::components_removed=5,TaCo,0.0,True,True,False,False,False,True
shifted_sensitivity|CivilComments-WILDS|seed=11|fraction=1|gamma=1.01|tau=0.2|lambda=0.6,shifted_sensitivity,CivilComments-WILDS,11,1.0,8000,1.01,0.2,0.6,always_deploy_balanced,True,TaCo::components_removed=5,TaCo,0.0,True,False,True,False,False,True
shifted_sensitivity|CivilComments-WILDS|seed=11|fraction=1|gamma=1.01|tau=0.2|lambda=0.6,shifted_sensitivity,CivilComments-WILDS,11,1.0,8000,1.01,0.2,0.6,point_selection_balanced,False,,,0.0,True,NA,False,False,False,True
shifted_sensitivity|CivilComments-WILDS|seed=11|fraction=1|gamma=1.01|tau=0.2|lambda=0.6,shifted_sensitivity,CivilComments-WILDS,11,1.0,8000,1.01,0.2,0.6,vera_balanced_iut,False,,,0.0,True,NA,False,False,False,True
shifted_sensitivity|CivilComments-WILDS|seed=11|fraction=1|gamma=1.01|tau=0.2|lambda=0.6,shifted_sensitivity,CivilComments-WILDS,11,1.0,8000,1.01,0.2,0.6,vera_balanced_envelope,False,,,0.0,True,NA,False,False,False,True
shifted_sensitivity|CivilComments-WILDS|seed=11|fraction=1|gamma=1.01|tau=0.2|lambda=0.6,shifted_sensitivity,CivilComments-WILDS,11,1.0,8000,1.01,0.2,0.6,external_balanced_oracle,False,,,0.0,True,NA,False,False,False,True
shifted_sensitivity|CivilComments-WILDS|seed=11|fraction=1|gamma=1.01|tau=0.2|lambda=0.7,shifted_sensitivity,CivilComments-WILDS,11,1.0,8000,1.01,0.2,0.7,always_deploy_balanced,True,TaCo::components_removed=5,TaCo,1.0277175903320312,True,True,False,False,False,True
shifted_sensitivity|CivilComments-WILDS|seed=11|fraction=1|gamma=1.01|tau=0.2|lambda=0.7,shifted_sensitivity,CivilComments-WILDS,11,1.0,8000,1.01,0.2,0.7,point_selection_balanced,True,TaCo::components_removed=5,TaCo,1.0277175903320312,True,True,False,False,False,True
shifted_sensitivity|CivilComments-WILDS|seed=11|fraction=1|gamma=1.01|tau=0.2|lambda=0.7,shifted_sensitivity,CivilComments-WILDS,11,1.0,8000,1.01,0.2,0.7,vera_balanced_iut,True,TaCo::components_removed=5,TaCo,1.0277175903320312,True,True,False,False,False,True
shifted_sensitivity|CivilComments-WILDS|seed=11|fraction=1|gamma=1.01|tau=0.2|lambda=0.7,shifted_sensitivity,CivilComments-WILDS,11,1.0,8000,1.01,0.2,0.7,vera_balanced_envelope,True,TaCo::components_removed=5,TaCo,1.0277175903320312,True,True,False,False,False,True
shifted_sensitivity|CivilComments-WILDS|seed=11|fraction=1|gamma=1.01|tau=0.2|lambda=0.7,shifted_sensitivity,CivilComments-WILDS,11,1.0,8000,1.01,0.2,0.7,external_balanced_oracle,True,TaCo::components_removed=5,TaCo,1.0277175903320312,True,True,False,False,False,True
shifted_sensitivity|CivilComments-WILDS|seed=11|fraction=1|gamma=1.01|tau=0.2|lambda=0.8,shifted_sensitivity,CivilComments-WILDS,11,1.0,8000,1.01,0.2,0.8,always_deploy_balanced,True,TaCo::components_removed=5,TaCo,1.0546875,True,True,False,False,False,True
shifted_sensitivity|CivilComments-WILDS|seed=11|fraction=1|gamma=1.01|tau=0.2|lambda=0.8,shifted_sensitivity,CivilComments-WILDS,11,1.0,8000,1.01,0.2,0.8,point_selection_balanced,True,TaCo::components_removed=5,TaCo,1.0546875,True,True,False,False,False,True
shifted_sensitivity|CivilComments-WILDS|seed=11|fraction=1|gamma=1.01|tau=0.2|lambda=0.8,shifted_sensitivity,CivilComments-WILDS,11,1.0,8000,1.01,0.2,0.8,vera_balanced_iut,True,TaCo::components_removed=5,TaCo,1.0546875,True,True,False,False,False,True
shifted_sensitivity|CivilComments-WILDS|seed=11|fraction=1|gamma=1.01|tau=0.2|lambda=0.8,shifted_sensitivity,CivilComments-WILDS,11,1.0,8000,1.01,0.2,0.8,vera_balanced_envelope,True,TaCo::components_removed=5,TaCo,1.0546875,True,True,False,False,False,True
shifted_sensitivity|CivilComments-WILDS|seed=11|fraction=1|gamma=1.01|tau=0.2|lambda=0.8,shifted_sensitivity,CivilComments-WILDS,11,1.0,8000,1.01,0.2,0.8,external_balanced_oracle,True,TaCo::components_removed=5,TaCo,1.0546875,True,True,False,False,False,True
learning_curve|CivilComments-WILDS|seed=12|fraction=0.05|gamma=1|tau=0.05|lambda=0.6,learning_curve,CivilComments-WILDS,12,0.05,398,1.0,0.05,0.6,always_deploy_balanced,True,TaCo::components_removed=2,TaCo,0.0,True,False,True,False,False,True
learning_curve|CivilComments-WILDS|seed=12|fraction=0.05|gamma=1|tau=0.05|lambda=0.6,learning_curve,CivilComments-WILDS,12,0.05,398,1.0,0.05,0.6,point_selection_balanced,False,,,0.0,True,NA,False,False,False,True
learning_curve|CivilComments-WILDS|seed=12|fraction=0.05|gamma=1|tau=0.05|lambda=0.6,learning_curve,CivilComments-WILDS,12,0.05,398,1.0,0.05,0.6,vera_balanced_iut,False,,,0.0,True,NA,False,False,False,True
learning_curve|CivilComments-WILDS|seed=12|fraction=0.05|gamma=1|tau=0.05|lambda=0.6,learning_curve,CivilComments-WILDS,12,0.05,398,1.0,0.05,0.6,vera_balanced_envelope,False,,,0.0,True,NA,False,False,False,True
learning_curve|CivilComments-WILDS|seed=12|fraction=0.05|gamma=1|tau=0.05|lambda=0.6,learning_curve,CivilComments-WILDS,12,0.05,398,1.0,0.05,0.6,external_balanced_oracle,False,,,0.0,True,NA,False,False,False,True
learning_curve|CivilComments-WILDS|seed=12|fraction=0.05|gamma=1|tau=0.05|lambda=0.7,learning_curve,CivilComments-WILDS,12,0.05,398,1.0,0.05,0.7,always_deploy_balanced,True,TaCo::components_removed=2,TaCo,0.0,True,False,True,False,False,True
learning_curve|CivilComments-WILDS|seed=12|fraction=0.05|gamma=1|tau=0.05|lambda=0.7,learning_curve,CivilComments-WILDS,12,0.05,398,1.0,0.05,0.7,point_selection_balanced,False,,,0.0,True,NA,False,False,False,True
learning_curve|CivilComments-WILDS|seed=12|fraction=0.05|gamma=1|tau=0.05|lambda=0.7,learning_curve,CivilComments-WILDS,12,0.05,398,1.0,0.05,0.7,vera_balanced_iut,False,,,0.0,True,NA,False,False,False,True
learning_curve|CivilComments-WILDS|seed=12|fraction=0.05|gamma=1|tau=0.05|lambda=0.7,learning_curve,CivilComments-WILDS,12,0.05,398,1.0,0.05,0.7,vera_balanced_envelope,False,,,0.0,True,NA,False,False,False,True
learning_curve|CivilComments-WILDS|seed=12|fraction=0.05|gamma=1|tau=0.05|lambda=0.7,learning_curve,CivilComments-WILDS,12,0.05,398,1.0,0.05,0.7,external_balanced_oracle,False,,,0.0,True,NA,False,False,False,True
learning_curve|CivilComments-WILDS|seed=12|fraction=0.05|gamma=1|tau=0.05|lambda=0.8,learning_curve,CivilComments-WILDS,12,0.05,398,1.0,0.05,0.8,always_deploy_balanced,True,TaCo::components_removed=2,TaCo,0.0,True,False,True,False,False,True
learning_curve|CivilComments-WILDS|seed=12|fraction=0.05|gamma=1|tau=0.05|lambda=0.8,learning_curve,CivilComments-WILDS,12,0.05,398,1.0,0.05,0.8,point_selection_balanced,True,RLACE::rank=1,RLACE,0.0,True,True,False,False,False,True
learning_curve|CivilComments-WILDS|seed=12|fraction=0.05|gamma=1|tau=0.05|lambda=0.8,learning_curve,CivilComments-WILDS,12,0.05,398,1.0,0.05,0.8,vera_balanced_iut,False,,,0.0,True,NA,False,False,False,True
learning_curve|CivilComments-WILDS|seed=12|fraction=0.05|gamma=1|tau=0.05|lambda=0.8,learning_curve,CivilComments-WILDS,12,0.05,398,1.0,0.05,0.8,vera_balanced_envelope,False,,,0.0,True,NA,False,False,False,True
learning_curve|CivilComments-WILDS|seed=12|fraction=0.05|gamma=1|tau=0.05|lambda=0.8,learning_curve,CivilComments-WILDS,12,0.05,398,1.0,0.05,0.8,external_balanced_oracle,True,RLACE::rank=1,RLACE,0.0,True,True,False,False,False,True
learning_curve|CivilComments-WILDS|seed=12|fraction=0.05|gamma=1|tau=0.1|lambda=0.6,learning_curve,CivilComments-WILDS,12,0.05,398,1.0,0.1,0.6,always_deploy_balanced,True,TaCo::components_removed=2,TaCo,0.0,True,False,True,False,False,True
learning_curve|CivilComments-WILDS|seed=12|fraction=0.05|gamma=1|tau=0.1|lambda=0.6,learning_curve,CivilComments-WILDS,12,0.05,398,1.0,0.1,0.6,point_selection_balanced,False,,,0.0,True,NA,False,False,False,True
learning_curve|CivilComments-WILDS|seed=12|fraction=0.05|gamma=1|tau=0.1|lambda=0.6,learning_curve,CivilComments-WILDS,12,0.05,398,1.0,0.1,0.6,vera_balanced_iut,False,,,0.0,True,NA,False,False,False,True
learning_curve|CivilComments-WILDS|seed=12|fraction=0.05|gamma=1|tau=0.1|lambda=0.6,learning_curve,CivilComments-WILDS,12,0.05,398,1.0,0.1,0.6,vera_balanced_envelope,False,,,0.0,True,NA,False,False,False,True
learning_curve|CivilComments-WILDS|seed=12|fraction=0.05|gamma=1|tau=0.1|lambda=0.6,learning_curve,CivilComments-WILDS,12,0.05,398,1.0,0.1,0.6,external_balanced_oracle,False,,,0.0,True,NA,False,False,False,True
learning_curve|CivilComments-WILDS|seed=12|fraction=0.05|gamma=1|tau=0.1|lambda=0.7,learning_curve,CivilComments-WILDS,12,0.05,398,1.0,0.1,0.7,always_deploy_balanced,True,TaCo::components_removed=2,TaCo,0.0,True,False,True,False,False,True
learning_curve|CivilComments-WILDS|seed=12|fraction=0.05|gamma=1|tau=0.1|lambda=0.7,learning_curve,CivilComments-WILDS,12,0.05,398,1.0,0.1,0.7,point_selection_balanced,True,TaCo::components_removed=3,TaCo,0.0,True,False,True,False,False,True
learning_curve|CivilComments-WILDS|seed=12|fraction=0.05|gamma=1|tau=0.1|lambda=0.7,learning_curve,CivilComments-WILDS,12,0.05,398,1.0,0.1,0.7,vera_balanced_iut,False,,,0.0,True,NA,False,False,False,True
learning_curve|CivilComments-WILDS|seed=12|fraction=0.05|gamma=1|tau=0.1|lambda=0.7,learning_curve,CivilComments-WILDS,12,0.05,398,1.0,0.1,0.7,vera_balanced_envelope,False,,,0.0,True,NA,False,False,False,True
learning_curve|CivilComments-WILDS|seed=12|fraction=0.05|gamma=1|tau=0.1|lambda=0.7,learning_curve,CivilComments-WILDS,12,0.05,398,1.0,0.1,0.7,external_balanced_oracle,False,,,0.0,True,NA,False,False,False,True
learning_curve|CivilComments-WILDS|seed=12|fraction=0.05|gamma=1|tau=0.1|lambda=0.8,learning_curve,CivilComments-WILDS,12,0.05,398,1.0,0.1,0.8,always_deploy_balanced,True,TaCo::components_removed=2,TaCo,0.0,True,False,True,False,False,True
learning_curve|CivilComments-WILDS|seed=12|fraction=0.05|gamma=1|tau=0.1|lambda=0.8,learning_curve,CivilComments-WILDS,12,0.05,398,1.0,0.1,0.8,point_selection_balanced,True,TaCo::components_removed=3,TaCo,0.0,True,False,True,False,False,True
learning_curve|CivilComments-WILDS|seed=12|fraction=0.05|gamma=1|tau=0.1|lambda=0.8,learning_curve,CivilComments-WILDS,12,0.05,398,1.0,0.1,0.8,vera_balanced_iut,False,,,0.0,True,NA,False,False,False,True
learning_curve|CivilComments-WILDS|seed=12|fraction=0.05|gamma=1|tau=0.1|lambda=0.8,learning_curve,CivilComments-WILDS,12,0.05,398,1.0,0.1,0.8,vera_balanced_envelope,False,,,0.0,True,NA,False,False,False,True
learning_curve|CivilComments-WILDS|seed=12|fraction=0.05|gamma=1|tau=0.1|lambda=0.8,learning_curve,CivilComments-WILDS,12,0.05,398,1.0,0.1,0.8,external_balanced_oracle,True,"MANCE++::epsilon=0.05,steps=3",MANCE++,0.0,True,True,False,False,False,True
learning_curve|CivilComments-WILDS|seed=12|fraction=0.05|gamma=1|tau=0.2|lambda=0.6,learning_curve,CivilComments-WILDS,12,0.05,398,1.0,0.2,0.6,always_deploy_balanced,True,TaCo::components_removed=2,TaCo,0.0,True,False,True,False,False,True
learning_curve|CivilComments-WILDS|seed=12|fraction=0.05|gamma=1|tau=0.2|lambda=0.6,learning_curve,CivilComments-WILDS,12,0.05,398,1.0,0.2,0.6,point_selection_balanced,False,,,0.0,True,NA,False,False,False,True
learning_curve|CivilComments-WILDS|seed=12|fraction=0.05|gamma=1|tau=0.2|lambda=0.6,learning_curve,CivilComments-WILDS,12,0.05,398,1.0,0.2,0.6,vera_balanced_iut,False,,,0.0,True,NA,False,False,False,True
learning_curve|CivilComments-WILDS|seed=12|fraction=0.05|gamma=1|tau=0.2|lambda=0.6,learning_curve,CivilComments-WILDS,12,0.05,398,1.0,0.2,0.6,vera_balanced_envelope,False,,,0.0,True,NA,False,False,False,True
learning_curve|CivilComments-WILDS|seed=12|fraction=0.05|gamma=1|tau=0.2|lambda=0.6,learning_curve,CivilComments-WILDS,12,0.05,398,1.0,0.2,0.6,external_balanced_oracle,False,,,0.0,True,NA,False,False,False,True
learning_curve|CivilComments-WILDS|seed=12|fraction=0.05|gamma=1|tau=0.2|lambda=0.7,learning_curve,CivilComments-WILDS,12,0.05,398,1.0,0.2,0.7,always_deploy_balanced,True,TaCo::components_removed=2,TaCo,0.0,True,True,False,False,False,True
learning_curve|CivilComments-WILDS|seed=12|fraction=0.05|gamma=1|tau=0.2|lambda=0.7,learning_curve,CivilComments-WILDS,12,0.05,398,1.0,0.2,0.7,point_selection_balanced,True,TaCo::components_removed=2,TaCo,0.0,True,True,False,False,False,True
learning_curve|CivilComments-WILDS|seed=12|fraction=0.05|gamma=1|tau=0.2|lambda=0.7,learning_curve,CivilComments-WILDS,12,0.05,398,1.0,0.2,0.7,vera_balanced_iut,False,,,0.0,True,NA,False,False,False,True
learning_curve|CivilComments-WILDS|seed=12|fraction=0.05|gamma=1|tau=0.2|lambda=0.7,learning_curve,CivilComments-WILDS,12,0.05,398,1.0,0.2,0.7,vera_balanced_envelope,False,,,0.0,True,NA,False,False,False,True
learning_curve|CivilComments-WILDS|seed=12|fraction=0.05|gamma=1|tau=0.2|lambda=0.7,learning_curve,CivilComments-WILDS,12,0.05,398,1.0,0.2,0.7,external_balanced_oracle,True,TaCo::components_removed=2,TaCo,0.0,True,True,False,False,False,True
learning_curve|CivilComments-WILDS|seed=12|fraction=0.05|gamma=1|tau=0.2|lambda=0.8,learning_curve,CivilComments-WILDS,12,0.05,398,1.0,0.2,0.8,always_deploy_balanced,True,TaCo::components_removed=2,TaCo,0.0,True,True,False,False,False,True
learning_curve|CivilComments-WILDS|seed=12|fraction=0.05|gamma=1|tau=0.2|lambda=0.8,learning_curve,CivilComments-WILDS,12,0.05,398,1.0,0.2,0.8,point_selection_balanced,True,TaCo::components_removed=2,TaCo,0.0,True,True,False,False,False,True
learning_curve|CivilComments-WILDS|seed=12|fraction=0.05|gamma=1|tau=0.2|lambda=0.8,learning_curve,CivilComments-WILDS,12,0.05,398,1.0,0.2,0.8,vera_balanced_iut,False,,,0.0,True,NA,False,False,False,True
learning_curve|CivilComments-WILDS|seed=12|fraction=0.05|gamma=1|tau=0.2|lambda=0.8,learning_curve,CivilComments-WILDS,12,0.05,398,1.0,0.2,0.8,vera_balanced_envelope,False,,,0.0,True,NA,False,False,False,True
learning_curve|CivilComments-WILDS|seed=12|fraction=0.05|gamma=1|tau=0.2|lambda=0.8,learning_curve,CivilComments-WILDS,12,0.05,398,1.0,0.2,0.8,external_balanced_oracle,True,TaCo::components_removed=2,TaCo,0.0,True,True,False,False,False,True
learning_curve|CivilComments-WILDS|seed=12|fraction=0.1|gamma=1|tau=0.05|lambda=0.6,learning_curve,CivilComments-WILDS,12,0.1,798,1.0,0.05,0.6,always_deploy_balanced,True,TaCo::components_removed=3,TaCo,0.0,True,False,True,False,False,True
learning_curve|CivilComments-WILDS|seed=12|fraction=0.1|gamma=1|tau=0.05|lambda=0.6,learning_curve,CivilComments-WILDS,12,0.1,798,1.0,0.05,0.6,point_selection_balanced,False,,,0.0,True,NA,False,False,False,True
learning_curve|CivilComments-WILDS|seed=12|fraction=0.1|gamma=1|tau=0.05|lambda=0.6,learning_curve,CivilComments-WILDS,12,0.1,798,1.0,0.05,0.6,vera_balanced_iut,False,,,0.0,True,NA,False,False,False,True
learning_curve|CivilComments-WILDS|seed=12|fraction=0.1|gamma=1|tau=0.05|lambda=0.6,learning_curve,CivilComments-WILDS,12,0.1,798,1.0,0.05,0.6,vera_balanced_envelope,False,,,0.0,True,NA,False,False,False,True
learning_curve|CivilComments-WILDS|seed=12|fraction=0.1|gamma=1|tau=0.05|lambda=0.6,learning_curve,CivilComments-WILDS,12,0.1,798,1.0,0.05,0.6,external_balanced_oracle,False,,,0.0,True,NA,False,False,False,True
learning_curve|CivilComments-WILDS|seed=12|fraction=0.1|gamma=1|tau=0.05|lambda=0.7,learning_curve,CivilComments-WILDS,12,0.1,798,1.0,0.05,0.7,always_deploy_balanced,True,TaCo::components_removed=3,TaCo,0.0,True,False,True,False,False,True
learning_curve|CivilComments-WILDS|seed=12|fraction=0.1|gamma=1|tau=0.05|lambda=0.7,learning_curve,CivilComments-WILDS,12,0.1,798,1.0,0.05,0.7,point_selection_balanced,False,,,0.0,True,NA,False,False,False,True
learning_curve|CivilComments-WILDS|seed=12|fraction=0.1|gamma=1|tau=0.05|lambda=0.7,learning_curve,CivilComments-WILDS,12,0.1,798,1.0,0.05,0.7,vera_balanced_iut,False,,,0.0,True,NA,False,False,False,True
learning_curve|CivilComments-WILDS|seed=12|fraction=0.1|gamma=1|tau=0.05|lambda=0.7,learning_curve,CivilComments-WILDS,12,0.1,798,1.0,0.05,0.7,vera_balanced_envelope,False,,,0.0,True,NA,False,False,False,True
learning_curve|CivilComments-WILDS|seed=12|fraction=0.1|gamma=1|tau=0.05|lambda=0.7,learning_curve,CivilComments-WILDS,12,0.1,798,1.0,0.05,0.7,external_balanced_oracle,False,,,0.0,True,NA,False,False,False,True
learning_curve|CivilComments-WILDS|seed=12|fraction=0.1|gamma=1|tau=0.05|lambda=0.8,learning_curve,CivilComments-WILDS,12,0.1,798,1.0,0.05,0.8,always_deploy_balanced,True,TaCo::components_removed=3,TaCo,0.0,True,False,True,False,False,True
learning_curve|CivilComments-WILDS|seed=12|fraction=0.1|gamma=1|tau=0.05|lambda=0.8,learning_curve,CivilComments-WILDS,12,0.1,798,1.0,0.05,0.8,point_selection_balanced,True,RLACE::rank=1,RLACE,0.0,True,True,False,False,False,True
learning_curve|CivilComments-WILDS|seed=12|fraction=0.1|gamma=1|tau=0.05|lambda=0.8,learning_curve,CivilComments-WILDS,12,0.1,798,1.0,0.05,0.8,vera_balanced_iut,False,,,0.0,True,NA,False,False,False,True
learning_curve|CivilComments-WILDS|seed=12|fraction=0.1|gamma=1|tau=0.05|lambda=0.8,learning_curve,CivilComments-WILDS,12,0.1,798,1.0,0.05,0.8,vera_balanced_envelope,False,,,0.0,True,NA,False,False,False,True
learning_curve|CivilComments-WILDS|seed=12|fraction=0.1|gamma=1|tau=0.05|lambda=0.8,learning_curve,CivilComments-WILDS,12,0.1,798,1.0,0.05,0.8,external_balanced_oracle,True,RLACE::rank=1,RLACE,0.0,True,True,False,False,False,True
learning_curve|CivilComments-WILDS|seed=12|fraction=0.1|gamma=1|tau=0.1|lambda=0.6,learning_curve,CivilComments-WILDS,12,0.1,798,1.0,0.1,0.6,always_deploy_balanced,True,TaCo::components_removed=3,TaCo,0.0,True,False,True,False,False,True
learning_curve|CivilComments-WILDS|seed=12|fraction=0.1|gamma=1|tau=0.1|lambda=0.6,learning_curve,CivilComments-WILDS,12,0.1,798,1.0,0.1,0.6,point_selection_balanced,False,,,0.0,True,NA,False,False,False,True
learning_curve|CivilComments-WILDS|seed=12|fraction=0.1|gamma=1|tau=0.1|lambda=0.6,learning_curve,CivilComments-WILDS,12,0.1,798,1.0,0.1,0.6,vera_balanced_iut,False,,,0.0,True,NA,False,False,False,True
learning_curve|CivilComments-WILDS|seed=12|fraction=0.1|gamma=1|tau=0.1|lambda=0.6,learning_curve,CivilComments-WILDS,12,0.1,798,1.0,0.1,0.6,vera_balanced_envelope,False,,,0.0,True,NA,False,False,False,True
learning_curve|CivilComments-WILDS|seed=12|fraction=0.1|gamma=1|tau=0.1|lambda=0.6,learning_curve,CivilComments-WILDS,12,0.1,798,1.0,0.1,0.6,external_balanced_oracle,False,,,0.0,True,NA,False,False,False,True
learning_curve|CivilComments-WILDS|seed=12|fraction=0.1|gamma=1|tau=0.1|lambda=0.7,learning_curve,CivilComments-WILDS,12,0.1,798,1.0,0.1,0.7,always_deploy_balanced,True,TaCo::components_removed=3,TaCo,0.0,True,False,True,False,False,True
learning_curve|CivilComments-WILDS|seed=12|fraction=0.1|gamma=1|tau=0.1|lambda=0.7,learning_curve,CivilComments-WILDS,12,0.1,798,1.0,0.1,0.7,point_selection_balanced,True,TaCo::components_removed=3,TaCo,0.0,True,False,True,False,False,True
learning_curve|CivilComments-WILDS|seed=12|fraction=0.1|gamma=1|tau=0.1|lambda=0.7,learning_curve,CivilComments-WILDS,12,0.1,798,1.0,0.1,0.7,vera_balanced_iut,False,,,0.0,True,NA,False,False,False,True
learning_curve|CivilComments-WILDS|seed=12|fraction=0.1|gamma=1|tau=0.1|lambda=0.7,learning_curve,CivilComments-WILDS,12,0.1,798,1.0,0.1,0.7,vera_balanced_envelope,False,,,0.0,True,NA,False,False,False,True
learning_curve|CivilComments-WILDS|seed=12|fraction=0.1|gamma=1|tau=0.1|lambda=0.7,learning_curve,CivilComments-WILDS,12,0.1,798,1.0,0.1,0.7,external_balanced_oracle,False,,,0.0,True,NA,False,False,False,True
learning_curve|CivilComments-WILDS|seed=12|fraction=0.1|gamma=1|tau=0.1|lambda=0.8,learning_curve,CivilComments-WILDS,12,0.1,798,1.0,0.1,0.8,always_deploy_balanced,True,TaCo::components_removed=3,TaCo,0.0,True,False,True,False,False,True
learning_curve|CivilComments-WILDS|seed=12|fraction=0.1|gamma=1|tau=0.1|lambda=0.8,learning_curve,CivilComments-WILDS,12,0.1,798,1.0,0.1,0.8,point_selection_balanced,True,TaCo::components_removed=3,TaCo,0.0,True,False,True,False,False,True
learning_curve|CivilComments-WILDS|seed=12|fraction=0.1|gamma=1|tau=0.1|lambda=0.8,learning_curve,CivilComments-WILDS,12,0.1,798,1.0,0.1,0.8,vera_balanced_iut,False,,,0.0,True,NA,False,False,False,True
learning_curve|CivilComments-WILDS|seed=12|fraction=0.1|gamma=1|tau=0.1|lambda=0.8,learning_curve,CivilComments-WILDS,12,0.1,798,1.0,0.1,0.8,vera_balanced_envelope,False,,,0.0,True,NA,False,False,False,True
learning_curve|CivilComments-WILDS|seed=12|fraction=0.1|gamma=1|tau=0.1|lambda=0.8,learning_curve,CivilComments-WILDS,12,0.1,798,1.0,0.1,0.8,external_balanced_oracle,True,"MANCE++::epsilon=0.05,steps=3",MANCE++,0.0,True,True,False,False,False,True
learning_curve|CivilComments-WILDS|seed=12|fraction=0.1|gamma=1|tau=0.2|lambda=0.6,learning_curve,CivilComments-WILDS,12,0.1,798,1.0,0.2,0.6,always_deploy_balanced,True,TaCo::components_removed=3,TaCo,0.0,True,False,True,False,False,True
learning_curve|CivilComments-WILDS|seed=12|fraction=0.1|gamma=1|tau=0.2|lambda=0.6,learning_curve,CivilComments-WILDS,12,0.1,798,1.0,0.2,0.6,point_selection_balanced,False,,,0.0,True,NA,False,False,False,True
learning_curve|CivilComments-WILDS|seed=12|fraction=0.1|gamma=1|tau=0.2|lambda=0.6,learning_curve,CivilComments-WILDS,12,0.1,798,1.0,0.2,0.6,vera_balanced_iut,False,,,0.0,True,NA,False,False,False,True
learning_curve|CivilComments-WILDS|seed=12|fraction=0.1|gamma=1|tau=0.2|lambda=0.6,learning_curve,CivilComments-WILDS,12,0.1,798,1.0,0.2,0.6,vera_balanced_envelope,False,,,0.0,True,NA,False,False,False,True
learning_curve|CivilComments-WILDS|seed=12|fraction=0.1|gamma=1|tau=0.2|lambda=0.6,learning_curve,CivilComments-WILDS,12,0.1,798,1.0,0.2,0.6,external_balanced_oracle,False,,,0.0,True,NA,False,False,False,True
learning_curve|CivilComments-WILDS|seed=12|fraction=0.1|gamma=1|tau=0.2|lambda=0.7,learning_curve,CivilComments-WILDS,12,0.1,798,1.0,0.2,0.7,always_deploy_balanced,True,TaCo::components_removed=3,TaCo,0.0,True,True,False,False,False,True
learning_curve|CivilComments-WILDS|seed=12|fraction=0.1|gamma=1|tau=0.2|lambda=0.7,learning_curve,CivilComments-WILDS,12,0.1,798,1.0,0.2,0.7,point_selection_balanced,True,TaCo::components_removed=3,TaCo,0.0,True,True,False,False,False,True
learning_curve|CivilComments-WILDS|seed=12|fraction=0.1|gamma=1|tau=0.2|lambda=0.7,learning_curve,CivilComments-WILDS,12,0.1,798,1.0,0.2,0.7,vera_balanced_iut,True,TaCo::components_removed=3,TaCo,0.0,True,True,False,False,False,True
learning_curve|CivilComments-WILDS|seed=12|fraction=0.1|gamma=1|tau=0.2|lambda=0.7,learning_curve,CivilComments-WILDS,12,0.1,798,1.0,0.2,0.7,vera_balanced_envelope,False,,,0.0,True,NA,False,False,False,True
learning_curve|CivilComments-WILDS|seed=12|fraction=0.1|gamma=1|tau=0.2|lambda=0.7,learning_curve,CivilComments-WILDS,12,0.1,798,1.0,0.2,0.7,external_balanced_oracle,True,TaCo::components_removed=3,TaCo,0.0,True,True,False,False,False,True
learning_curve|CivilComments-WILDS|seed=12|fraction=0.1|gamma=1|tau=0.2|lambda=0.8,learning_curve,CivilComments-WILDS,12,0.1,798,1.0,0.2,0.8,always_deploy_balanced,True,TaCo::components_removed=3,TaCo,0.0,True,True,False,False,False,True
learning_curve|CivilComments-WILDS|seed=12|fraction=0.1|gamma=1|tau=0.2|lambda=0.8,learning_curve,CivilComments-WILDS,12,0.1,798,1.0,0.2,0.8,point_selection_balanced,True,TaCo::components_removed=3,TaCo,0.0,True,True,False,False,False,True
learning_curve|CivilComments-WILDS|seed=12|fraction=0.1|gamma=1|tau=0.2|lambda=0.8,learning_curve,CivilComments-WILDS,12,0.1,798,1.0,0.2,0.8,vera_balanced_iut,True,TaCo::components_removed=3,TaCo,0.0,True,True,False,False,False,True
learning_curve|CivilComments-WILDS|seed=12|fraction=0.1|gamma=1|tau=0.2|lambda=0.8,learning_curve,CivilComments-WILDS,12,0.1,798,1.0,0.2,0.8,vera_balanced_envelope,False,,,0.0,True,NA,False,False,False,True
learning_curve|CivilComments-WILDS|seed=12|fraction=0.1|gamma=1|tau=0.2|lambda=0.8,learning_curve,CivilComments-WILDS,12,0.1,798,1.0,0.2,0.8,external_balanced_oracle,True,TaCo::components_removed=3,TaCo,0.0,True,True,False,False,False,True
learning_curve|CivilComments-WILDS|seed=12|fraction=0.25|gamma=1|tau=0.05|lambda=0.6,learning_curve,CivilComments-WILDS,12,0.25,1998,1.0,0.05,0.6,always_deploy_balanced,True,TaCo::components_removed=5,TaCo,0.0,True,False,True,False,False,True
learning_curve|CivilComments-WILDS|seed=12|fraction=0.25|gamma=1|tau=0.05|lambda=0.6,learning_curve,CivilComments-WILDS,12,0.25,1998,1.0,0.05,0.6,point_selection_balanced,False,,,0.0,True,NA,False,False,False,True
learning_curve|CivilComments-WILDS|seed=12|fraction=0.25|gamma=1|tau=0.05|lambda=0.6,learning_curve,CivilComments-WILDS,12,0.25,1998,1.0,0.05,0.6,vera_balanced_iut,False,,,0.0,True,NA,False,False,False,True
learning_curve|CivilComments-WILDS|seed=12|fraction=0.25|gamma=1|tau=0.05|lambda=0.6,learning_curve,CivilComments-WILDS,12,0.25,1998,1.0,0.05,0.6,vera_balanced_envelope,False,,,0.0,True,NA,False,False,False,True
learning_curve|CivilComments-WILDS|seed=12|fraction=0.25|gamma=1|tau=0.05|lambda=0.6,learning_curve,CivilComments-WILDS,12,0.25,1998,1.0,0.05,0.6,external_balanced_oracle,False,,,0.0,True,NA,False,False,False,True
learning_curve|CivilComments-WILDS|seed=12|fraction=0.25|gamma=1|tau=0.05|lambda=0.7,learning_curve,CivilComments-WILDS,12,0.25,1998,1.0,0.05,0.7,always_deploy_balanced,True,TaCo::components_removed=5,TaCo,0.0,True,False,True,False,False,True
learning_curve|CivilComments-WILDS|seed=12|fraction=0.25|gamma=1|tau=0.05|lambda=0.7,learning_curve,CivilComments-WILDS,12,0.25,1998,1.0,0.05,0.7,point_selection_balanced,False,,,0.0,True,NA,False,False,False,True
learning_curve|CivilComments-WILDS|seed=12|fraction=0.25|gamma=1|tau=0.05|lambda=0.7,learning_curve,CivilComments-WILDS,12,0.25,1998,1.0,0.05,0.7,vera_balanced_iut,False,,,0.0,True,NA,False,False,False,True
learning_curve|CivilComments-WILDS|seed=12|fraction=0.25|gamma=1|tau=0.05|lambda=0.7,learning_curve,CivilComments-WILDS,12,0.25,1998,1.0,0.05,0.7,vera_balanced_envelope,False,,,0.0,True,NA,False,False,False,True
learning_curve|CivilComments-WILDS|seed=12|fraction=0.25|gamma=1|tau=0.05|lambda=0.7,learning_curve,CivilComments-WILDS,12,0.25,1998,1.0,0.05,0.7,external_balanced_oracle,False,,,0.0,True,NA,False,False,False,True
learning_curve|CivilComments-WILDS|seed=12|fraction=0.25|gamma=1|tau=0.05|lambda=0.8,learning_curve,CivilComments-WILDS,12,0.25,1998,1.0,0.05,0.8,always_deploy_balanced,True,TaCo::components_removed=5,TaCo,0.0,True,False,True,False,False,True
learning_curve|CivilComments-WILDS|seed=12|fraction=0.25|gamma=1|tau=0.05|lambda=0.8,learning_curve,CivilComments-WILDS,12,0.25,1998,1.0,0.05,0.8,point_selection_balanced,True,RLACE::rank=1,RLACE,0.0,True,True,False,False,False,True
learning_curve|CivilComments-WILDS|seed=12|fraction=0.25|gamma=1|tau=0.05|lambda=0.8,learning_curve,CivilComments-WILDS,12,0.25,1998,1.0,0.05,0.8,vera_balanced_iut,False,,,0.0,True,NA,False,False,False,True
learning_curve|CivilComments-WILDS|seed=12|fraction=0.25|gamma=1|tau=0.05|lambda=0.8,learning_curve,CivilComments-WILDS,12,0.25,1998,1.0,0.05,0.8,vera_balanced_envelope,False,,,0.0,True,NA,False,False,False,True
learning_curve|CivilComments-WILDS|seed=12|fraction=0.25|gamma=1|tau=0.05|lambda=0.8,learning_curve,CivilComments-WILDS,12,0.25,1998,1.0,0.05,0.8,external_balanced_oracle,True,RLACE::rank=1,RLACE,0.0,True,True,False,False,False,True
learning_curve|CivilComments-WILDS|seed=12|fraction=0.25|gamma=1|tau=0.1|lambda=0.6,learning_curve,CivilComments-WILDS,12,0.25,1998,1.0,0.1,0.6,always_deploy_balanced,True,TaCo::components_removed=5,TaCo,0.0,True,False,True,False,False,True
learning_curve|CivilComments-WILDS|seed=12|fraction=0.25|gamma=1|tau=0.1|lambda=0.6,learning_curve,CivilComments-WILDS,12,0.25,1998,1.0,0.1,0.6,point_selection_balanced,False,,,0.0,True,NA,False,False,False,True
learning_curve|CivilComments-WILDS|seed=12|fraction=0.25|gamma=1|tau=0.1|lambda=0.6,learning_curve,CivilComments-WILDS,12,0.25,1998,1.0,0.1,0.6,vera_balanced_iut,False,,,0.0,True,NA,False,False,False,True
learning_curve|CivilComments-WILDS|seed=12|fraction=0.25|gamma=1|tau=0.1|lambda=0.6,learning_curve,CivilComments-WILDS,12,0.25,1998,1.0,0.1,0.6,vera_balanced_envelope,False,,,0.0,True,NA,False,False,False,True
learning_curve|CivilComments-WILDS|seed=12|fraction=0.25|gamma=1|tau=0.1|lambda=0.6,learning_curve,CivilComments-WILDS,12,0.25,1998,1.0,0.1,0.6,external_balanced_oracle,False,,,0.0,True,NA,False,False,False,True
learning_curve|CivilComments-WILDS|seed=12|fraction=0.25|gamma=1|tau=0.1|lambda=0.7,learning_curve,CivilComments-WILDS,12,0.25,1998,1.0,0.1,0.7,always_deploy_balanced,True,TaCo::components_removed=5,TaCo,0.0,True,False,True,False,False,True
learning_curve|CivilComments-WILDS|seed=12|fraction=0.25|gamma=1|tau=0.1|lambda=0.7,learning_curve,CivilComments-WILDS,12,0.25,1998,1.0,0.1,0.7,point_selection_balanced,True,TaCo::components_removed=5,TaCo,0.0,True,False,True,False,False,True
learning_curve|CivilComments-WILDS|seed=12|fraction=0.25|gamma=1|tau=0.1|lambda=0.7,learning_curve,CivilComments-WILDS,12,0.25,1998,1.0,0.1,0.7,vera_balanced_iut,False,,,0.0,True,NA,False,False,False,True
learning_curve|CivilComments-WILDS|seed=12|fraction=0.25|gamma=1|tau=0.1|lambda=0.7,learning_curve,CivilComments-WILDS,12,0.25,1998,1.0,0.1,0.7,vera_balanced_envelope,False,,,0.0,True,NA,False,False,False,True
learning_curve|CivilComments-WILDS|seed=12|fraction=0.25|gamma=1|tau=0.1|lambda=0.7,learning_curve,CivilComments-WILDS,12,0.25,1998,1.0,0.1,0.7,external_balanced_oracle,False,,,0.0,True,NA,False,False,False,True
learning_curve|CivilComments-WILDS|seed=12|fraction=0.25|gamma=1|tau=0.1|lambda=0.8,learning_curve,CivilComments-WILDS,12,0.25,1998,1.0,0.1,0.8,always_deploy_balanced,True,TaCo::components_removed=5,TaCo,0.0,True,False,True,False,False,True
learning_curve|CivilComments-WILDS|seed=12|fraction=0.25|gamma=1|tau=0.1|lambda=0.8,learning_curve,CivilComments-WILDS,12,0.25,1998,1.0,0.1,0.8,point_selection_balanced,True,TaCo::components_removed=5,TaCo,0.0,True,False,True,False,False,True
learning_curve|CivilComments-WILDS|seed=12|fraction=0.25|gamma=1|tau=0.1|lambda=0.8,learning_curve,CivilComments-WILDS,12,0.25,1998,1.0,0.1,0.8,vera_balanced_iut,False,,,0.0,True,NA,False,False,False,True
learning_curve|CivilComments-WILDS|seed=12|fraction=0.25|gamma=1|tau=0.1|lambda=0.8,learning_curve,CivilComments-WILDS,12,0.25,1998,1.0,0.1,0.8,vera_balanced_envelope,False,,,0.0,True,NA,False,False,False,True
learning_curve|CivilComments-WILDS|seed=12|fraction=0.25|gamma=1|tau=0.1|lambda=0.8,learning_curve,CivilComments-WILDS,12,0.25,1998,1.0,0.1,0.8,external_balanced_oracle,True,"MANCE++::epsilon=0.05,steps=3",MANCE++,0.0,True,True,False,False,False,True
learning_curve|CivilComments-WILDS|seed=12|fraction=0.25|gamma=1|tau=0.2|lambda=0.6,learning_curve,CivilComments-WILDS,12,0.25,1998,1.0,0.2,0.6,always_deploy_balanced,True,TaCo::components_removed=5,TaCo,0.0,True,False,True,False,False,True
learning_curve|CivilComments-WILDS|seed=12|fraction=0.25|gamma=1|tau=0.2|lambda=0.6,learning_curve,CivilComments-WILDS,12,0.25,1998,1.0,0.2,0.6,point_selection_balanced,False,,,0.0,True,NA,False,False,False,True
learning_curve|CivilComments-WILDS|seed=12|fraction=0.25|gamma=1|tau=0.2|lambda=0.6,learning_curve,CivilComments-WILDS,12,0.25,1998,1.0,0.2,0.6,vera_balanced_iut,False,,,0.0,True,NA,False,False,False,True
learning_curve|CivilComments-WILDS|seed=12|fraction=0.25|gamma=1|tau=0.2|lambda=0.6,learning_curve,CivilComments-WILDS,12,0.25,1998,1.0,0.2,0.6,vera_balanced_envelope,False,,,0.0,True,NA,False,False,False,True
learning_curve|CivilComments-WILDS|seed=12|fraction=0.25|gamma=1|tau=0.2|lambda=0.6,learning_curve,CivilComments-WILDS,12,0.25,1998,1.0,0.2,0.6,external_balanced_oracle,False,,,0.0,True,NA,False,False,False,True
learning_curve|CivilComments-WILDS|seed=12|fraction=0.25|gamma=1|tau=0.2|lambda=0.7,learning_curve,CivilComments-WILDS,12,0.25,1998,1.0,0.2,0.7,always_deploy_balanced,True,TaCo::components_removed=5,TaCo,1.0466766357421875,True,True,False,False,False,True
learning_curve|CivilComments-WILDS|seed=12|fraction=0.25|gamma=1|tau=0.2|lambda=0.7,learning_curve,CivilComments-WILDS,12,0.25,1998,1.0,0.2,0.7,point_selection_balanced,True,TaCo::components_removed=5,TaCo,1.0466766357421875,True,True,False,False,False,True
learning_curve|CivilComments-WILDS|seed=12|fraction=0.25|gamma=1|tau=0.2|lambda=0.7,learning_curve,CivilComments-WILDS,12,0.25,1998,1.0,0.2,0.7,vera_balanced_iut,True,TaCo::components_removed=5,TaCo,1.0466766357421875,True,True,False,False,False,True
learning_curve|CivilComments-WILDS|seed=12|fraction=0.25|gamma=1|tau=0.2|lambda=0.7,learning_curve,CivilComments-WILDS,12,0.25,1998,1.0,0.2,0.7,vera_balanced_envelope,True,TaCo::components_removed=5,TaCo,1.0466766357421875,True,True,False,False,False,True
learning_curve|CivilComments-WILDS|seed=12|fraction=0.25|gamma=1|tau=0.2|lambda=0.7,learning_curve,CivilComments-WILDS,12,0.25,1998,1.0,0.2,0.7,external_balanced_oracle,True,TaCo::components_removed=5,TaCo,1.0466766357421875,True,True,False,False,False,True
learning_curve|CivilComments-WILDS|seed=12|fraction=0.25|gamma=1|tau=0.2|lambda=0.8,learning_curve,CivilComments-WILDS,12,0.25,1998,1.0,0.2,0.8,always_deploy_balanced,True,TaCo::components_removed=5,TaCo,1.0466766357421875,True,True,False,False,False,True
learning_curve|CivilComments-WILDS|seed=12|fraction=0.25|gamma=1|tau=0.2|lambda=0.8,learning_curve,CivilComments-WILDS,12,0.25,1998,1.0,0.2,0.8,point_selection_balanced,True,TaCo::components_removed=5,TaCo,1.0466766357421875,True,True,False,False,False,True
learning_curve|CivilComments-WILDS|seed=12|fraction=0.25|gamma=1|tau=0.2|lambda=0.8,learning_curve,CivilComments-WILDS,12,0.25,1998,1.0,0.2,0.8,vera_balanced_iut,True,TaCo::components_removed=5,TaCo,1.0466766357421875,True,True,False,False,False,True
learning_curve|CivilComments-WILDS|seed=12|fraction=0.25|gamma=1|tau=0.2|lambda=0.8,learning_curve,CivilComments-WILDS,12,0.25,1998,1.0,0.2,0.8,vera_balanced_envelope,True,TaCo::components_removed=5,TaCo,1.0466766357421875,True,True,False,False,False,True
learning_curve|CivilComments-WILDS|seed=12|fraction=0.25|gamma=1|tau=0.2|lambda=0.8,learning_curve,CivilComments-WILDS,12,0.25,1998,1.0,0.2,0.8,external_balanced_oracle,True,TaCo::components_removed=5,TaCo,1.0466766357421875,True,True,False,False,False,True
learning_curve|CivilComments-WILDS|seed=12|fraction=0.5|gamma=1|tau=0.05|lambda=0.6,learning_curve,CivilComments-WILDS,12,0.5,3999,1.0,0.05,0.6,always_deploy_balanced,True,TaCo::components_removed=5,TaCo,0.0,True,False,True,False,False,True
learning_curve|CivilComments-WILDS|seed=12|fraction=0.5|gamma=1|tau=0.05|lambda=0.6,learning_curve,CivilComments-WILDS,12,0.5,3999,1.0,0.05,0.6,point_selection_balanced,False,,,0.0,True,NA,False,False,False,True
learning_curve|CivilComments-WILDS|seed=12|fraction=0.5|gamma=1|tau=0.05|lambda=0.6,learning_curve,CivilComments-WILDS,12,0.5,3999,1.0,0.05,0.6,vera_balanced_iut,False,,,0.0,True,NA,False,False,False,True
learning_curve|CivilComments-WILDS|seed=12|fraction=0.5|gamma=1|tau=0.05|lambda=0.6,learning_curve,CivilComments-WILDS,12,0.5,3999,1.0,0.05,0.6,vera_balanced_envelope,False,,,0.0,True,NA,False,False,False,True
learning_curve|CivilComments-WILDS|seed=12|fraction=0.5|gamma=1|tau=0.05|lambda=0.6,learning_curve,CivilComments-WILDS,12,0.5,3999,1.0,0.05,0.6,external_balanced_oracle,False,,,0.0,True,NA,False,False,False,True
learning_curve|CivilComments-WILDS|seed=12|fraction=0.5|gamma=1|tau=0.05|lambda=0.7,learning_curve,CivilComments-WILDS,12,0.5,3999,1.0,0.05,0.7,always_deploy_balanced,True,TaCo::components_removed=5,TaCo,0.0,True,False,True,False,False,True
learning_curve|CivilComments-WILDS|seed=12|fraction=0.5|gamma=1|tau=0.05|lambda=0.7,learning_curve,CivilComments-WILDS,12,0.5,3999,1.0,0.05,0.7,point_selection_balanced,False,,,0.0,True,NA,False,False,False,True
learning_curve|CivilComments-WILDS|seed=12|fraction=0.5|gamma=1|tau=0.05|lambda=0.7,learning_curve,CivilComments-WILDS,12,0.5,3999,1.0,0.05,0.7,vera_balanced_iut,False,,,0.0,True,NA,False,False,False,True
learning_curve|CivilComments-WILDS|seed=12|fraction=0.5|gamma=1|tau=0.05|lambda=0.7,learning_curve,CivilComments-WILDS,12,0.5,3999,1.0,0.05,0.7,vera_balanced_envelope,False,,,0.0,True,NA,False,False,False,True
learning_curve|CivilComments-WILDS|seed=12|fraction=0.5|gamma=1|tau=0.05|lambda=0.7,learning_curve,CivilComments-WILDS,12,0.5,3999,1.0,0.05,0.7,external_balanced_oracle,False,,,0.0,True,NA,False,False,False,True
learning_curve|CivilComments-WILDS|seed=12|fraction=0.5|gamma=1|tau=0.05|lambda=0.8,learning_curve,CivilComments-WILDS,12,0.5,3999,1.0,0.05,0.8,always_deploy_balanced,True,TaCo::components_removed=5,TaCo,0.0,True,False,True,False,False,True
learning_curve|CivilComments-WILDS|seed=12|fraction=0.5|gamma=1|tau=0.05|lambda=0.8,learning_curve,CivilComments-WILDS,12,0.5,3999,1.0,0.05,0.8,point_selection_balanced,True,RLACE::rank=1,RLACE,0.0,True,True,False,False,False,True
learning_curve|CivilComments-WILDS|seed=12|fraction=0.5|gamma=1|tau=0.05|lambda=0.8,learning_curve,CivilComments-WILDS,12,0.5,3999,1.0,0.05,0.8,vera_balanced_iut,False,,,0.0,True,NA,False,False,False,True
learning_curve|CivilComments-WILDS|seed=12|fraction=0.5|gamma=1|tau=0.05|lambda=0.8,learning_curve,CivilComments-WILDS,12,0.5,3999,1.0,0.05,0.8,vera_balanced_envelope,False,,,0.0,True,NA,False,False,False,True
learning_curve|CivilComments-WILDS|seed=12|fraction=0.5|gamma=1|tau=0.05|lambda=0.8,learning_curve,CivilComments-WILDS,12,0.5,3999,1.0,0.05,0.8,external_balanced_oracle,True,RLACE::rank=1,RLACE,0.0,True,True,False,False,False,True
learning_curve|CivilComments-WILDS|seed=12|fraction=0.5|gamma=1|tau=0.1|lambda=0.6,learning_curve,CivilComments-WILDS,12,0.5,3999,1.0,0.1,0.6,always_deploy_balanced,True,TaCo::components_removed=5,TaCo,0.0,True,False,True,False,False,True
learning_curve|CivilComments-WILDS|seed=12|fraction=0.5|gamma=1|tau=0.1|lambda=0.6,learning_curve,CivilComments-WILDS,12,0.5,3999,1.0,0.1,0.6,point_selection_balanced,False,,,0.0,True,NA,False,False,False,True
learning_curve|CivilComments-WILDS|seed=12|fraction=0.5|gamma=1|tau=0.1|lambda=0.6,learning_curve,CivilComments-WILDS,12,0.5,3999,1.0,0.1,0.6,vera_balanced_iut,False,,,0.0,True,NA,False,False,False,True
learning_curve|CivilComments-WILDS|seed=12|fraction=0.5|gamma=1|tau=0.1|lambda=0.6,learning_curve,CivilComments-WILDS,12,0.5,3999,1.0,0.1,0.6,vera_balanced_envelope,False,,,0.0,True,NA,False,False,False,True
learning_curve|CivilComments-WILDS|seed=12|fraction=0.5|gamma=1|tau=0.1|lambda=0.6,learning_curve,CivilComments-WILDS,12,0.5,3999,1.0,0.1,0.6,external_balanced_oracle,False,,,0.0,True,NA,False,False,False,True
learning_curve|CivilComments-WILDS|seed=12|fraction=0.5|gamma=1|tau=0.1|lambda=0.7,learning_curve,CivilComments-WILDS,12,0.5,3999,1.0,0.1,0.7,always_deploy_balanced,True,TaCo::components_removed=5,TaCo,0.0,True,False,True,False,False,True
learning_curve|CivilComments-WILDS|seed=12|fraction=0.5|gamma=1|tau=0.1|lambda=0.7,learning_curve,CivilComments-WILDS,12,0.5,3999,1.0,0.1,0.7,point_selection_balanced,True,TaCo::components_removed=5,TaCo,0.0,True,False,True,False,False,True
learning_curve|CivilComments-WILDS|seed=12|fraction=0.5|gamma=1|tau=0.1|lambda=0.7,learning_curve,CivilComments-WILDS,12,0.5,3999,1.0,0.1,0.7,vera_balanced_iut,False,,,0.0,True,NA,False,False,False,True
learning_curve|CivilComments-WILDS|seed=12|fraction=0.5|gamma=1|tau=0.1|lambda=0.7,learning_curve,CivilComments-WILDS,12,0.5,3999,1.0,0.1,0.7,vera_balanced_envelope,False,,,0.0,True,NA,False,False,False,True
learning_curve|CivilComments-WILDS|seed=12|fraction=0.5|gamma=1|tau=0.1|lambda=0.7,learning_curve,CivilComments-WILDS,12,0.5,3999,1.0,0.1,0.7,external_balanced_oracle,False,,,0.0,True,NA,False,False,False,True
learning_curve|CivilComments-WILDS|seed=12|fraction=0.5|gamma=1|tau=0.1|lambda=0.8,learning_curve,CivilComments-WILDS,12,0.5,3999,1.0,0.1,0.8,always_deploy_balanced,True,TaCo::components_removed=5,TaCo,0.0,True,False,True,False,False,True
learning_curve|CivilComments-WILDS|seed=12|fraction=0.5|gamma=1|tau=0.1|lambda=0.8,learning_curve,CivilComments-WILDS,12,0.5,3999,1.0,0.1,0.8,point_selection_balanced,True,TaCo::components_removed=5,TaCo,0.0,True,False,True,False,False,True
learning_curve|CivilComments-WILDS|seed=12|fraction=0.5|gamma=1|tau=0.1|lambda=0.8,learning_curve,CivilComments-WILDS,12,0.5,3999,1.0,0.1,0.8,vera_balanced_iut,True,INLP::rank=8,INLP,1.0002670288085938,True,True,False,False,False,True
learning_curve|CivilComments-WILDS|seed=12|fraction=0.5|gamma=1|tau=0.1|lambda=0.8,learning_curve,CivilComments-WILDS,12,0.5,3999,1.0,0.1,0.8,vera_balanced_envelope,True,INLP::rank=8,INLP,1.0002670288085938,True,True,False,False,False,True
learning_curve|CivilComments-WILDS|seed=12|fraction=0.5|gamma=1|tau=0.1|lambda=0.8,learning_curve,CivilComments-WILDS,12,0.5,3999,1.0,0.1,0.8,external_balanced_oracle,True,"MANCE++::epsilon=0.05,steps=3",MANCE++,0.0,True,True,False,False,False,True
learning_curve|CivilComments-WILDS|seed=12|fraction=0.5|gamma=1|tau=0.2|lambda=0.6,learning_curve,CivilComments-WILDS,12,0.5,3999,1.0,0.2,0.6,always_deploy_balanced,True,TaCo::components_removed=5,TaCo,0.0,True,False,True,False,False,True
learning_curve|CivilComments-WILDS|seed=12|fraction=0.5|gamma=1|tau=0.2|lambda=0.6,learning_curve,CivilComments-WILDS,12,0.5,3999,1.0,0.2,0.6,point_selection_balanced,False,,,0.0,True,NA,False,False,False,True
learning_curve|CivilComments-WILDS|seed=12|fraction=0.5|gamma=1|tau=0.2|lambda=0.6,learning_curve,CivilComments-WILDS,12,0.5,3999,1.0,0.2,0.6,vera_balanced_iut,False,,,0.0,True,NA,False,False,False,True
learning_curve|CivilComments-WILDS|seed=12|fraction=0.5|gamma=1|tau=0.2|lambda=0.6,learning_curve,CivilComments-WILDS,12,0.5,3999,1.0,0.2,0.6,vera_balanced_envelope,False,,,0.0,True,NA,False,False,False,True
learning_curve|CivilComments-WILDS|seed=12|fraction=0.5|gamma=1|tau=0.2|lambda=0.6,learning_curve,CivilComments-WILDS,12,0.5,3999,1.0,0.2,0.6,external_balanced_oracle,False,,,0.0,True,NA,False,False,False,True
learning_curve|CivilComments-WILDS|seed=12|fraction=0.5|gamma=1|tau=0.2|lambda=0.7,learning_curve,CivilComments-WILDS,12,0.5,3999,1.0,0.2,0.7,always_deploy_balanced,True,TaCo::components_removed=5,TaCo,1.0617904663085938,True,True,False,False,False,True
learning_curve|CivilComments-WILDS|seed=12|fraction=0.5|gamma=1|tau=0.2|lambda=0.7,learning_curve,CivilComments-WILDS,12,0.5,3999,1.0,0.2,0.7,point_selection_balanced,True,TaCo::components_removed=5,TaCo,1.0617904663085938,True,True,False,False,False,True
learning_curve|CivilComments-WILDS|seed=12|fraction=0.5|gamma=1|tau=0.2|lambda=0.7,learning_curve,CivilComments-WILDS,12,0.5,3999,1.0,0.2,0.7,vera_balanced_iut,True,TaCo::components_removed=5,TaCo,1.0617904663085938,True,True,False,False,False,True
learning_curve|CivilComments-WILDS|seed=12|fraction=0.5|gamma=1|tau=0.2|lambda=0.7,learning_curve,CivilComments-WILDS,12,0.5,3999,1.0,0.2,0.7,vera_balanced_envelope,True,TaCo::components_removed=5,TaCo,1.0617904663085938,True,True,False,False,False,True
learning_curve|CivilComments-WILDS|seed=12|fraction=0.5|gamma=1|tau=0.2|lambda=0.7,learning_curve,CivilComments-WILDS,12,0.5,3999,1.0,0.2,0.7,external_balanced_oracle,True,TaCo::components_removed=5,TaCo,1.0617904663085938,True,True,False,False,False,True
learning_curve|CivilComments-WILDS|seed=12|fraction=0.5|gamma=1|tau=0.2|lambda=0.8,learning_curve,CivilComments-WILDS,12,0.5,3999,1.0,0.2,0.8,always_deploy_balanced,True,TaCo::components_removed=5,TaCo,1.0617904663085938,True,True,False,False,False,True
learning_curve|CivilComments-WILDS|seed=12|fraction=0.5|gamma=1|tau=0.2|lambda=0.8,learning_curve,CivilComments-WILDS,12,0.5,3999,1.0,0.2,0.8,point_selection_balanced,True,TaCo::components_removed=5,TaCo,1.0617904663085938,True,True,False,False,False,True
learning_curve|CivilComments-WILDS|seed=12|fraction=0.5|gamma=1|tau=0.2|lambda=0.8,learning_curve,CivilComments-WILDS,12,0.5,3999,1.0,0.2,0.8,vera_balanced_iut,True,TaCo::components_removed=5,TaCo,1.0617904663085938,True,True,False,False,False,True
learning_curve|CivilComments-WILDS|seed=12|fraction=0.5|gamma=1|tau=0.2|lambda=0.8,learning_curve,CivilComments-WILDS,12,0.5,3999,1.0,0.2,0.8,vera_balanced_envelope,True,TaCo::components_removed=5,TaCo,1.0617904663085938,True,True,False,False,False,True
learning_curve|CivilComments-WILDS|seed=12|fraction=0.5|gamma=1|tau=0.2|lambda=0.8,learning_curve,CivilComments-WILDS,12,0.5,3999,1.0,0.2,0.8,external_balanced_oracle,True,TaCo::components_removed=5,TaCo,1.0617904663085938,True,True,False,False,False,True
primary|CivilComments-WILDS|seed=12|fraction=1|gamma=1|tau=0.05|lambda=0.6,primary,CivilComments-WILDS,12,1.0,8000,1.0,0.05,0.6,always_deploy_balanced,True,TaCo::components_removed=5,TaCo,0.0,True,False,True,False,False,True
primary|CivilComments-WILDS|seed=12|fraction=1|gamma=1|tau=0.05|lambda=0.6,primary,CivilComments-WILDS,12,1.0,8000,1.0,0.05,0.6,point_selection_balanced,False,,,0.0,True,NA,False,False,False,True
primary|CivilComments-WILDS|seed=12|fraction=1|gamma=1|tau=0.05|lambda=0.6,primary,CivilComments-WILDS,12,1.0,8000,1.0,0.05,0.6,vera_balanced_iut,False,,,0.0,True,NA,False,False,False,True
primary|CivilComments-WILDS|seed=12|fraction=1|gamma=1|tau=0.05|lambda=0.6,primary,CivilComments-WILDS,12,1.0,8000,1.0,0.05,0.6,vera_balanced_envelope,False,,,0.0,True,NA,False,False,False,True
primary|CivilComments-WILDS|seed=12|fraction=1|gamma=1|tau=0.05|lambda=0.6,primary,CivilComments-WILDS,12,1.0,8000,1.0,0.05,0.6,external_balanced_oracle,False,,,0.0,True,NA,False,False,False,True
primary|CivilComments-WILDS|seed=12|fraction=1|gamma=1|tau=0.05|lambda=0.7,primary,CivilComments-WILDS,12,1.0,8000,1.0,0.05,0.7,always_deploy_balanced,True,TaCo::components_removed=5,TaCo,0.0,True,False,True,False,False,True
primary|CivilComments-WILDS|seed=12|fraction=1|gamma=1|tau=0.05|lambda=0.7,primary,CivilComments-WILDS,12,1.0,8000,1.0,0.05,0.7,point_selection_balanced,False,,,0.0,True,NA,False,False,False,True
primary|CivilComments-WILDS|seed=12|fraction=1|gamma=1|tau=0.05|lambda=0.7,primary,CivilComments-WILDS,12,1.0,8000,1.0,0.05,0.7,vera_balanced_iut,False,,,0.0,True,NA,False,False,False,True
primary|CivilComments-WILDS|seed=12|fraction=1|gamma=1|tau=0.05|lambda=0.7,primary,CivilComments-WILDS,12,1.0,8000,1.0,0.05,0.7,vera_balanced_envelope,False,,,0.0,True,NA,False,False,False,True
primary|CivilComments-WILDS|seed=12|fraction=1|gamma=1|tau=0.05|lambda=0.7,primary,CivilComments-WILDS,12,1.0,8000,1.0,0.05,0.7,external_balanced_oracle,False,,,0.0,True,NA,False,False,False,True
primary|CivilComments-WILDS|seed=12|fraction=1|gamma=1|tau=0.05|lambda=0.8,primary,CivilComments-WILDS,12,1.0,8000,1.0,0.05,0.8,always_deploy_balanced,True,TaCo::components_removed=5,TaCo,0.0,True,False,True,False,False,True
primary|CivilComments-WILDS|seed=12|fraction=1|gamma=1|tau=0.05|lambda=0.8,primary,CivilComments-WILDS,12,1.0,8000,1.0,0.05,0.8,point_selection_balanced,True,RLACE::rank=1,RLACE,0.0,True,True,False,False,False,True
primary|CivilComments-WILDS|seed=12|fraction=1|gamma=1|tau=0.05|lambda=0.8,primary,CivilComments-WILDS,12,1.0,8000,1.0,0.05,0.8,vera_balanced_iut,False,,,0.0,True,NA,False,False,False,True
primary|CivilComments-WILDS|seed=12|fraction=1|gamma=1|tau=0.05|lambda=0.8,primary,CivilComments-WILDS,12,1.0,8000,1.0,0.05,0.8,vera_balanced_envelope,False,,,0.0,True,NA,False,False,False,True
primary|CivilComments-WILDS|seed=12|fraction=1|gamma=1|tau=0.05|lambda=0.8,primary,CivilComments-WILDS,12,1.0,8000,1.0,0.05,0.8,external_balanced_oracle,True,RLACE::rank=1,RLACE,0.0,True,True,False,False,False,True
primary|CivilComments-WILDS|seed=12|fraction=1|gamma=1|tau=0.1|lambda=0.6,primary,CivilComments-WILDS,12,1.0,8000,1.0,0.1,0.6,always_deploy_balanced,True,TaCo::components_removed=5,TaCo,0.0,True,False,True,False,False,True
primary|CivilComments-WILDS|seed=12|fraction=1|gamma=1|tau=0.1|lambda=0.6,primary,CivilComments-WILDS,12,1.0,8000,1.0,0.1,0.6,point_selection_balanced,False,,,0.0,True,NA,False,False,False,True
primary|CivilComments-WILDS|seed=12|fraction=1|gamma=1|tau=0.1|lambda=0.6,primary,CivilComments-WILDS,12,1.0,8000,1.0,0.1,0.6,vera_balanced_iut,False,,,0.0,True,NA,False,False,False,True
primary|CivilComments-WILDS|seed=12|fraction=1|gamma=1|tau=0.1|lambda=0.6,primary,CivilComments-WILDS,12,1.0,8000,1.0,0.1,0.6,vera_balanced_envelope,False,,,0.0,True,NA,False,False,False,True
primary|CivilComments-WILDS|seed=12|fraction=1|gamma=1|tau=0.1|lambda=0.6,primary,CivilComments-WILDS,12,1.0,8000,1.0,0.1,0.6,external_balanced_oracle,False,,,0.0,True,NA,False,False,False,True
primary|CivilComments-WILDS|seed=12|fraction=1|gamma=1|tau=0.1|lambda=0.7,primary,CivilComments-WILDS,12,1.0,8000,1.0,0.1,0.7,always_deploy_balanced,True,TaCo::components_removed=5,TaCo,0.0,True,False,True,False,False,True
primary|CivilComments-WILDS|seed=12|fraction=1|gamma=1|tau=0.1|lambda=0.7,primary,CivilComments-WILDS,12,1.0,8000,1.0,0.1,0.7,point_selection_balanced,True,TaCo::components_removed=5,TaCo,0.0,True,False,True,False,False,True
primary|CivilComments-WILDS|seed=12|fraction=1|gamma=1|tau=0.1|lambda=0.7,primary,CivilComments-WILDS,12,1.0,8000,1.0,0.1,0.7,vera_balanced_iut,False,,,0.0,True,NA,False,False,False,True
primary|CivilComments-WILDS|seed=12|fraction=1|gamma=1|tau=0.1|lambda=0.7,primary,CivilComments-WILDS,12,1.0,8000,1.0,0.1,0.7,vera_balanced_envelope,False,,,0.0,True,NA,False,False,False,True
primary|CivilComments-WILDS|seed=12|fraction=1|gamma=1|tau=0.1|lambda=0.7,primary,CivilComments-WILDS,12,1.0,8000,1.0,0.1,0.7,external_balanced_oracle,False,,,0.0,True,NA,False,False,False,True
primary|CivilComments-WILDS|seed=12|fraction=1|gamma=1|tau=0.1|lambda=0.8,primary,CivilComments-WILDS,12,1.0,8000,1.0,0.1,0.8,always_deploy_balanced,True,TaCo::components_removed=5,TaCo,0.0,True,False,True,False,False,True
primary|CivilComments-WILDS|seed=12|fraction=1|gamma=1|tau=0.1|lambda=0.8,primary,CivilComments-WILDS,12,1.0,8000,1.0,0.1,0.8,point_selection_balanced,True,TaCo::components_removed=5,TaCo,0.0,True,False,True,False,False,True
primary|CivilComments-WILDS|seed=12|fraction=1|gamma=1|tau=0.1|lambda=0.8,primary,CivilComments-WILDS,12,1.0,8000,1.0,0.1,0.8,vera_balanced_iut,True,"MANCE++::epsilon=0.05,steps=3",MANCE++,0.0,True,True,False,False,False,True
primary|CivilComments-WILDS|seed=12|fraction=1|gamma=1|tau=0.1|lambda=0.8,primary,CivilComments-WILDS,12,1.0,8000,1.0,0.1,0.8,vera_balanced_envelope,True,INLP::rank=4,INLP,1.0113754272460938,True,True,False,False,False,True
primary|CivilComments-WILDS|seed=12|fraction=1|gamma=1|tau=0.1|lambda=0.8,primary,CivilComments-WILDS,12,1.0,8000,1.0,0.1,0.8,external_balanced_oracle,True,"MANCE++::epsilon=0.05,steps=3",MANCE++,0.0,True,True,False,False,False,True
primary|CivilComments-WILDS|seed=12|fraction=1|gamma=1|tau=0.2|lambda=0.6,primary,CivilComments-WILDS,12,1.0,8000,1.0,0.2,0.6,always_deploy_balanced,True,TaCo::components_removed=5,TaCo,0.0,True,False,True,False,False,True
primary|CivilComments-WILDS|seed=12|fraction=1|gamma=1|tau=0.2|lambda=0.6,primary,CivilComments-WILDS,12,1.0,8000,1.0,0.2,0.6,point_selection_balanced,False,,,0.0,True,NA,False,False,False,True
primary|CivilComments-WILDS|seed=12|fraction=1|gamma=1|tau=0.2|lambda=0.6,primary,CivilComments-WILDS,12,1.0,8000,1.0,0.2,0.6,vera_balanced_iut,False,,,0.0,True,NA,False,False,False,True
primary|CivilComments-WILDS|seed=12|fraction=1|gamma=1|tau=0.2|lambda=0.6,primary,CivilComments-WILDS,12,1.0,8000,1.0,0.2,0.6,vera_balanced_envelope,False,,,0.0,True,NA,False,False,False,True
primary|CivilComments-WILDS|seed=12|fraction=1|gamma=1|tau=0.2|lambda=0.6,primary,CivilComments-WILDS,12,1.0,8000,1.0,0.2,0.6,external_balanced_oracle,False,,,0.0,True,NA,False,False,False,True
primary|CivilComments-WILDS|seed=12|fraction=1|gamma=1|tau=0.2|lambda=0.7,primary,CivilComments-WILDS,12,1.0,8000,1.0,0.2,0.7,always_deploy_balanced,True,TaCo::components_removed=5,TaCo,1.0628585815429688,True,True,False,False,False,True
primary|CivilComments-WILDS|seed=12|fraction=1|gamma=1|tau=0.2|lambda=0.7,primary,CivilComments-WILDS,12,1.0,8000,1.0,0.2,0.7,point_selection_balanced,True,TaCo::components_removed=5,TaCo,1.0628585815429688,True,True,False,False,False,True
primary|CivilComments-WILDS|seed=12|fraction=1|gamma=1|tau=0.2|lambda=0.7,primary,CivilComments-WILDS,12,1.0,8000,1.0,0.2,0.7,vera_balanced_iut,True,TaCo::components_removed=5,TaCo,1.0628585815429688,True,True,False,False,False,True
primary|CivilComments-WILDS|seed=12|fraction=1|gamma=1|tau=0.2|lambda=0.7,primary,CivilComments-WILDS,12,1.0,8000,1.0,0.2,0.7,vera_balanced_envelope,True,TaCo::components_removed=5,TaCo,1.0628585815429688,True,True,False,False,False,True
primary|CivilComments-WILDS|seed=12|fraction=1|gamma=1|tau=0.2|lambda=0.7,primary,CivilComments-WILDS,12,1.0,8000,1.0,0.2,0.7,external_balanced_oracle,True,TaCo::components_removed=5,TaCo,1.0628585815429688,True,True,False,False,False,True
primary|CivilComments-WILDS|seed=12|fraction=1|gamma=1|tau=0.2|lambda=0.8,primary,CivilComments-WILDS,12,1.0,8000,1.0,0.2,0.8,always_deploy_balanced,True,TaCo::components_removed=5,TaCo,1.0628585815429688,True,True,False,False,False,True
primary|CivilComments-WILDS|seed=12|fraction=1|gamma=1|tau=0.2|lambda=0.8,primary,CivilComments-WILDS,12,1.0,8000,1.0,0.2,0.8,point_selection_balanced,True,TaCo::components_removed=5,TaCo,1.0628585815429688,True,True,False,False,False,True
primary|CivilComments-WILDS|seed=12|fraction=1|gamma=1|tau=0.2|lambda=0.8,primary,CivilComments-WILDS,12,1.0,8000,1.0,0.2,0.8,vera_balanced_iut,True,TaCo::components_removed=5,TaCo,1.0628585815429688,True,True,False,False,False,True
primary|CivilComments-WILDS|seed=12|fraction=1|gamma=1|tau=0.2|lambda=0.8,primary,CivilComments-WILDS,12,1.0,8000,1.0,0.2,0.8,vera_balanced_envelope,True,TaCo::components_removed=5,TaCo,1.0628585815429688,True,True,False,False,False,True
primary|CivilComments-WILDS|seed=12|fraction=1|gamma=1|tau=0.2|lambda=0.8,primary,CivilComments-WILDS,12,1.0,8000,1.0,0.2,0.8,external_balanced_oracle,True,TaCo::components_removed=5,TaCo,1.0628585815429688,True,True,False,False,False,True
shifted_sensitivity|CivilComments-WILDS|seed=12|fraction=1|gamma=1.01|tau=0.05|lambda=0.6,shifted_sensitivity,CivilComments-WILDS,12,1.0,8000,1.01,0.05,0.6,always_deploy_balanced,True,TaCo::components_removed=5,TaCo,0.0,True,False,True,False,False,True
shifted_sensitivity|CivilComments-WILDS|seed=12|fraction=1|gamma=1.01|tau=0.05|lambda=0.6,shifted_sensitivity,CivilComments-WILDS,12,1.0,8000,1.01,0.05,0.6,point_selection_balanced,False,,,0.0,True,NA,False,False,False,True
shifted_sensitivity|CivilComments-WILDS|seed=12|fraction=1|gamma=1.01|tau=0.05|lambda=0.6,shifted_sensitivity,CivilComments-WILDS,12,1.0,8000,1.01,0.05,0.6,vera_balanced_iut,False,,,0.0,True,NA,False,False,False,True
shifted_sensitivity|CivilComments-WILDS|seed=12|fraction=1|gamma=1.01|tau=0.05|lambda=0.6,shifted_sensitivity,CivilComments-WILDS,12,1.0,8000,1.01,0.05,0.6,vera_balanced_envelope,False,,,0.0,True,NA,False,False,False,True
shifted_sensitivity|CivilComments-WILDS|seed=12|fraction=1|gamma=1.01|tau=0.05|lambda=0.6,shifted_sensitivity,CivilComments-WILDS,12,1.0,8000,1.01,0.05,0.6,external_balanced_oracle,False,,,0.0,True,NA,False,False,False,True
shifted_sensitivity|CivilComments-WILDS|seed=12|fraction=1|gamma=1.01|tau=0.05|lambda=0.7,shifted_sensitivity,CivilComments-WILDS,12,1.0,8000,1.01,0.05,0.7,always_deploy_balanced,True,TaCo::components_removed=5,TaCo,0.0,True,False,True,False,False,True
shifted_sensitivity|CivilComments-WILDS|seed=12|fraction=1|gamma=1.01|tau=0.05|lambda=0.7,shifted_sensitivity,CivilComments-WILDS,12,1.0,8000,1.01,0.05,0.7,point_selection_balanced,False,,,0.0,True,NA,False,False,False,True
shifted_sensitivity|CivilComments-WILDS|seed=12|fraction=1|gamma=1.01|tau=0.05|lambda=0.7,shifted_sensitivity,CivilComments-WILDS,12,1.0,8000,1.01,0.05,0.7,vera_balanced_iut,False,,,0.0,True,NA,False,False,False,True
shifted_sensitivity|CivilComments-WILDS|seed=12|fraction=1|gamma=1.01|tau=0.05|lambda=0.7,shifted_sensitivity,CivilComments-WILDS,12,1.0,8000,1.01,0.05,0.7,vera_balanced_envelope,False,,,0.0,True,NA,False,False,False,True
shifted_sensitivity|CivilComments-WILDS|seed=12|fraction=1|gamma=1.01|tau=0.05|lambda=0.7,shifted_sensitivity,CivilComments-WILDS,12,1.0,8000,1.01,0.05,0.7,external_balanced_oracle,False,,,0.0,True,NA,False,False,False,True
shifted_sensitivity|CivilComments-WILDS|seed=12|fraction=1|gamma=1.01|tau=0.05|lambda=0.8,shifted_sensitivity,CivilComments-WILDS,12,1.0,8000,1.01,0.05,0.8,always_deploy_balanced,True,TaCo::components_removed=5,TaCo,0.0,True,False,True,False,False,True
shifted_sensitivity|CivilComments-WILDS|seed=12|fraction=1|gamma=1.01|tau=0.05|lambda=0.8,shifted_sensitivity,CivilComments-WILDS,12,1.0,8000,1.01,0.05,0.8,point_selection_balanced,True,RLACE::rank=1,RLACE,0.0,True,True,False,False,False,True
shifted_sensitivity|CivilComments-WILDS|seed=12|fraction=1|gamma=1.01|tau=0.05|lambda=0.8,shifted_sensitivity,CivilComments-WILDS,12,1.0,8000,1.01,0.05,0.8,vera_balanced_iut,False,,,0.0,True,NA,False,False,False,True
shifted_sensitivity|CivilComments-WILDS|seed=12|fraction=1|gamma=1.01|tau=0.05|lambda=0.8,shifted_sensitivity,CivilComments-WILDS,12,1.0,8000,1.01,0.05,0.8,vera_balanced_envelope,False,,,0.0,True,NA,False,False,False,True
shifted_sensitivity|CivilComments-WILDS|seed=12|fraction=1|gamma=1.01|tau=0.05|lambda=0.8,shifted_sensitivity,CivilComments-WILDS,12,1.0,8000,1.01,0.05,0.8,external_balanced_oracle,True,RLACE::rank=1,RLACE,0.0,True,True,False,False,False,True
shifted_sensitivity|CivilComments-WILDS|seed=12|fraction=1|gamma=1.01|tau=0.1|lambda=0.6,shifted_sensitivity,CivilComments-WILDS,12,1.0,8000,1.01,0.1,0.6,always_deploy_balanced,True,TaCo::components_removed=5,TaCo,0.0,True,False,True,False,False,True
shifted_sensitivity|CivilComments-WILDS|seed=12|fraction=1|gamma=1.01|tau=0.1|lambda=0.6,shifted_sensitivity,CivilComments-WILDS,12,1.0,8000,1.01,0.1,0.6,point_selection_balanced,False,,,0.0,True,NA,False,False,False,True
shifted_sensitivity|CivilComments-WILDS|seed=12|fraction=1|gamma=1.01|tau=0.1|lambda=0.6,shifted_sensitivity,CivilComments-WILDS,12,1.0,8000,1.01,0.1,0.6,vera_balanced_iut,False,,,0.0,True,NA,False,False,False,True
shifted_sensitivity|CivilComments-WILDS|seed=12|fraction=1|gamma=1.01|tau=0.1|lambda=0.6,shifted_sensitivity,CivilComments-WILDS,12,1.0,8000,1.01,0.1,0.6,vera_balanced_envelope,False,,,0.0,True,NA,False,False,False,True
shifted_sensitivity|CivilComments-WILDS|seed=12|fraction=1|gamma=1.01|tau=0.1|lambda=0.6,shifted_sensitivity,CivilComments-WILDS,12,1.0,8000,1.01,0.1,0.6,external_balanced_oracle,False,,,0.0,True,NA,False,False,False,True
shifted_sensitivity|CivilComments-WILDS|seed=12|fraction=1|gamma=1.01|tau=0.1|lambda=0.7,shifted_sensitivity,CivilComments-WILDS,12,1.0,8000,1.01,0.1,0.7,always_deploy_balanced,True,TaCo::components_removed=5,TaCo,0.0,True,False,True,False,False,True
shifted_sensitivity|CivilComments-WILDS|seed=12|fraction=1|gamma=1.01|tau=0.1|lambda=0.7,shifted_sensitivity,CivilComments-WILDS,12,1.0,8000,1.01,0.1,0.7,point_selection_balanced,True,TaCo::components_removed=5,TaCo,0.0,True,False,True,False,False,True
shifted_sensitivity|CivilComments-WILDS|seed=12|fraction=1|gamma=1.01|tau=0.1|lambda=0.7,shifted_sensitivity,CivilComments-WILDS,12,1.0,8000,1.01,0.1,0.7,vera_balanced_iut,False,,,0.0,True,NA,False,False,False,True
shifted_sensitivity|CivilComments-WILDS|seed=12|fraction=1|gamma=1.01|tau=0.1|lambda=0.7,shifted_sensitivity,CivilComments-WILDS,12,1.0,8000,1.01,0.1,0.7,vera_balanced_envelope,False,,,0.0,True,NA,False,False,False,True
shifted_sensitivity|CivilComments-WILDS|seed=12|fraction=1|gamma=1.01|tau=0.1|lambda=0.7,shifted_sensitivity,CivilComments-WILDS,12,1.0,8000,1.01,0.1,0.7,external_balanced_oracle,False,,,0.0,True,NA,False,False,False,True
shifted_sensitivity|CivilComments-WILDS|seed=12|fraction=1|gamma=1.01|tau=0.1|lambda=0.8,shifted_sensitivity,CivilComments-WILDS,12,1.0,8000,1.01,0.1,0.8,always_deploy_balanced,True,TaCo::components_removed=5,TaCo,0.0,True,False,True,False,False,True
shifted_sensitivity|CivilComments-WILDS|seed=12|fraction=1|gamma=1.01|tau=0.1|lambda=0.8,shifted_sensitivity,CivilComments-WILDS,12,1.0,8000,1.01,0.1,0.8,point_selection_balanced,True,TaCo::components_removed=5,TaCo,0.0,True,False,True,False,False,True
shifted_sensitivity|CivilComments-WILDS|seed=12|fraction=1|gamma=1.01|tau=0.1|lambda=0.8,shifted_sensitivity,CivilComments-WILDS,12,1.0,8000,1.01,0.1,0.8,vera_balanced_iut,True,INLP::rank=4,INLP,1.0113754272460938,True,True,False,False,False,True
shifted_sensitivity|CivilComments-WILDS|seed=12|fraction=1|gamma=1.01|tau=0.1|lambda=0.8,shifted_sensitivity,CivilComments-WILDS,12,1.0,8000,1.01,0.1,0.8,vera_balanced_envelope,True,INLP::rank=4,INLP,1.0113754272460938,True,True,False,False,False,True
shifted_sensitivity|CivilComments-WILDS|seed=12|fraction=1|gamma=1.01|tau=0.1|lambda=0.8,shifted_sensitivity,CivilComments-WILDS,12,1.0,8000,1.01,0.1,0.8,external_balanced_oracle,True,"MANCE++::epsilon=0.05,steps=3",MANCE++,0.0,True,True,False,False,False,True
shifted_sensitivity|CivilComments-WILDS|seed=12|fraction=1|gamma=1.01|tau=0.2|lambda=0.6,shifted_sensitivity,CivilComments-WILDS,12,1.0,8000,1.01,0.2,0.6,always_deploy_balanced,True,TaCo::components_removed=5,TaCo,0.0,True,False,True,False,False,True
shifted_sensitivity|CivilComments-WILDS|seed=12|fraction=1|gamma=1.01|tau=0.2|lambda=0.6,shifted_sensitivity,CivilComments-WILDS,12,1.0,8000,1.01,0.2,0.6,point_selection_balanced,False,,,0.0,True,NA,False,False,False,True
shifted_sensitivity|CivilComments-WILDS|seed=12|fraction=1|gamma=1.01|tau=0.2|lambda=0.6,shifted_sensitivity,CivilComments-WILDS,12,1.0,8000,1.01,0.2,0.6,vera_balanced_iut,False,,,0.0,True,NA,False,False,False,True
shifted_sensitivity|CivilComments-WILDS|seed=12|fraction=1|gamma=1.01|tau=0.2|lambda=0.6,shifted_sensitivity,CivilComments-WILDS,12,1.0,8000,1.01,0.2,0.6,vera_balanced_envelope,False,,,0.0,True,NA,False,False,False,True
shifted_sensitivity|CivilComments-WILDS|seed=12|fraction=1|gamma=1.01|tau=0.2|lambda=0.6,shifted_sensitivity,CivilComments-WILDS,12,1.0,8000,1.01,0.2,0.6,external_balanced_oracle,False,,,0.0,True,NA,False,False,False,True
shifted_sensitivity|CivilComments-WILDS|seed=12|fraction=1|gamma=1.01|tau=0.2|lambda=0.7,shifted_sensitivity,CivilComments-WILDS,12,1.0,8000,1.01,0.2,0.7,always_deploy_balanced,True,TaCo::components_removed=5,TaCo,1.0628585815429688,True,True,False,False,False,True
shifted_sensitivity|CivilComments-WILDS|seed=12|fraction=1|gamma=1.01|tau=0.2|lambda=0.7,shifted_sensitivity,CivilComments-WILDS,12,1.0,8000,1.01,0.2,0.7,point_selection_balanced,True,TaCo::components_removed=5,TaCo,1.0628585815429688,True,True,False,False,False,True
shifted_sensitivity|CivilComments-WILDS|seed=12|fraction=1|gamma=1.01|tau=0.2|lambda=0.7,shifted_sensitivity,CivilComments-WILDS,12,1.0,8000,1.01,0.2,0.7,vera_balanced_iut,True,TaCo::components_removed=5,TaCo,1.0628585815429688,True,True,False,False,False,True
shifted_sensitivity|CivilComments-WILDS|seed=12|fraction=1|gamma=1.01|tau=0.2|lambda=0.7,shifted_sensitivity,CivilComments-WILDS,12,1.0,8000,1.01,0.2,0.7,vera_balanced_envelope,True,TaCo::components_removed=5,TaCo,1.0628585815429688,True,True,False,False,False,True
shifted_sensitivity|CivilComments-WILDS|seed=12|fraction=1|gamma=1.01|tau=0.2|lambda=0.7,shifted_sensitivity,CivilComments-WILDS,12,1.0,8000,1.01,0.2,0.7,external_balanced_oracle,True,TaCo::components_removed=5,TaCo,1.0628585815429688,True,True,False,False,False,True
shifted_sensitivity|CivilComments-WILDS|seed=12|fraction=1|gamma=1.01|tau=0.2|lambda=0.8,shifted_sensitivity,CivilComments-WILDS,12,1.0,8000,1.01,0.2,0.8,always_deploy_balanced,True,TaCo::components_removed=5,TaCo,1.0628585815429688,True,True,False,False,False,True
shifted_sensitivity|CivilComments-WILDS|seed=12|fraction=1|gamma=1.01|tau=0.2|lambda=0.8,shifted_sensitivity,CivilComments-WILDS,12,1.0,8000,1.01,0.2,0.8,point_selection_balanced,True,TaCo::components_removed=5,TaCo,1.0628585815429688,True,True,False,False,False,True
shifted_sensitivity|CivilComments-WILDS|seed=12|fraction=1|gamma=1.01|tau=0.2|lambda=0.8,shifted_sensitivity,CivilComments-WILDS,12,1.0,8000,1.01,0.2,0.8,vera_balanced_iut,True,TaCo::components_removed=5,TaCo,1.0628585815429688,True,True,False,False,False,True
shifted_sensitivity|CivilComments-WILDS|seed=12|fraction=1|gamma=1.01|tau=0.2|lambda=0.8,shifted_sensitivity,CivilComments-WILDS,12,1.0,8000,1.01,0.2,0.8,vera_balanced_envelope,True,TaCo::components_removed=5,TaCo,1.0628585815429688,True,True,False,False,False,True
shifted_sensitivity|CivilComments-WILDS|seed=12|fraction=1|gamma=1.01|tau=0.2|lambda=0.8,shifted_sensitivity,CivilComments-WILDS,12,1.0,8000,1.01,0.2,0.8,external_balanced_oracle,True,TaCo::components_removed=5,TaCo,1.0628585815429688,True,True,False,False,False,True
learning_curve|Bios|seed=5|fraction=0.05|gamma=1|tau=0.05|lambda=0.6,learning_curve,Bios,5,0.05,383,1.0,0.05,0.6,always_deploy_balanced,True,TaCo::components_removed=5,TaCo,0.0,True,False,True,False,False,True
learning_curve|Bios|seed=5|fraction=0.05|gamma=1|tau=0.05|lambda=0.6,learning_curve,Bios,5,0.05,383,1.0,0.05,0.6,point_selection_balanced,False,,,0.0,True,NA,False,False,False,True
learning_curve|Bios|seed=5|fraction=0.05|gamma=1|tau=0.05|lambda=0.6,learning_curve,Bios,5,0.05,383,1.0,0.05,0.6,vera_balanced_iut,False,,,0.0,True,NA,False,False,False,True
learning_curve|Bios|seed=5|fraction=0.05|gamma=1|tau=0.05|lambda=0.6,learning_curve,Bios,5,0.05,383,1.0,0.05,0.6,vera_balanced_envelope,False,,,0.0,True,NA,False,False,False,True
learning_curve|Bios|seed=5|fraction=0.05|gamma=1|tau=0.05|lambda=0.6,learning_curve,Bios,5,0.05,383,1.0,0.05,0.6,external_balanced_oracle,False,,,0.0,True,NA,False,False,False,True
learning_curve|Bios|seed=5|fraction=0.05|gamma=1|tau=0.05|lambda=0.7,learning_curve,Bios,5,0.05,383,1.0,0.05,0.7,always_deploy_balanced,True,TaCo::components_removed=5,TaCo,0.0,True,False,True,False,False,True
learning_curve|Bios|seed=5|fraction=0.05|gamma=1|tau=0.05|lambda=0.7,learning_curve,Bios,5,0.05,383,1.0,0.05,0.7,point_selection_balanced,False,,,0.0,True,NA,False,False,False,True
learning_curve|Bios|seed=5|fraction=0.05|gamma=1|tau=0.05|lambda=0.7,learning_curve,Bios,5,0.05,383,1.0,0.05,0.7,vera_balanced_iut,False,,,0.0,True,NA,False,False,False,True
learning_curve|Bios|seed=5|fraction=0.05|gamma=1|tau=0.05|lambda=0.7,learning_curve,Bios,5,0.05,383,1.0,0.05,0.7,vera_balanced_envelope,False,,,0.0,True,NA,False,False,False,True
learning_curve|Bios|seed=5|fraction=0.05|gamma=1|tau=0.05|lambda=0.7,learning_curve,Bios,5,0.05,383,1.0,0.05,0.7,external_balanced_oracle,False,,,0.0,True,NA,False,False,False,True
learning_curve|Bios|seed=5|fraction=0.05|gamma=1|tau=0.05|lambda=0.8,learning_curve,Bios,5,0.05,383,1.0,0.05,0.8,always_deploy_balanced,True,TaCo::components_removed=5,TaCo,0.0,True,False,True,False,False,True
learning_curve|Bios|seed=5|fraction=0.05|gamma=1|tau=0.05|lambda=0.8,learning_curve,Bios,5,0.05,383,1.0,0.05,0.8,point_selection_balanced,False,,,0.0,True,NA,False,False,False,True
learning_curve|Bios|seed=5|fraction=0.05|gamma=1|tau=0.05|lambda=0.8,learning_curve,Bios,5,0.05,383,1.0,0.05,0.8,vera_balanced_iut,False,,,0.0,True,NA,False,False,False,True
learning_curve|Bios|seed=5|fraction=0.05|gamma=1|tau=0.05|lambda=0.8,learning_curve,Bios,5,0.05,383,1.0,0.05,0.8,vera_balanced_envelope,False,,,0.0,True,NA,False,False,False,True
learning_curve|Bios|seed=5|fraction=0.05|gamma=1|tau=0.05|lambda=0.8,learning_curve,Bios,5,0.05,383,1.0,0.05,0.8,external_balanced_oracle,False,,,0.0,True,NA,False,False,False,True
learning_curve|Bios|seed=5|fraction=0.05|gamma=1|tau=0.1|lambda=0.6,learning_curve,Bios,5,0.05,383,1.0,0.1,0.6,always_deploy_balanced,True,TaCo::components_removed=5,TaCo,0.0,True,False,True,False,False,True
learning_curve|Bios|seed=5|fraction=0.05|gamma=1|tau=0.1|lambda=0.6,learning_curve,Bios,5,0.05,383,1.0,0.1,0.6,point_selection_balanced,False,,,0.0,True,NA,False,False,False,True
learning_curve|Bios|seed=5|fraction=0.05|gamma=1|tau=0.1|lambda=0.6,learning_curve,Bios,5,0.05,383,1.0,0.1,0.6,vera_balanced_iut,False,,,0.0,True,NA,False,False,False,True
learning_curve|Bios|seed=5|fraction=0.05|gamma=1|tau=0.1|lambda=0.6,learning_curve,Bios,5,0.05,383,1.0,0.1,0.6,vera_balanced_envelope,False,,,0.0,True,NA,False,False,False,True
learning_curve|Bios|seed=5|fraction=0.05|gamma=1|tau=0.1|lambda=0.6,learning_curve,Bios,5,0.05,383,1.0,0.1,0.6,external_balanced_oracle,False,,,0.0,True,NA,False,False,False,True
learning_curve|Bios|seed=5|fraction=0.05|gamma=1|tau=0.1|lambda=0.7,learning_curve,Bios,5,0.05,383,1.0,0.1,0.7,always_deploy_balanced,True,TaCo::components_removed=5,TaCo,0.0,True,False,True,False,False,True
learning_curve|Bios|seed=5|fraction=0.05|gamma=1|tau=0.1|lambda=0.7,learning_curve,Bios,5,0.05,383,1.0,0.1,0.7,point_selection_balanced,False,,,0.0,True,NA,False,False,False,True
learning_curve|Bios|seed=5|fraction=0.05|gamma=1|tau=0.1|lambda=0.7,learning_curve,Bios,5,0.05,383,1.0,0.1,0.7,vera_balanced_iut,False,,,0.0,True,NA,False,False,False,True
learning_curve|Bios|seed=5|fraction=0.05|gamma=1|tau=0.1|lambda=0.7,learning_curve,Bios,5,0.05,383,1.0,0.1,0.7,vera_balanced_envelope,False,,,0.0,True,NA,False,False,False,True
learning_curve|Bios|seed=5|fraction=0.05|gamma=1|tau=0.1|lambda=0.7,learning_curve,Bios,5,0.05,383,1.0,0.1,0.7,external_balanced_oracle,False,,,0.0,True,NA,False,False,False,True
learning_curve|Bios|seed=5|fraction=0.05|gamma=1|tau=0.1|lambda=0.8,learning_curve,Bios,5,0.05,383,1.0,0.1,0.8,always_deploy_balanced,True,TaCo::components_removed=5,TaCo,0.0,True,False,True,False,False,True
learning_curve|Bios|seed=5|fraction=0.05|gamma=1|tau=0.1|lambda=0.8,learning_curve,Bios,5,0.05,383,1.0,0.1,0.8,point_selection_balanced,False,,,0.0,True,NA,False,False,False,True
learning_curve|Bios|seed=5|fraction=0.05|gamma=1|tau=0.1|lambda=0.8,learning_curve,Bios,5,0.05,383,1.0,0.1,0.8,vera_balanced_iut,False,,,0.0,True,NA,False,False,False,True
learning_curve|Bios|seed=5|fraction=0.05|gamma=1|tau=0.1|lambda=0.8,learning_curve,Bios,5,0.05,383,1.0,0.1,0.8,vera_balanced_envelope,False,,,0.0,True,NA,False,False,False,True
learning_curve|Bios|seed=5|fraction=0.05|gamma=1|tau=0.1|lambda=0.8,learning_curve,Bios,5,0.05,383,1.0,0.1,0.8,external_balanced_oracle,False,,,0.0,True,NA,False,False,False,True
learning_curve|Bios|seed=5|fraction=0.05|gamma=1|tau=0.2|lambda=0.6,learning_curve,Bios,5,0.05,383,1.0,0.2,0.6,always_deploy_balanced,True,TaCo::components_removed=5,TaCo,0.0,True,False,True,False,False,True
learning_curve|Bios|seed=5|fraction=0.05|gamma=1|tau=0.2|lambda=0.6,learning_curve,Bios,5,0.05,383,1.0,0.2,0.6,point_selection_balanced,False,,,0.0,True,NA,False,False,False,True
learning_curve|Bios|seed=5|fraction=0.05|gamma=1|tau=0.2|lambda=0.6,learning_curve,Bios,5,0.05,383,1.0,0.2,0.6,vera_balanced_iut,False,,,0.0,True,NA,False,False,False,True
learning_curve|Bios|seed=5|fraction=0.05|gamma=1|tau=0.2|lambda=0.6,learning_curve,Bios,5,0.05,383,1.0,0.2,0.6,vera_balanced_envelope,False,,,0.0,True,NA,False,False,False,True
learning_curve|Bios|seed=5|fraction=0.05|gamma=1|tau=0.2|lambda=0.6,learning_curve,Bios,5,0.05,383,1.0,0.2,0.6,external_balanced_oracle,False,,,0.0,True,NA,False,False,False,True
learning_curve|Bios|seed=5|fraction=0.05|gamma=1|tau=0.2|lambda=0.7,learning_curve,Bios,5,0.05,383,1.0,0.2,0.7,always_deploy_balanced,True,TaCo::components_removed=5,TaCo,0.0,True,False,True,False,False,True
learning_curve|Bios|seed=5|fraction=0.05|gamma=1|tau=0.2|lambda=0.7,learning_curve,Bios,5,0.05,383,1.0,0.2,0.7,point_selection_balanced,False,,,0.0,True,NA,False,False,False,True
learning_curve|Bios|seed=5|fraction=0.05|gamma=1|tau=0.2|lambda=0.7,learning_curve,Bios,5,0.05,383,1.0,0.2,0.7,vera_balanced_iut,False,,,0.0,True,NA,False,False,False,True
learning_curve|Bios|seed=5|fraction=0.05|gamma=1|tau=0.2|lambda=0.7,learning_curve,Bios,5,0.05,383,1.0,0.2,0.7,vera_balanced_envelope,False,,,0.0,True,NA,False,False,False,True
learning_curve|Bios|seed=5|fraction=0.05|gamma=1|tau=0.2|lambda=0.7,learning_curve,Bios,5,0.05,383,1.0,0.2,0.7,external_balanced_oracle,False,,,0.0,True,NA,False,False,False,True
learning_curve|Bios|seed=5|fraction=0.05|gamma=1|tau=0.2|lambda=0.8,learning_curve,Bios,5,0.05,383,1.0,0.2,0.8,always_deploy_balanced,True,TaCo::components_removed=5,TaCo,0.0,True,False,True,False,False,True
learning_curve|Bios|seed=5|fraction=0.05|gamma=1|tau=0.2|lambda=0.8,learning_curve,Bios,5,0.05,383,1.0,0.2,0.8,point_selection_balanced,False,,,0.0,True,NA,False,False,False,True
learning_curve|Bios|seed=5|fraction=0.05|gamma=1|tau=0.2|lambda=0.8,learning_curve,Bios,5,0.05,383,1.0,0.2,0.8,vera_balanced_iut,False,,,0.0,True,NA,False,False,False,True
learning_curve|Bios|seed=5|fraction=0.05|gamma=1|tau=0.2|lambda=0.8,learning_curve,Bios,5,0.05,383,1.0,0.2,0.8,vera_balanced_envelope,False,,,0.0,True,NA,False,False,False,True
learning_curve|Bios|seed=5|fraction=0.05|gamma=1|tau=0.2|lambda=0.8,learning_curve,Bios,5,0.05,383,1.0,0.2,0.8,external_balanced_oracle,False,,,0.0,True,NA,False,False,False,True
learning_curve|Bios|seed=5|fraction=0.1|gamma=1|tau=0.05|lambda=0.6,learning_curve,Bios,5,0.1,781,1.0,0.05,0.6,always_deploy_balanced,True,TaCo::components_removed=5,TaCo,0.0,True,False,True,False,False,True
learning_curve|Bios|seed=5|fraction=0.1|gamma=1|tau=0.05|lambda=0.6,learning_curve,Bios,5,0.1,781,1.0,0.05,0.6,point_selection_balanced,False,,,0.0,True,NA,False,False,False,True
learning_curve|Bios|seed=5|fraction=0.1|gamma=1|tau=0.05|lambda=0.6,learning_curve,Bios,5,0.1,781,1.0,0.05,0.6,vera_balanced_iut,False,,,0.0,True,NA,False,False,False,True
learning_curve|Bios|seed=5|fraction=0.1|gamma=1|tau=0.05|lambda=0.6,learning_curve,Bios,5,0.1,781,1.0,0.05,0.6,vera_balanced_envelope,False,,,0.0,True,NA,False,False,False,True
learning_curve|Bios|seed=5|fraction=0.1|gamma=1|tau=0.05|lambda=0.6,learning_curve,Bios,5,0.1,781,1.0,0.05,0.6,external_balanced_oracle,False,,,0.0,True,NA,False,False,False,True
learning_curve|Bios|seed=5|fraction=0.1|gamma=1|tau=0.05|lambda=0.7,learning_curve,Bios,5,0.1,781,1.0,0.05,0.7,always_deploy_balanced,True,TaCo::components_removed=5,TaCo,0.0,True,False,True,False,False,True
learning_curve|Bios|seed=5|fraction=0.1|gamma=1|tau=0.05|lambda=0.7,learning_curve,Bios,5,0.1,781,1.0,0.05,0.7,point_selection_balanced,False,,,0.0,True,NA,False,False,False,True
learning_curve|Bios|seed=5|fraction=0.1|gamma=1|tau=0.05|lambda=0.7,learning_curve,Bios,5,0.1,781,1.0,0.05,0.7,vera_balanced_iut,False,,,0.0,True,NA,False,False,False,True
learning_curve|Bios|seed=5|fraction=0.1|gamma=1|tau=0.05|lambda=0.7,learning_curve,Bios,5,0.1,781,1.0,0.05,0.7,vera_balanced_envelope,False,,,0.0,True,NA,False,False,False,True
learning_curve|Bios|seed=5|fraction=0.1|gamma=1|tau=0.05|lambda=0.7,learning_curve,Bios,5,0.1,781,1.0,0.05,0.7,external_balanced_oracle,False,,,0.0,True,NA,False,False,False,True
learning_curve|Bios|seed=5|fraction=0.1|gamma=1|tau=0.05|lambda=0.8,learning_curve,Bios,5,0.1,781,1.0,0.05,0.8,always_deploy_balanced,True,TaCo::components_removed=5,TaCo,0.0,True,False,True,False,False,True
learning_curve|Bios|seed=5|fraction=0.1|gamma=1|tau=0.05|lambda=0.8,learning_curve,Bios,5,0.1,781,1.0,0.05,0.8,point_selection_balanced,False,,,0.0,True,NA,False,False,False,True
learning_curve|Bios|seed=5|fraction=0.1|gamma=1|tau=0.05|lambda=0.8,learning_curve,Bios,5,0.1,781,1.0,0.05,0.8,vera_balanced_iut,False,,,0.0,True,NA,False,False,False,True
learning_curve|Bios|seed=5|fraction=0.1|gamma=1|tau=0.05|lambda=0.8,learning_curve,Bios,5,0.1,781,1.0,0.05,0.8,vera_balanced_envelope,False,,,0.0,True,NA,False,False,False,True
learning_curve|Bios|seed=5|fraction=0.1|gamma=1|tau=0.05|lambda=0.8,learning_curve,Bios,5,0.1,781,1.0,0.05,0.8,external_balanced_oracle,False,,,0.0,True,NA,False,False,False,True
learning_curve|Bios|seed=5|fraction=0.1|gamma=1|tau=0.1|lambda=0.6,learning_curve,Bios,5,0.1,781,1.0,0.1,0.6,always_deploy_balanced,True,TaCo::components_removed=5,TaCo,0.0,True,False,True,False,False,True
learning_curve|Bios|seed=5|fraction=0.1|gamma=1|tau=0.1|lambda=0.6,learning_curve,Bios,5,0.1,781,1.0,0.1,0.6,point_selection_balanced,False,,,0.0,True,NA,False,False,False,True
learning_curve|Bios|seed=5|fraction=0.1|gamma=1|tau=0.1|lambda=0.6,learning_curve,Bios,5,0.1,781,1.0,0.1,0.6,vera_balanced_iut,False,,,0.0,True,NA,False,False,False,True
learning_curve|Bios|seed=5|fraction=0.1|gamma=1|tau=0.1|lambda=0.6,learning_curve,Bios,5,0.1,781,1.0,0.1,0.6,vera_balanced_envelope,False,,,0.0,True,NA,False,False,False,True
learning_curve|Bios|seed=5|fraction=0.1|gamma=1|tau=0.1|lambda=0.6,learning_curve,Bios,5,0.1,781,1.0,0.1,0.6,external_balanced_oracle,False,,,0.0,True,NA,False,False,False,True
learning_curve|Bios|seed=5|fraction=0.1|gamma=1|tau=0.1|lambda=0.7,learning_curve,Bios,5,0.1,781,1.0,0.1,0.7,always_deploy_balanced,True,TaCo::components_removed=5,TaCo,0.0,True,False,True,False,False,True
learning_curve|Bios|seed=5|fraction=0.1|gamma=1|tau=0.1|lambda=0.7,learning_curve,Bios,5,0.1,781,1.0,0.1,0.7,point_selection_balanced,False,,,0.0,True,NA,False,False,False,True
learning_curve|Bios|seed=5|fraction=0.1|gamma=1|tau=0.1|lambda=0.7,learning_curve,Bios,5,0.1,781,1.0,0.1,0.7,vera_balanced_iut,False,,,0.0,True,NA,False,False,False,True
learning_curve|Bios|seed=5|fraction=0.1|gamma=1|tau=0.1|lambda=0.7,learning_curve,Bios,5,0.1,781,1.0,0.1,0.7,vera_balanced_envelope,False,,,0.0,True,NA,False,False,False,True
learning_curve|Bios|seed=5|fraction=0.1|gamma=1|tau=0.1|lambda=0.7,learning_curve,Bios,5,0.1,781,1.0,0.1,0.7,external_balanced_oracle,False,,,0.0,True,NA,False,False,False,True
learning_curve|Bios|seed=5|fraction=0.1|gamma=1|tau=0.1|lambda=0.8,learning_curve,Bios,5,0.1,781,1.0,0.1,0.8,always_deploy_balanced,True,TaCo::components_removed=5,TaCo,0.0,True,False,True,False,False,True
learning_curve|Bios|seed=5|fraction=0.1|gamma=1|tau=0.1|lambda=0.8,learning_curve,Bios,5,0.1,781,1.0,0.1,0.8,point_selection_balanced,False,,,0.0,True,NA,False,False,False,True
learning_curve|Bios|seed=5|fraction=0.1|gamma=1|tau=0.1|lambda=0.8,learning_curve,Bios,5,0.1,781,1.0,0.1,0.8,vera_balanced_iut,False,,,0.0,True,NA,False,False,False,True
learning_curve|Bios|seed=5|fraction=0.1|gamma=1|tau=0.1|lambda=0.8,learning_curve,Bios,5,0.1,781,1.0,0.1,0.8,vera_balanced_envelope,False,,,0.0,True,NA,False,False,False,True
learning_curve|Bios|seed=5|fraction=0.1|gamma=1|tau=0.1|lambda=0.8,learning_curve,Bios,5,0.1,781,1.0,0.1,0.8,external_balanced_oracle,False,,,0.0,True,NA,False,False,False,True
learning_curve|Bios|seed=5|fraction=0.1|gamma=1|tau=0.2|lambda=0.6,learning_curve,Bios,5,0.1,781,1.0,0.2,0.6,always_deploy_balanced,True,TaCo::components_removed=5,TaCo,0.0,True,False,True,False,False,True
learning_curve|Bios|seed=5|fraction=0.1|gamma=1|tau=0.2|lambda=0.6,learning_curve,Bios,5,0.1,781,1.0,0.2,0.6,point_selection_balanced,False,,,0.0,True,NA,False,False,False,True
learning_curve|Bios|seed=5|fraction=0.1|gamma=1|tau=0.2|lambda=0.6,learning_curve,Bios,5,0.1,781,1.0,0.2,0.6,vera_balanced_iut,False,,,0.0,True,NA,False,False,False,True
learning_curve|Bios|seed=5|fraction=0.1|gamma=1|tau=0.2|lambda=0.6,learning_curve,Bios,5,0.1,781,1.0,0.2,0.6,vera_balanced_envelope,False,,,0.0,True,NA,False,False,False,True
learning_curve|Bios|seed=5|fraction=0.1|gamma=1|tau=0.2|lambda=0.6,learning_curve,Bios,5,0.1,781,1.0,0.2,0.6,external_balanced_oracle,False,,,0.0,True,NA,False,False,False,True
learning_curve|Bios|seed=5|fraction=0.1|gamma=1|tau=0.2|lambda=0.7,learning_curve,Bios,5,0.1,781,1.0,0.2,0.7,always_deploy_balanced,True,TaCo::components_removed=5,TaCo,0.0,True,False,True,False,False,True
learning_curve|Bios|seed=5|fraction=0.1|gamma=1|tau=0.2|lambda=0.7,learning_curve,Bios,5,0.1,781,1.0,0.2,0.7,point_selection_balanced,False,,,0.0,True,NA,False,False,False,True
learning_curve|Bios|seed=5|fraction=0.1|gamma=1|tau=0.2|lambda=0.7,learning_curve,Bios,5,0.1,781,1.0,0.2,0.7,vera_balanced_iut,False,,,0.0,True,NA,False,False,False,True
learning_curve|Bios|seed=5|fraction=0.1|gamma=1|tau=0.2|lambda=0.7,learning_curve,Bios,5,0.1,781,1.0,0.2,0.7,vera_balanced_envelope,False,,,0.0,True,NA,False,False,False,True
learning_curve|Bios|seed=5|fraction=0.1|gamma=1|tau=0.2|lambda=0.7,learning_curve,Bios,5,0.1,781,1.0,0.2,0.7,external_balanced_oracle,False,,,0.0,True,NA,False,False,False,True
learning_curve|Bios|seed=5|fraction=0.1|gamma=1|tau=0.2|lambda=0.8,learning_curve,Bios,5,0.1,781,1.0,0.2,0.8,always_deploy_balanced,True,TaCo::components_removed=5,TaCo,0.0,True,False,True,False,False,True
learning_curve|Bios|seed=5|fraction=0.1|gamma=1|tau=0.2|lambda=0.8,learning_curve,Bios,5,0.1,781,1.0,0.2,0.8,point_selection_balanced,False,,,0.0,True,NA,False,False,False,True
learning_curve|Bios|seed=5|fraction=0.1|gamma=1|tau=0.2|lambda=0.8,learning_curve,Bios,5,0.1,781,1.0,0.2,0.8,vera_balanced_iut,False,,,0.0,True,NA,False,False,False,True
learning_curve|Bios|seed=5|fraction=0.1|gamma=1|tau=0.2|lambda=0.8,learning_curve,Bios,5,0.1,781,1.0,0.2,0.8,vera_balanced_envelope,False,,,0.0,True,NA,False,False,False,True
learning_curve|Bios|seed=5|fraction=0.1|gamma=1|tau=0.2|lambda=0.8,learning_curve,Bios,5,0.1,781,1.0,0.2,0.8,external_balanced_oracle,False,,,0.0,True,NA,False,False,False,True
learning_curve|Bios|seed=5|fraction=0.25|gamma=1|tau=0.05|lambda=0.6,learning_curve,Bios,5,0.25,1982,1.0,0.05,0.6,always_deploy_balanced,True,TaCo::components_removed=5,TaCo,0.0,True,False,True,False,False,True
learning_curve|Bios|seed=5|fraction=0.25|gamma=1|tau=0.05|lambda=0.6,learning_curve,Bios,5,0.25,1982,1.0,0.05,0.6,point_selection_balanced,False,,,0.0,True,NA,False,False,False,True
learning_curve|Bios|seed=5|fraction=0.25|gamma=1|tau=0.05|lambda=0.6,learning_curve,Bios,5,0.25,1982,1.0,0.05,0.6,vera_balanced_iut,False,,,0.0,True,NA,False,False,False,True
learning_curve|Bios|seed=5|fraction=0.25|gamma=1|tau=0.05|lambda=0.6,learning_curve,Bios,5,0.25,1982,1.0,0.05,0.6,vera_balanced_envelope,False,,,0.0,True,NA,False,False,False,True
learning_curve|Bios|seed=5|fraction=0.25|gamma=1|tau=0.05|lambda=0.6,learning_curve,Bios,5,0.25,1982,1.0,0.05,0.6,external_balanced_oracle,False,,,0.0,True,NA,False,False,False,True
learning_curve|Bios|seed=5|fraction=0.25|gamma=1|tau=0.05|lambda=0.7,learning_curve,Bios,5,0.25,1982,1.0,0.05,0.7,always_deploy_balanced,True,TaCo::components_removed=5,TaCo,0.0,True,False,True,False,False,True
learning_curve|Bios|seed=5|fraction=0.25|gamma=1|tau=0.05|lambda=0.7,learning_curve,Bios,5,0.25,1982,1.0,0.05,0.7,point_selection_balanced,False,,,0.0,True,NA,False,False,False,True
learning_curve|Bios|seed=5|fraction=0.25|gamma=1|tau=0.05|lambda=0.7,learning_curve,Bios,5,0.25,1982,1.0,0.05,0.7,vera_balanced_iut,False,,,0.0,True,NA,False,False,False,True
learning_curve|Bios|seed=5|fraction=0.25|gamma=1|tau=0.05|lambda=0.7,learning_curve,Bios,5,0.25,1982,1.0,0.05,0.7,vera_balanced_envelope,False,,,0.0,True,NA,False,False,False,True
learning_curve|Bios|seed=5|fraction=0.25|gamma=1|tau=0.05|lambda=0.7,learning_curve,Bios,5,0.25,1982,1.0,0.05,0.7,external_balanced_oracle,False,,,0.0,True,NA,False,False,False,True
learning_curve|Bios|seed=5|fraction=0.25|gamma=1|tau=0.05|lambda=0.8,learning_curve,Bios,5,0.25,1982,1.0,0.05,0.8,always_deploy_balanced,True,TaCo::components_removed=5,TaCo,0.0,True,False,True,False,False,True
learning_curve|Bios|seed=5|fraction=0.25|gamma=1|tau=0.05|lambda=0.8,learning_curve,Bios,5,0.25,1982,1.0,0.05,0.8,point_selection_balanced,False,,,0.0,True,NA,False,False,False,True
learning_curve|Bios|seed=5|fraction=0.25|gamma=1|tau=0.05|lambda=0.8,learning_curve,Bios,5,0.25,1982,1.0,0.05,0.8,vera_balanced_iut,False,,,0.0,True,NA,False,False,False,True
learning_curve|Bios|seed=5|fraction=0.25|gamma=1|tau=0.05|lambda=0.8,learning_curve,Bios,5,0.25,1982,1.0,0.05,0.8,vera_balanced_envelope,False,,,0.0,True,NA,False,False,False,True
learning_curve|Bios|seed=5|fraction=0.25|gamma=1|tau=0.05|lambda=0.8,learning_curve,Bios,5,0.25,1982,1.0,0.05,0.8,external_balanced_oracle,False,,,0.0,True,NA,False,False,False,True
learning_curve|Bios|seed=5|fraction=0.25|gamma=1|tau=0.1|lambda=0.6,learning_curve,Bios,5,0.25,1982,1.0,0.1,0.6,always_deploy_balanced,True,TaCo::components_removed=5,TaCo,0.0,True,False,True,False,False,True
learning_curve|Bios|seed=5|fraction=0.25|gamma=1|tau=0.1|lambda=0.6,learning_curve,Bios,5,0.25,1982,1.0,0.1,0.6,point_selection_balanced,False,,,0.0,True,NA,False,False,False,True
learning_curve|Bios|seed=5|fraction=0.25|gamma=1|tau=0.1|lambda=0.6,learning_curve,Bios,5,0.25,1982,1.0,0.1,0.6,vera_balanced_iut,False,,,0.0,True,NA,False,False,False,True
learning_curve|Bios|seed=5|fraction=0.25|gamma=1|tau=0.1|lambda=0.6,learning_curve,Bios,5,0.25,1982,1.0,0.1,0.6,vera_balanced_envelope,False,,,0.0,True,NA,False,False,False,True
learning_curve|Bios|seed=5|fraction=0.25|gamma=1|tau=0.1|lambda=0.6,learning_curve,Bios,5,0.25,1982,1.0,0.1,0.6,external_balanced_oracle,False,,,0.0,True,NA,False,False,False,True
learning_curve|Bios|seed=5|fraction=0.25|gamma=1|tau=0.1|lambda=0.7,learning_curve,Bios,5,0.25,1982,1.0,0.1,0.7,always_deploy_balanced,True,TaCo::components_removed=5,TaCo,0.0,True,False,True,False,False,True
learning_curve|Bios|seed=5|fraction=0.25|gamma=1|tau=0.1|lambda=0.7,learning_curve,Bios,5,0.25,1982,1.0,0.1,0.7,point_selection_balanced,False,,,0.0,True,NA,False,False,False,True
learning_curve|Bios|seed=5|fraction=0.25|gamma=1|tau=0.1|lambda=0.7,learning_curve,Bios,5,0.25,1982,1.0,0.1,0.7,vera_balanced_iut,False,,,0.0,True,NA,False,False,False,True
learning_curve|Bios|seed=5|fraction=0.25|gamma=1|tau=0.1|lambda=0.7,learning_curve,Bios,5,0.25,1982,1.0,0.1,0.7,vera_balanced_envelope,False,,,0.0,True,NA,False,False,False,True
learning_curve|Bios|seed=5|fraction=0.25|gamma=1|tau=0.1|lambda=0.7,learning_curve,Bios,5,0.25,1982,1.0,0.1,0.7,external_balanced_oracle,False,,,0.0,True,NA,False,False,False,True
learning_curve|Bios|seed=5|fraction=0.25|gamma=1|tau=0.1|lambda=0.8,learning_curve,Bios,5,0.25,1982,1.0,0.1,0.8,always_deploy_balanced,True,TaCo::components_removed=5,TaCo,0.0,True,False,True,False,False,True
learning_curve|Bios|seed=5|fraction=0.25|gamma=1|tau=0.1|lambda=0.8,learning_curve,Bios,5,0.25,1982,1.0,0.1,0.8,point_selection_balanced,False,,,0.0,True,NA,False,False,False,True
learning_curve|Bios|seed=5|fraction=0.25|gamma=1|tau=0.1|lambda=0.8,learning_curve,Bios,5,0.25,1982,1.0,0.1,0.8,vera_balanced_iut,False,,,0.0,True,NA,False,False,False,True
learning_curve|Bios|seed=5|fraction=0.25|gamma=1|tau=0.1|lambda=0.8,learning_curve,Bios,5,0.25,1982,1.0,0.1,0.8,vera_balanced_envelope,False,,,0.0,True,NA,False,False,False,True
learning_curve|Bios|seed=5|fraction=0.25|gamma=1|tau=0.1|lambda=0.8,learning_curve,Bios,5,0.25,1982,1.0,0.1,0.8,external_balanced_oracle,False,,,0.0,True,NA,False,False,False,True
learning_curve|Bios|seed=5|fraction=0.25|gamma=1|tau=0.2|lambda=0.6,learning_curve,Bios,5,0.25,1982,1.0,0.2,0.6,always_deploy_balanced,True,TaCo::components_removed=5,TaCo,0.0,True,False,True,False,False,True
learning_curve|Bios|seed=5|fraction=0.25|gamma=1|tau=0.2|lambda=0.6,learning_curve,Bios,5,0.25,1982,1.0,0.2,0.6,point_selection_balanced,False,,,0.0,True,NA,False,False,False,True
learning_curve|Bios|seed=5|fraction=0.25|gamma=1|tau=0.2|lambda=0.6,learning_curve,Bios,5,0.25,1982,1.0,0.2,0.6,vera_balanced_iut,False,,,0.0,True,NA,False,False,False,True
learning_curve|Bios|seed=5|fraction=0.25|gamma=1|tau=0.2|lambda=0.6,learning_curve,Bios,5,0.25,1982,1.0,0.2,0.6,vera_balanced_envelope,False,,,0.0,True,NA,False,False,False,True
learning_curve|Bios|seed=5|fraction=0.25|gamma=1|tau=0.2|lambda=0.6,learning_curve,Bios,5,0.25,1982,1.0,0.2,0.6,external_balanced_oracle,False,,,0.0,True,NA,False,False,False,True
learning_curve|Bios|seed=5|fraction=0.25|gamma=1|tau=0.2|lambda=0.7,learning_curve,Bios,5,0.25,1982,1.0,0.2,0.7,always_deploy_balanced,True,TaCo::components_removed=5,TaCo,0.0,True,False,True,False,False,True
learning_curve|Bios|seed=5|fraction=0.25|gamma=1|tau=0.2|lambda=0.7,learning_curve,Bios,5,0.25,1982,1.0,0.2,0.7,point_selection_balanced,False,,,0.0,True,NA,False,False,False,True
learning_curve|Bios|seed=5|fraction=0.25|gamma=1|tau=0.2|lambda=0.7,learning_curve,Bios,5,0.25,1982,1.0,0.2,0.7,vera_balanced_iut,False,,,0.0,True,NA,False,False,False,True
learning_curve|Bios|seed=5|fraction=0.25|gamma=1|tau=0.2|lambda=0.7,learning_curve,Bios,5,0.25,1982,1.0,0.2,0.7,vera_balanced_envelope,False,,,0.0,True,NA,False,False,False,True
learning_curve|Bios|seed=5|fraction=0.25|gamma=1|tau=0.2|lambda=0.7,learning_curve,Bios,5,0.25,1982,1.0,0.2,0.7,external_balanced_oracle,False,,,0.0,True,NA,False,False,False,True
learning_curve|Bios|seed=5|fraction=0.25|gamma=1|tau=0.2|lambda=0.8,learning_curve,Bios,5,0.25,1982,1.0,0.2,0.8,always_deploy_balanced,True,TaCo::components_removed=5,TaCo,0.0,True,False,True,False,False,True
learning_curve|Bios|seed=5|fraction=0.25|gamma=1|tau=0.2|lambda=0.8,learning_curve,Bios,5,0.25,1982,1.0,0.2,0.8,point_selection_balanced,False,,,0.0,True,NA,False,False,False,True
learning_curve|Bios|seed=5|fraction=0.25|gamma=1|tau=0.2|lambda=0.8,learning_curve,Bios,5,0.25,1982,1.0,0.2,0.8,vera_balanced_iut,False,,,0.0,True,NA,False,False,False,True
learning_curve|Bios|seed=5|fraction=0.25|gamma=1|tau=0.2|lambda=0.8,learning_curve,Bios,5,0.25,1982,1.0,0.2,0.8,vera_balanced_envelope,False,,,0.0,True,NA,False,False,False,True
learning_curve|Bios|seed=5|fraction=0.25|gamma=1|tau=0.2|lambda=0.8,learning_curve,Bios,5,0.25,1982,1.0,0.2,0.8,external_balanced_oracle,False,,,0.0,True,NA,False,False,False,True
learning_curve|Bios|seed=5|fraction=0.5|gamma=1|tau=0.05|lambda=0.6,learning_curve,Bios,5,0.5,3989,1.0,0.05,0.6,always_deploy_balanced,True,TaCo::components_removed=5,TaCo,0.0,True,False,True,False,False,True
learning_curve|Bios|seed=5|fraction=0.5|gamma=1|tau=0.05|lambda=0.6,learning_curve,Bios,5,0.5,3989,1.0,0.05,0.6,point_selection_balanced,False,,,0.0,True,NA,False,False,False,True
learning_curve|Bios|seed=5|fraction=0.5|gamma=1|tau=0.05|lambda=0.6,learning_curve,Bios,5,0.5,3989,1.0,0.05,0.6,vera_balanced_iut,False,,,0.0,True,NA,False,False,False,True
learning_curve|Bios|seed=5|fraction=0.5|gamma=1|tau=0.05|lambda=0.6,learning_curve,Bios,5,0.5,3989,1.0,0.05,0.6,vera_balanced_envelope,False,,,0.0,True,NA,False,False,False,True
learning_curve|Bios|seed=5|fraction=0.5|gamma=1|tau=0.05|lambda=0.6,learning_curve,Bios,5,0.5,3989,1.0,0.05,0.6,external_balanced_oracle,False,,,0.0,True,NA,False,False,False,True
learning_curve|Bios|seed=5|fraction=0.5|gamma=1|tau=0.05|lambda=0.7,learning_curve,Bios,5,0.5,3989,1.0,0.05,0.7,always_deploy_balanced,True,TaCo::components_removed=5,TaCo,0.0,True,False,True,False,False,True
learning_curve|Bios|seed=5|fraction=0.5|gamma=1|tau=0.05|lambda=0.7,learning_curve,Bios,5,0.5,3989,1.0,0.05,0.7,point_selection_balanced,False,,,0.0,True,NA,False,False,False,True
learning_curve|Bios|seed=5|fraction=0.5|gamma=1|tau=0.05|lambda=0.7,learning_curve,Bios,5,0.5,3989,1.0,0.05,0.7,vera_balanced_iut,False,,,0.0,True,NA,False,False,False,True
learning_curve|Bios|seed=5|fraction=0.5|gamma=1|tau=0.05|lambda=0.7,learning_curve,Bios,5,0.5,3989,1.0,0.05,0.7,vera_balanced_envelope,False,,,0.0,True,NA,False,False,False,True
learning_curve|Bios|seed=5|fraction=0.5|gamma=1|tau=0.05|lambda=0.7,learning_curve,Bios,5,0.5,3989,1.0,0.05,0.7,external_balanced_oracle,False,,,0.0,True,NA,False,False,False,True
learning_curve|Bios|seed=5|fraction=0.5|gamma=1|tau=0.05|lambda=0.8,learning_curve,Bios,5,0.5,3989,1.0,0.05,0.8,always_deploy_balanced,True,TaCo::components_removed=5,TaCo,0.0,True,False,True,False,False,True
learning_curve|Bios|seed=5|fraction=0.5|gamma=1|tau=0.05|lambda=0.8,learning_curve,Bios,5,0.5,3989,1.0,0.05,0.8,point_selection_balanced,False,,,0.0,True,NA,False,False,False,True
learning_curve|Bios|seed=5|fraction=0.5|gamma=1|tau=0.05|lambda=0.8,learning_curve,Bios,5,0.5,3989,1.0,0.05,0.8,vera_balanced_iut,False,,,0.0,True,NA,False,False,False,True
learning_curve|Bios|seed=5|fraction=0.5|gamma=1|tau=0.05|lambda=0.8,learning_curve,Bios,5,0.5,3989,1.0,0.05,0.8,vera_balanced_envelope,False,,,0.0,True,NA,False,False,False,True
learning_curve|Bios|seed=5|fraction=0.5|gamma=1|tau=0.05|lambda=0.8,learning_curve,Bios,5,0.5,3989,1.0,0.05,0.8,external_balanced_oracle,False,,,0.0,True,NA,False,False,False,True
learning_curve|Bios|seed=5|fraction=0.5|gamma=1|tau=0.1|lambda=0.6,learning_curve,Bios,5,0.5,3989,1.0,0.1,0.6,always_deploy_balanced,True,TaCo::components_removed=5,TaCo,0.0,True,False,True,False,False,True
learning_curve|Bios|seed=5|fraction=0.5|gamma=1|tau=0.1|lambda=0.6,learning_curve,Bios,5,0.5,3989,1.0,0.1,0.6,point_selection_balanced,False,,,0.0,True,NA,False,False,False,True
learning_curve|Bios|seed=5|fraction=0.5|gamma=1|tau=0.1|lambda=0.6,learning_curve,Bios,5,0.5,3989,1.0,0.1,0.6,vera_balanced_iut,False,,,0.0,True,NA,False,False,False,True
learning_curve|Bios|seed=5|fraction=0.5|gamma=1|tau=0.1|lambda=0.6,learning_curve,Bios,5,0.5,3989,1.0,0.1,0.6,vera_balanced_envelope,False,,,0.0,True,NA,False,False,False,True
learning_curve|Bios|seed=5|fraction=0.5|gamma=1|tau=0.1|lambda=0.6,learning_curve,Bios,5,0.5,3989,1.0,0.1,0.6,external_balanced_oracle,False,,,0.0,True,NA,False,False,False,True
learning_curve|Bios|seed=5|fraction=0.5|gamma=1|tau=0.1|lambda=0.7,learning_curve,Bios,5,0.5,3989,1.0,0.1,0.7,always_deploy_balanced,True,TaCo::components_removed=5,TaCo,0.0,True,False,True,False,False,True
learning_curve|Bios|seed=5|fraction=0.5|gamma=1|tau=0.1|lambda=0.7,learning_curve,Bios,5,0.5,3989,1.0,0.1,0.7,point_selection_balanced,False,,,0.0,True,NA,False,False,False,True
learning_curve|Bios|seed=5|fraction=0.5|gamma=1|tau=0.1|lambda=0.7,learning_curve,Bios,5,0.5,3989,1.0,0.1,0.7,vera_balanced_iut,False,,,0.0,True,NA,False,False,False,True
learning_curve|Bios|seed=5|fraction=0.5|gamma=1|tau=0.1|lambda=0.7,learning_curve,Bios,5,0.5,3989,1.0,0.1,0.7,vera_balanced_envelope,False,,,0.0,True,NA,False,False,False,True
learning_curve|Bios|seed=5|fraction=0.5|gamma=1|tau=0.1|lambda=0.7,learning_curve,Bios,5,0.5,3989,1.0,0.1,0.7,external_balanced_oracle,False,,,0.0,True,NA,False,False,False,True
learning_curve|Bios|seed=5|fraction=0.5|gamma=1|tau=0.1|lambda=0.8,learning_curve,Bios,5,0.5,3989,1.0,0.1,0.8,always_deploy_balanced,True,TaCo::components_removed=5,TaCo,0.0,True,False,True,False,False,True
learning_curve|Bios|seed=5|fraction=0.5|gamma=1|tau=0.1|lambda=0.8,learning_curve,Bios,5,0.5,3989,1.0,0.1,0.8,point_selection_balanced,False,,,0.0,True,NA,False,False,False,True
learning_curve|Bios|seed=5|fraction=0.5|gamma=1|tau=0.1|lambda=0.8,learning_curve,Bios,5,0.5,3989,1.0,0.1,0.8,vera_balanced_iut,False,,,0.0,True,NA,False,False,False,True
learning_curve|Bios|seed=5|fraction=0.5|gamma=1|tau=0.1|lambda=0.8,learning_curve,Bios,5,0.5,3989,1.0,0.1,0.8,vera_balanced_envelope,False,,,0.0,True,NA,False,False,False,True
learning_curve|Bios|seed=5|fraction=0.5|gamma=1|tau=0.1|lambda=0.8,learning_curve,Bios,5,0.5,3989,1.0,0.1,0.8,external_balanced_oracle,False,,,0.0,True,NA,False,False,False,True
learning_curve|Bios|seed=5|fraction=0.5|gamma=1|tau=0.2|lambda=0.6,learning_curve,Bios,5,0.5,3989,1.0,0.2,0.6,always_deploy_balanced,True,TaCo::components_removed=5,TaCo,0.0,True,False,True,False,False,True
learning_curve|Bios|seed=5|fraction=0.5|gamma=1|tau=0.2|lambda=0.6,learning_curve,Bios,5,0.5,3989,1.0,0.2,0.6,point_selection_balanced,False,,,0.0,True,NA,False,False,False,True
learning_curve|Bios|seed=5|fraction=0.5|gamma=1|tau=0.2|lambda=0.6,learning_curve,Bios,5,0.5,3989,1.0,0.2,0.6,vera_balanced_iut,False,,,0.0,True,NA,False,False,False,True
learning_curve|Bios|seed=5|fraction=0.5|gamma=1|tau=0.2|lambda=0.6,learning_curve,Bios,5,0.5,3989,1.0,0.2,0.6,vera_balanced_envelope,False,,,0.0,True,NA,False,False,False,True
learning_curve|Bios|seed=5|fraction=0.5|gamma=1|tau=0.2|lambda=0.6,learning_curve,Bios,5,0.5,3989,1.0,0.2,0.6,external_balanced_oracle,False,,,0.0,True,NA,False,False,False,True
learning_curve|Bios|seed=5|fraction=0.5|gamma=1|tau=0.2|lambda=0.7,learning_curve,Bios,5,0.5,3989,1.0,0.2,0.7,always_deploy_balanced,True,TaCo::components_removed=5,TaCo,0.0,True,False,True,False,False,True
learning_curve|Bios|seed=5|fraction=0.5|gamma=1|tau=0.2|lambda=0.7,learning_curve,Bios,5,0.5,3989,1.0,0.2,0.7,point_selection_balanced,False,,,0.0,True,NA,False,False,False,True
learning_curve|Bios|seed=5|fraction=0.5|gamma=1|tau=0.2|lambda=0.7,learning_curve,Bios,5,0.5,3989,1.0,0.2,0.7,vera_balanced_iut,False,,,0.0,True,NA,False,False,False,True
learning_curve|Bios|seed=5|fraction=0.5|gamma=1|tau=0.2|lambda=0.7,learning_curve,Bios,5,0.5,3989,1.0,0.2,0.7,vera_balanced_envelope,False,,,0.0,True,NA,False,False,False,True
learning_curve|Bios|seed=5|fraction=0.5|gamma=1|tau=0.2|lambda=0.7,learning_curve,Bios,5,0.5,3989,1.0,0.2,0.7,external_balanced_oracle,False,,,0.0,True,NA,False,False,False,True
learning_curve|Bios|seed=5|fraction=0.5|gamma=1|tau=0.2|lambda=0.8,learning_curve,Bios,5,0.5,3989,1.0,0.2,0.8,always_deploy_balanced,True,TaCo::components_removed=5,TaCo,0.0,True,False,True,False,False,True
learning_curve|Bios|seed=5|fraction=0.5|gamma=1|tau=0.2|lambda=0.8,learning_curve,Bios,5,0.5,3989,1.0,0.2,0.8,point_selection_balanced,False,,,0.0,True,NA,False,False,False,True
learning_curve|Bios|seed=5|fraction=0.5|gamma=1|tau=0.2|lambda=0.8,learning_curve,Bios,5,0.5,3989,1.0,0.2,0.8,vera_balanced_iut,False,,,0.0,True,NA,False,False,False,True
learning_curve|Bios|seed=5|fraction=0.5|gamma=1|tau=0.2|lambda=0.8,learning_curve,Bios,5,0.5,3989,1.0,0.2,0.8,vera_balanced_envelope,False,,,0.0,True,NA,False,False,False,True
learning_curve|Bios|seed=5|fraction=0.5|gamma=1|tau=0.2|lambda=0.8,learning_curve,Bios,5,0.5,3989,1.0,0.2,0.8,external_balanced_oracle,False,,,0.0,True,NA,False,False,False,True
primary|Bios|seed=5|fraction=1|gamma=1|tau=0.05|lambda=0.6,primary,Bios,5,1.0,8000,1.0,0.05,0.6,always_deploy_balanced,True,TaCo::components_removed=5,TaCo,0.0,True,False,True,False,False,True
primary|Bios|seed=5|fraction=1|gamma=1|tau=0.05|lambda=0.6,primary,Bios,5,1.0,8000,1.0,0.05,0.6,point_selection_balanced,False,,,0.0,True,NA,False,False,False,True
primary|Bios|seed=5|fraction=1|gamma=1|tau=0.05|lambda=0.6,primary,Bios,5,1.0,8000,1.0,0.05,0.6,vera_balanced_iut,False,,,0.0,True,NA,False,False,False,True
primary|Bios|seed=5|fraction=1|gamma=1|tau=0.05|lambda=0.6,primary,Bios,5,1.0,8000,1.0,0.05,0.6,vera_balanced_envelope,False,,,0.0,True,NA,False,False,False,True
primary|Bios|seed=5|fraction=1|gamma=1|tau=0.05|lambda=0.6,primary,Bios,5,1.0,8000,1.0,0.05,0.6,external_balanced_oracle,False,,,0.0,True,NA,False,False,False,True
primary|Bios|seed=5|fraction=1|gamma=1|tau=0.05|lambda=0.7,primary,Bios,5,1.0,8000,1.0,0.05,0.7,always_deploy_balanced,True,TaCo::components_removed=5,TaCo,0.0,True,False,True,False,False,True
primary|Bios|seed=5|fraction=1|gamma=1|tau=0.05|lambda=0.7,primary,Bios,5,1.0,8000,1.0,0.05,0.7,point_selection_balanced,False,,,0.0,True,NA,False,False,False,True
primary|Bios|seed=5|fraction=1|gamma=1|tau=0.05|lambda=0.7,primary,Bios,5,1.0,8000,1.0,0.05,0.7,vera_balanced_iut,False,,,0.0,True,NA,False,False,False,True
primary|Bios|seed=5|fraction=1|gamma=1|tau=0.05|lambda=0.7,primary,Bios,5,1.0,8000,1.0,0.05,0.7,vera_balanced_envelope,False,,,0.0,True,NA,False,False,False,True
primary|Bios|seed=5|fraction=1|gamma=1|tau=0.05|lambda=0.7,primary,Bios,5,1.0,8000,1.0,0.05,0.7,external_balanced_oracle,False,,,0.0,True,NA,False,False,False,True
primary|Bios|seed=5|fraction=1|gamma=1|tau=0.05|lambda=0.8,primary,Bios,5,1.0,8000,1.0,0.05,0.8,always_deploy_balanced,True,TaCo::components_removed=5,TaCo,0.0,True,False,True,False,False,True
primary|Bios|seed=5|fraction=1|gamma=1|tau=0.05|lambda=0.8,primary,Bios,5,1.0,8000,1.0,0.05,0.8,point_selection_balanced,False,,,0.0,True,NA,False,False,False,True
primary|Bios|seed=5|fraction=1|gamma=1|tau=0.05|lambda=0.8,primary,Bios,5,1.0,8000,1.0,0.05,0.8,vera_balanced_iut,False,,,0.0,True,NA,False,False,False,True
primary|Bios|seed=5|fraction=1|gamma=1|tau=0.05|lambda=0.8,primary,Bios,5,1.0,8000,1.0,0.05,0.8,vera_balanced_envelope,False,,,0.0,True,NA,False,False,False,True
primary|Bios|seed=5|fraction=1|gamma=1|tau=0.05|lambda=0.8,primary,Bios,5,1.0,8000,1.0,0.05,0.8,external_balanced_oracle,False,,,0.0,True,NA,False,False,False,True
primary|Bios|seed=5|fraction=1|gamma=1|tau=0.1|lambda=0.6,primary,Bios,5,1.0,8000,1.0,0.1,0.6,always_deploy_balanced,True,TaCo::components_removed=5,TaCo,0.0,True,False,True,False,False,True
primary|Bios|seed=5|fraction=1|gamma=1|tau=0.1|lambda=0.6,primary,Bios,5,1.0,8000,1.0,0.1,0.6,point_selection_balanced,False,,,0.0,True,NA,False,False,False,True
primary|Bios|seed=5|fraction=1|gamma=1|tau=0.1|lambda=0.6,primary,Bios,5,1.0,8000,1.0,0.1,0.6,vera_balanced_iut,False,,,0.0,True,NA,False,False,False,True
primary|Bios|seed=5|fraction=1|gamma=1|tau=0.1|lambda=0.6,primary,Bios,5,1.0,8000,1.0,0.1,0.6,vera_balanced_envelope,False,,,0.0,True,NA,False,False,False,True
primary|Bios|seed=5|fraction=1|gamma=1|tau=0.1|lambda=0.6,primary,Bios,5,1.0,8000,1.0,0.1,0.6,external_balanced_oracle,False,,,0.0,True,NA,False,False,False,True
primary|Bios|seed=5|fraction=1|gamma=1|tau=0.1|lambda=0.7,primary,Bios,5,1.0,8000,1.0,0.1,0.7,always_deploy_balanced,True,TaCo::components_removed=5,TaCo,0.0,True,False,True,False,False,True
primary|Bios|seed=5|fraction=1|gamma=1|tau=0.1|lambda=0.7,primary,Bios,5,1.0,8000,1.0,0.1,0.7,point_selection_balanced,False,,,0.0,True,NA,False,False,False,True
primary|Bios|seed=5|fraction=1|gamma=1|tau=0.1|lambda=0.7,primary,Bios,5,1.0,8000,1.0,0.1,0.7,vera_balanced_iut,False,,,0.0,True,NA,False,False,False,True
primary|Bios|seed=5|fraction=1|gamma=1|tau=0.1|lambda=0.7,primary,Bios,5,1.0,8000,1.0,0.1,0.7,vera_balanced_envelope,False,,,0.0,True,NA,False,False,False,True
primary|Bios|seed=5|fraction=1|gamma=1|tau=0.1|lambda=0.7,primary,Bios,5,1.0,8000,1.0,0.1,0.7,external_balanced_oracle,False,,,0.0,True,NA,False,False,False,True
primary|Bios|seed=5|fraction=1|gamma=1|tau=0.1|lambda=0.8,primary,Bios,5,1.0,8000,1.0,0.1,0.8,always_deploy_balanced,True,TaCo::components_removed=5,TaCo,0.0,True,False,True,False,False,True
primary|Bios|seed=5|fraction=1|gamma=1|tau=0.1|lambda=0.8,primary,Bios,5,1.0,8000,1.0,0.1,0.8,point_selection_balanced,False,,,0.0,True,NA,False,False,False,True
primary|Bios|seed=5|fraction=1|gamma=1|tau=0.1|lambda=0.8,primary,Bios,5,1.0,8000,1.0,0.1,0.8,vera_balanced_iut,False,,,0.0,True,NA,False,False,False,True
primary|Bios|seed=5|fraction=1|gamma=1|tau=0.1|lambda=0.8,primary,Bios,5,1.0,8000,1.0,0.1,0.8,vera_balanced_envelope,False,,,0.0,True,NA,False,False,False,True
primary|Bios|seed=5|fraction=1|gamma=1|tau=0.1|lambda=0.8,primary,Bios,5,1.0,8000,1.0,0.1,0.8,external_balanced_oracle,False,,,0.0,True,NA,False,False,False,True
primary|Bios|seed=5|fraction=1|gamma=1|tau=0.2|lambda=0.6,primary,Bios,5,1.0,8000,1.0,0.2,0.6,always_deploy_balanced,True,TaCo::components_removed=5,TaCo,0.0,True,False,True,False,False,True
primary|Bios|seed=5|fraction=1|gamma=1|tau=0.2|lambda=0.6,primary,Bios,5,1.0,8000,1.0,0.2,0.6,point_selection_balanced,False,,,0.0,True,NA,False,False,False,True
primary|Bios|seed=5|fraction=1|gamma=1|tau=0.2|lambda=0.6,primary,Bios,5,1.0,8000,1.0,0.2,0.6,vera_balanced_iut,False,,,0.0,True,NA,False,False,False,True
primary|Bios|seed=5|fraction=1|gamma=1|tau=0.2|lambda=0.6,primary,Bios,5,1.0,8000,1.0,0.2,0.6,vera_balanced_envelope,False,,,0.0,True,NA,False,False,False,True
primary|Bios|seed=5|fraction=1|gamma=1|tau=0.2|lambda=0.6,primary,Bios,5,1.0,8000,1.0,0.2,0.6,external_balanced_oracle,False,,,0.0,True,NA,False,False,False,True
primary|Bios|seed=5|fraction=1|gamma=1|tau=0.2|lambda=0.7,primary,Bios,5,1.0,8000,1.0,0.2,0.7,always_deploy_balanced,True,TaCo::components_removed=5,TaCo,0.0,True,False,True,False,False,True
primary|Bios|seed=5|fraction=1|gamma=1|tau=0.2|lambda=0.7,primary,Bios,5,1.0,8000,1.0,0.2,0.7,point_selection_balanced,False,,,0.0,True,NA,False,False,False,True
primary|Bios|seed=5|fraction=1|gamma=1|tau=0.2|lambda=0.7,primary,Bios,5,1.0,8000,1.0,0.2,0.7,vera_balanced_iut,False,,,0.0,True,NA,False,False,False,True
primary|Bios|seed=5|fraction=1|gamma=1|tau=0.2|lambda=0.7,primary,Bios,5,1.0,8000,1.0,0.2,0.7,vera_balanced_envelope,False,,,0.0,True,NA,False,False,False,True
primary|Bios|seed=5|fraction=1|gamma=1|tau=0.2|lambda=0.7,primary,Bios,5,1.0,8000,1.0,0.2,0.7,external_balanced_oracle,False,,,0.0,True,NA,False,False,False,True
primary|Bios|seed=5|fraction=1|gamma=1|tau=0.2|lambda=0.8,primary,Bios,5,1.0,8000,1.0,0.2,0.8,always_deploy_balanced,True,TaCo::components_removed=5,TaCo,0.0,True,False,True,False,False,True
primary|Bios|seed=5|fraction=1|gamma=1|tau=0.2|lambda=0.8,primary,Bios,5,1.0,8000,1.0,0.2,0.8,point_selection_balanced,False,,,0.0,True,NA,False,False,False,True
primary|Bios|seed=5|fraction=1|gamma=1|tau=0.2|lambda=0.8,primary,Bios,5,1.0,8000,1.0,0.2,0.8,vera_balanced_iut,False,,,0.0,True,NA,False,False,False,True
primary|Bios|seed=5|fraction=1|gamma=1|tau=0.2|lambda=0.8,primary,Bios,5,1.0,8000,1.0,0.2,0.8,vera_balanced_envelope,False,,,0.0,True,NA,False,False,False,True
primary|Bios|seed=5|fraction=1|gamma=1|tau=0.2|lambda=0.8,primary,Bios,5,1.0,8000,1.0,0.2,0.8,external_balanced_oracle,False,,,0.0,True,NA,False,False,False,True
shifted_sensitivity|Bios|seed=5|fraction=1|gamma=1.01|tau=0.05|lambda=0.6,shifted_sensitivity,Bios,5,1.0,8000,1.01,0.05,0.6,always_deploy_balanced,True,TaCo::components_removed=5,TaCo,0.0,True,False,True,False,False,True
shifted_sensitivity|Bios|seed=5|fraction=1|gamma=1.01|tau=0.05|lambda=0.6,shifted_sensitivity,Bios,5,1.0,8000,1.01,0.05,0.6,point_selection_balanced,False,,,0.0,True,NA,False,False,False,True
shifted_sensitivity|Bios|seed=5|fraction=1|gamma=1.01|tau=0.05|lambda=0.6,shifted_sensitivity,Bios,5,1.0,8000,1.01,0.05,0.6,vera_balanced_iut,False,,,0.0,True,NA,False,False,False,True
shifted_sensitivity|Bios|seed=5|fraction=1|gamma=1.01|tau=0.05|lambda=0.6,shifted_sensitivity,Bios,5,1.0,8000,1.01,0.05,0.6,vera_balanced_envelope,False,,,0.0,True,NA,False,False,False,True
shifted_sensitivity|Bios|seed=5|fraction=1|gamma=1.01|tau=0.05|lambda=0.6,shifted_sensitivity,Bios,5,1.0,8000,1.01,0.05,0.6,external_balanced_oracle,False,,,0.0,True,NA,False,False,False,True
shifted_sensitivity|Bios|seed=5|fraction=1|gamma=1.01|tau=0.05|lambda=0.7,shifted_sensitivity,Bios,5,1.0,8000,1.01,0.05,0.7,always_deploy_balanced,True,TaCo::components_removed=5,TaCo,0.0,True,False,True,False,False,True
shifted_sensitivity|Bios|seed=5|fraction=1|gamma=1.01|tau=0.05|lambda=0.7,shifted_sensitivity,Bios,5,1.0,8000,1.01,0.05,0.7,point_selection_balanced,False,,,0.0,True,NA,False,False,False,True
shifted_sensitivity|Bios|seed=5|fraction=1|gamma=1.01|tau=0.05|lambda=0.7,shifted_sensitivity,Bios,5,1.0,8000,1.01,0.05,0.7,vera_balanced_iut,False,,,0.0,True,NA,False,False,False,True
shifted_sensitivity|Bios|seed=5|fraction=1|gamma=1.01|tau=0.05|lambda=0.7,shifted_sensitivity,Bios,5,1.0,8000,1.01,0.05,0.7,vera_balanced_envelope,False,,,0.0,True,NA,False,False,False,True
shifted_sensitivity|Bios|seed=5|fraction=1|gamma=1.01|tau=0.05|lambda=0.7,shifted_sensitivity,Bios,5,1.0,8000,1.01,0.05,0.7,external_balanced_oracle,False,,,0.0,True,NA,False,False,False,True
shifted_sensitivity|Bios|seed=5|fraction=1|gamma=1.01|tau=0.05|lambda=0.8,shifted_sensitivity,Bios,5,1.0,8000,1.01,0.05,0.8,always_deploy_balanced,True,TaCo::components_removed=5,TaCo,0.0,True,False,True,False,False,True
shifted_sensitivity|Bios|seed=5|fraction=1|gamma=1.01|tau=0.05|lambda=0.8,shifted_sensitivity,Bios,5,1.0,8000,1.01,0.05,0.8,point_selection_balanced,False,,,0.0,True,NA,False,False,False,True
shifted_sensitivity|Bios|seed=5|fraction=1|gamma=1.01|tau=0.05|lambda=0.8,shifted_sensitivity,Bios,5,1.0,8000,1.01,0.05,0.8,vera_balanced_iut,False,,,0.0,True,NA,False,False,False,True
shifted_sensitivity|Bios|seed=5|fraction=1|gamma=1.01|tau=0.05|lambda=0.8,shifted_sensitivity,Bios,5,1.0,8000,1.01,0.05,0.8,vera_balanced_envelope,False,,,0.0,True,NA,False,False,False,True
shifted_sensitivity|Bios|seed=5|fraction=1|gamma=1.01|tau=0.05|lambda=0.8,shifted_sensitivity,Bios,5,1.0,8000,1.01,0.05,0.8,external_balanced_oracle,False,,,0.0,True,NA,False,False,False,True
shifted_sensitivity|Bios|seed=5|fraction=1|gamma=1.01|tau=0.1|lambda=0.6,shifted_sensitivity,Bios,5,1.0,8000,1.01,0.1,0.6,always_deploy_balanced,True,TaCo::components_removed=5,TaCo,0.0,True,False,True,False,False,True
shifted_sensitivity|Bios|seed=5|fraction=1|gamma=1.01|tau=0.1|lambda=0.6,shifted_sensitivity,Bios,5,1.0,8000,1.01,0.1,0.6,point_selection_balanced,False,,,0.0,True,NA,False,False,False,True
shifted_sensitivity|Bios|seed=5|fraction=1|gamma=1.01|tau=0.1|lambda=0.6,shifted_sensitivity,Bios,5,1.0,8000,1.01,0.1,0.6,vera_balanced_iut,False,,,0.0,True,NA,False,False,False,True
shifted_sensitivity|Bios|seed=5|fraction=1|gamma=1.01|tau=0.1|lambda=0.6,shifted_sensitivity,Bios,5,1.0,8000,1.01,0.1,0.6,vera_balanced_envelope,False,,,0.0,True,NA,False,False,False,True
shifted_sensitivity|Bios|seed=5|fraction=1|gamma=1.01|tau=0.1|lambda=0.6,shifted_sensitivity,Bios,5,1.0,8000,1.01,0.1,0.6,external_balanced_oracle,False,,,0.0,True,NA,False,False,False,True
shifted_sensitivity|Bios|seed=5|fraction=1|gamma=1.01|tau=0.1|lambda=0.7,shifted_sensitivity,Bios,5,1.0,8000,1.01,0.1,0.7,always_deploy_balanced,True,TaCo::components_removed=5,TaCo,0.0,True,False,True,False,False,True
shifted_sensitivity|Bios|seed=5|fraction=1|gamma=1.01|tau=0.1|lambda=0.7,shifted_sensitivity,Bios,5,1.0,8000,1.01,0.1,0.7,point_selection_balanced,False,,,0.0,True,NA,False,False,False,True
shifted_sensitivity|Bios|seed=5|fraction=1|gamma=1.01|tau=0.1|lambda=0.7,shifted_sensitivity,Bios,5,1.0,8000,1.01,0.1,0.7,vera_balanced_iut,False,,,0.0,True,NA,False,False,False,True
shifted_sensitivity|Bios|seed=5|fraction=1|gamma=1.01|tau=0.1|lambda=0.7,shifted_sensitivity,Bios,5,1.0,8000,1.01,0.1,0.7,vera_balanced_envelope,False,,,0.0,True,NA,False,False,False,True
shifted_sensitivity|Bios|seed=5|fraction=1|gamma=1.01|tau=0.1|lambda=0.7,shifted_sensitivity,Bios,5,1.0,8000,1.01,0.1,0.7,external_balanced_oracle,False,,,0.0,True,NA,False,False,False,True
shifted_sensitivity|Bios|seed=5|fraction=1|gamma=1.01|tau=0.1|lambda=0.8,shifted_sensitivity,Bios,5,1.0,8000,1.01,0.1,0.8,always_deploy_balanced,True,TaCo::components_removed=5,TaCo,0.0,True,False,True,False,False,True
shifted_sensitivity|Bios|seed=5|fraction=1|gamma=1.01|tau=0.1|lambda=0.8,shifted_sensitivity,Bios,5,1.0,8000,1.01,0.1,0.8,point_selection_balanced,False,,,0.0,True,NA,False,False,False,True
shifted_sensitivity|Bios|seed=5|fraction=1|gamma=1.01|tau=0.1|lambda=0.8,shifted_sensitivity,Bios,5,1.0,8000,1.01,0.1,0.8,vera_balanced_iut,False,,,0.0,True,NA,False,False,False,True
shifted_sensitivity|Bios|seed=5|fraction=1|gamma=1.01|tau=0.1|lambda=0.8,shifted_sensitivity,Bios,5,1.0,8000,1.01,0.1,0.8,vera_balanced_envelope,False,,,0.0,True,NA,False,False,False,True
shifted_sensitivity|Bios|seed=5|fraction=1|gamma=1.01|tau=0.1|lambda=0.8,shifted_sensitivity,Bios,5,1.0,8000,1.01,0.1,0.8,external_balanced_oracle,False,,,0.0,True,NA,False,False,False,True
shifted_sensitivity|Bios|seed=5|fraction=1|gamma=1.01|tau=0.2|lambda=0.6,shifted_sensitivity,Bios,5,1.0,8000,1.01,0.2,0.6,always_deploy_balanced,True,TaCo::components_removed=5,TaCo,0.0,True,False,True,False,False,True
shifted_sensitivity|Bios|seed=5|fraction=1|gamma=1.01|tau=0.2|lambda=0.6,shifted_sensitivity,Bios,5,1.0,8000,1.01,0.2,0.6,point_selection_balanced,False,,,0.0,True,NA,False,False,False,True
shifted_sensitivity|Bios|seed=5|fraction=1|gamma=1.01|tau=0.2|lambda=0.6,shifted_sensitivity,Bios,5,1.0,8000,1.01,0.2,0.6,vera_balanced_iut,False,,,0.0,True,NA,False,False,False,True
shifted_sensitivity|Bios|seed=5|fraction=1|gamma=1.01|tau=0.2|lambda=0.6,shifted_sensitivity,Bios,5,1.0,8000,1.01,0.2,0.6,vera_balanced_envelope,False,,,0.0,True,NA,False,False,False,True
shifted_sensitivity|Bios|seed=5|fraction=1|gamma=1.01|tau=0.2|lambda=0.6,shifted_sensitivity,Bios,5,1.0,8000,1.01,0.2,0.6,external_balanced_oracle,False,,,0.0,True,NA,False,False,False,True
shifted_sensitivity|Bios|seed=5|fraction=1|gamma=1.01|tau=0.2|lambda=0.7,shifted_sensitivity,Bios,5,1.0,8000,1.01,0.2,0.7,always_deploy_balanced,True,TaCo::components_removed=5,TaCo,0.0,True,False,True,False,False,True
shifted_sensitivity|Bios|seed=5|fraction=1|gamma=1.01|tau=0.2|lambda=0.7,shifted_sensitivity,Bios,5,1.0,8000,1.01,0.2,0.7,point_selection_balanced,False,,,0.0,True,NA,False,False,False,True
shifted_sensitivity|Bios|seed=5|fraction=1|gamma=1.01|tau=0.2|lambda=0.7,shifted_sensitivity,Bios,5,1.0,8000,1.01,0.2,0.7,vera_balanced_iut,False,,,0.0,True,NA,False,False,False,True
shifted_sensitivity|Bios|seed=5|fraction=1|gamma=1.01|tau=0.2|lambda=0.7,shifted_sensitivity,Bios,5,1.0,8000,1.01,0.2,0.7,vera_balanced_envelope,False,,,0.0,True,NA,False,False,False,True
shifted_sensitivity|Bios|seed=5|fraction=1|gamma=1.01|tau=0.2|lambda=0.7,shifted_sensitivity,Bios,5,1.0,8000,1.01,0.2,0.7,external_balanced_oracle,False,,,0.0,True,NA,False,False,False,True
shifted_sensitivity|Bios|seed=5|fraction=1|gamma=1.01|tau=0.2|lambda=0.8,shifted_sensitivity,Bios,5,1.0,8000,1.01,0.2,0.8,always_deploy_balanced,True,TaCo::components_removed=5,TaCo,0.0,True,False,True,False,False,True
shifted_sensitivity|Bios|seed=5|fraction=1|gamma=1.01|tau=0.2|lambda=0.8,shifted_sensitivity,Bios,5,1.0,8000,1.01,0.2,0.8,point_selection_balanced,False,,,0.0,True,NA,False,False,False,True
shifted_sensitivity|Bios|seed=5|fraction=1|gamma=1.01|tau=0.2|lambda=0.8,shifted_sensitivity,Bios,5,1.0,8000,1.01,0.2,0.8,vera_balanced_iut,False,,,0.0,True,NA,False,False,False,True
shifted_sensitivity|Bios|seed=5|fraction=1|gamma=1.01|tau=0.2|lambda=0.8,shifted_sensitivity,Bios,5,1.0,8000,1.01,0.2,0.8,vera_balanced_envelope,False,,,0.0,True,NA,False,False,False,True
shifted_sensitivity|Bios|seed=5|fraction=1|gamma=1.01|tau=0.2|lambda=0.8,shifted_sensitivity,Bios,5,1.0,8000,1.01,0.2,0.8,external_balanced_oracle,False,,,0.0,True,NA,False,False,False,True
learning_curve|Bios|seed=6|fraction=0.05|gamma=1|tau=0.05|lambda=0.6,learning_curve,Bios,6,0.05,385,1.0,0.05,0.6,always_deploy_balanced,True,TaCo::components_removed=5,TaCo,0.0,True,False,True,False,False,True
learning_curve|Bios|seed=6|fraction=0.05|gamma=1|tau=0.05|lambda=0.6,learning_curve,Bios,6,0.05,385,1.0,0.05,0.6,point_selection_balanced,False,,,0.0,True,NA,False,False,False,True
learning_curve|Bios|seed=6|fraction=0.05|gamma=1|tau=0.05|lambda=0.6,learning_curve,Bios,6,0.05,385,1.0,0.05,0.6,vera_balanced_iut,False,,,0.0,True,NA,False,False,False,True
learning_curve|Bios|seed=6|fraction=0.05|gamma=1|tau=0.05|lambda=0.6,learning_curve,Bios,6,0.05,385,1.0,0.05,0.6,vera_balanced_envelope,False,,,0.0,True,NA,False,False,False,True
learning_curve|Bios|seed=6|fraction=0.05|gamma=1|tau=0.05|lambda=0.6,learning_curve,Bios,6,0.05,385,1.0,0.05,0.6,external_balanced_oracle,False,,,0.0,True,NA,False,False,False,True
learning_curve|Bios|seed=6|fraction=0.05|gamma=1|tau=0.05|lambda=0.7,learning_curve,Bios,6,0.05,385,1.0,0.05,0.7,always_deploy_balanced,True,TaCo::components_removed=5,TaCo,0.0,True,False,True,False,False,True
learning_curve|Bios|seed=6|fraction=0.05|gamma=1|tau=0.05|lambda=0.7,learning_curve,Bios,6,0.05,385,1.0,0.05,0.7,point_selection_balanced,False,,,0.0,True,NA,False,False,False,True
learning_curve|Bios|seed=6|fraction=0.05|gamma=1|tau=0.05|lambda=0.7,learning_curve,Bios,6,0.05,385,1.0,0.05,0.7,vera_balanced_iut,False,,,0.0,True,NA,False,False,False,True
learning_curve|Bios|seed=6|fraction=0.05|gamma=1|tau=0.05|lambda=0.7,learning_curve,Bios,6,0.05,385,1.0,0.05,0.7,vera_balanced_envelope,False,,,0.0,True,NA,False,False,False,True
learning_curve|Bios|seed=6|fraction=0.05|gamma=1|tau=0.05|lambda=0.7,learning_curve,Bios,6,0.05,385,1.0,0.05,0.7,external_balanced_oracle,False,,,0.0,True,NA,False,False,False,True
learning_curve|Bios|seed=6|fraction=0.05|gamma=1|tau=0.05|lambda=0.8,learning_curve,Bios,6,0.05,385,1.0,0.05,0.8,always_deploy_balanced,True,TaCo::components_removed=5,TaCo,0.0,True,False,True,False,False,True
learning_curve|Bios|seed=6|fraction=0.05|gamma=1|tau=0.05|lambda=0.8,learning_curve,Bios,6,0.05,385,1.0,0.05,0.8,point_selection_balanced,False,,,0.0,True,NA,False,False,False,True
learning_curve|Bios|seed=6|fraction=0.05|gamma=1|tau=0.05|lambda=0.8,learning_curve,Bios,6,0.05,385,1.0,0.05,0.8,vera_balanced_iut,False,,,0.0,True,NA,False,False,False,True
learning_curve|Bios|seed=6|fraction=0.05|gamma=1|tau=0.05|lambda=0.8,learning_curve,Bios,6,0.05,385,1.0,0.05,0.8,vera_balanced_envelope,False,,,0.0,True,NA,False,False,False,True
learning_curve|Bios|seed=6|fraction=0.05|gamma=1|tau=0.05|lambda=0.8,learning_curve,Bios,6,0.05,385,1.0,0.05,0.8,external_balanced_oracle,False,,,0.0,True,NA,False,False,False,True
learning_curve|Bios|seed=6|fraction=0.05|gamma=1|tau=0.1|lambda=0.6,learning_curve,Bios,6,0.05,385,1.0,0.1,0.6,always_deploy_balanced,True,TaCo::components_removed=5,TaCo,0.0,True,False,True,False,False,True
learning_curve|Bios|seed=6|fraction=0.05|gamma=1|tau=0.1|lambda=0.6,learning_curve,Bios,6,0.05,385,1.0,0.1,0.6,point_selection_balanced,False,,,0.0,True,NA,False,False,False,True
learning_curve|Bios|seed=6|fraction=0.05|gamma=1|tau=0.1|lambda=0.6,learning_curve,Bios,6,0.05,385,1.0,0.1,0.6,vera_balanced_iut,False,,,0.0,True,NA,False,False,False,True
learning_curve|Bios|seed=6|fraction=0.05|gamma=1|tau=0.1|lambda=0.6,learning_curve,Bios,6,0.05,385,1.0,0.1,0.6,vera_balanced_envelope,False,,,0.0,True,NA,False,False,False,True
learning_curve|Bios|seed=6|fraction=0.05|gamma=1|tau=0.1|lambda=0.6,learning_curve,Bios,6,0.05,385,1.0,0.1,0.6,external_balanced_oracle,False,,,0.0,True,NA,False,False,False,True
learning_curve|Bios|seed=6|fraction=0.05|gamma=1|tau=0.1|lambda=0.7,learning_curve,Bios,6,0.05,385,1.0,0.1,0.7,always_deploy_balanced,True,TaCo::components_removed=5,TaCo,0.0,True,False,True,False,False,True
learning_curve|Bios|seed=6|fraction=0.05|gamma=1|tau=0.1|lambda=0.7,learning_curve,Bios,6,0.05,385,1.0,0.1,0.7,point_selection_balanced,False,,,0.0,True,NA,False,False,False,True
learning_curve|Bios|seed=6|fraction=0.05|gamma=1|tau=0.1|lambda=0.7,learning_curve,Bios,6,0.05,385,1.0,0.1,0.7,vera_balanced_iut,False,,,0.0,True,NA,False,False,False,True
learning_curve|Bios|seed=6|fraction=0.05|gamma=1|tau=0.1|lambda=0.7,learning_curve,Bios,6,0.05,385,1.0,0.1,0.7,vera_balanced_envelope,False,,,0.0,True,NA,False,False,False,True
learning_curve|Bios|seed=6|fraction=0.05|gamma=1|tau=0.1|lambda=0.7,learning_curve,Bios,6,0.05,385,1.0,0.1,0.7,external_balanced_oracle,False,,,0.0,True,NA,False,False,False,True
learning_curve|Bios|seed=6|fraction=0.05|gamma=1|tau=0.1|lambda=0.8,learning_curve,Bios,6,0.05,385,1.0,0.1,0.8,always_deploy_balanced,True,TaCo::components_removed=5,TaCo,0.0,True,False,True,False,False,True
learning_curve|Bios|seed=6|fraction=0.05|gamma=1|tau=0.1|lambda=0.8,learning_curve,Bios,6,0.05,385,1.0,0.1,0.8,point_selection_balanced,False,,,0.0,True,NA,False,False,False,True
learning_curve|Bios|seed=6|fraction=0.05|gamma=1|tau=0.1|lambda=0.8,learning_curve,Bios,6,0.05,385,1.0,0.1,0.8,vera_balanced_iut,False,,,0.0,True,NA,False,False,False,True
learning_curve|Bios|seed=6|fraction=0.05|gamma=1|tau=0.1|lambda=0.8,learning_curve,Bios,6,0.05,385,1.0,0.1,0.8,vera_balanced_envelope,False,,,0.0,True,NA,False,False,False,True
learning_curve|Bios|seed=6|fraction=0.05|gamma=1|tau=0.1|lambda=0.8,learning_curve,Bios,6,0.05,385,1.0,0.1,0.8,external_balanced_oracle,False,,,0.0,True,NA,False,False,False,True
learning_curve|Bios|seed=6|fraction=0.05|gamma=1|tau=0.2|lambda=0.6,learning_curve,Bios,6,0.05,385,1.0,0.2,0.6,always_deploy_balanced,True,TaCo::components_removed=5,TaCo,0.0,True,False,True,False,False,True
learning_curve|Bios|seed=6|fraction=0.05|gamma=1|tau=0.2|lambda=0.6,learning_curve,Bios,6,0.05,385,1.0,0.2,0.6,point_selection_balanced,False,,,0.0,True,NA,False,False,False,True
learning_curve|Bios|seed=6|fraction=0.05|gamma=1|tau=0.2|lambda=0.6,learning_curve,Bios,6,0.05,385,1.0,0.2,0.6,vera_balanced_iut,False,,,0.0,True,NA,False,False,False,True
learning_curve|Bios|seed=6|fraction=0.05|gamma=1|tau=0.2|lambda=0.6,learning_curve,Bios,6,0.05,385,1.0,0.2,0.6,vera_balanced_envelope,False,,,0.0,True,NA,False,False,False,True
learning_curve|Bios|seed=6|fraction=0.05|gamma=1|tau=0.2|lambda=0.6,learning_curve,Bios,6,0.05,385,1.0,0.2,0.6,external_balanced_oracle,False,,,0.0,True,NA,False,False,False,True
learning_curve|Bios|seed=6|fraction=0.05|gamma=1|tau=0.2|lambda=0.7,learning_curve,Bios,6,0.05,385,1.0,0.2,0.7,always_deploy_balanced,True,TaCo::components_removed=5,TaCo,0.0,True,False,True,False,False,True
learning_curve|Bios|seed=6|fraction=0.05|gamma=1|tau=0.2|lambda=0.7,learning_curve,Bios,6,0.05,385,1.0,0.2,0.7,point_selection_balanced,False,,,0.0,True,NA,False,False,False,True
learning_curve|Bios|seed=6|fraction=0.05|gamma=1|tau=0.2|lambda=0.7,learning_curve,Bios,6,0.05,385,1.0,0.2,0.7,vera_balanced_iut,False,,,0.0,True,NA,False,False,False,True
learning_curve|Bios|seed=6|fraction=0.05|gamma=1|tau=0.2|lambda=0.7,learning_curve,Bios,6,0.05,385,1.0,0.2,0.7,vera_balanced_envelope,False,,,0.0,True,NA,False,False,False,True
learning_curve|Bios|seed=6|fraction=0.05|gamma=1|tau=0.2|lambda=0.7,learning_curve,Bios,6,0.05,385,1.0,0.2,0.7,external_balanced_oracle,False,,,0.0,True,NA,False,False,False,True
learning_curve|Bios|seed=6|fraction=0.05|gamma=1|tau=0.2|lambda=0.8,learning_curve,Bios,6,0.05,385,1.0,0.2,0.8,always_deploy_balanced,True,TaCo::components_removed=5,TaCo,0.0,True,True,False,False,False,True
learning_curve|Bios|seed=6|fraction=0.05|gamma=1|tau=0.2|lambda=0.8,learning_curve,Bios,6,0.05,385,1.0,0.2,0.8,point_selection_balanced,False,,,0.0,True,NA,False,False,False,True
learning_curve|Bios|seed=6|fraction=0.05|gamma=1|tau=0.2|lambda=0.8,learning_curve,Bios,6,0.05,385,1.0,0.2,0.8,vera_balanced_iut,False,,,0.0,True,NA,False,False,False,True
learning_curve|Bios|seed=6|fraction=0.05|gamma=1|tau=0.2|lambda=0.8,learning_curve,Bios,6,0.05,385,1.0,0.2,0.8,vera_balanced_envelope,False,,,0.0,True,NA,False,False,False,True
learning_curve|Bios|seed=6|fraction=0.05|gamma=1|tau=0.2|lambda=0.8,learning_curve,Bios,6,0.05,385,1.0,0.2,0.8,external_balanced_oracle,True,TaCo::components_removed=5,TaCo,0.0,True,True,False,False,False,True
learning_curve|Bios|seed=6|fraction=0.1|gamma=1|tau=0.05|lambda=0.6,learning_curve,Bios,6,0.1,783,1.0,0.05,0.6,always_deploy_balanced,True,TaCo::components_removed=5,TaCo,0.0,True,False,True,False,False,True
learning_curve|Bios|seed=6|fraction=0.1|gamma=1|tau=0.05|lambda=0.6,learning_curve,Bios,6,0.1,783,1.0,0.05,0.6,point_selection_balanced,False,,,0.0,True,NA,False,False,False,True
learning_curve|Bios|seed=6|fraction=0.1|gamma=1|tau=0.05|lambda=0.6,learning_curve,Bios,6,0.1,783,1.0,0.05,0.6,vera_balanced_iut,False,,,0.0,True,NA,False,False,False,True
learning_curve|Bios|seed=6|fraction=0.1|gamma=1|tau=0.05|lambda=0.6,learning_curve,Bios,6,0.1,783,1.0,0.05,0.6,vera_balanced_envelope,False,,,0.0,True,NA,False,False,False,True
learning_curve|Bios|seed=6|fraction=0.1|gamma=1|tau=0.05|lambda=0.6,learning_curve,Bios,6,0.1,783,1.0,0.05,0.6,external_balanced_oracle,False,,,0.0,True,NA,False,False,False,True
learning_curve|Bios|seed=6|fraction=0.1|gamma=1|tau=0.05|lambda=0.7,learning_curve,Bios,6,0.1,783,1.0,0.05,0.7,always_deploy_balanced,True,TaCo::components_removed=5,TaCo,0.0,True,False,True,False,False,True
learning_curve|Bios|seed=6|fraction=0.1|gamma=1|tau=0.05|lambda=0.7,learning_curve,Bios,6,0.1,783,1.0,0.05,0.7,point_selection_balanced,False,,,0.0,True,NA,False,False,False,True
learning_curve|Bios|seed=6|fraction=0.1|gamma=1|tau=0.05|lambda=0.7,learning_curve,Bios,6,0.1,783,1.0,0.05,0.7,vera_balanced_iut,False,,,0.0,True,NA,False,False,False,True
learning_curve|Bios|seed=6|fraction=0.1|gamma=1|tau=0.05|lambda=0.7,learning_curve,Bios,6,0.1,783,1.0,0.05,0.7,vera_balanced_envelope,False,,,0.0,True,NA,False,False,False,True
learning_curve|Bios|seed=6|fraction=0.1|gamma=1|tau=0.05|lambda=0.7,learning_curve,Bios,6,0.1,783,1.0,0.05,0.7,external_balanced_oracle,False,,,0.0,True,NA,False,False,False,True
learning_curve|Bios|seed=6|fraction=0.1|gamma=1|tau=0.05|lambda=0.8,learning_curve,Bios,6,0.1,783,1.0,0.05,0.8,always_deploy_balanced,True,TaCo::components_removed=5,TaCo,0.0,True,False,True,False,False,True
learning_curve|Bios|seed=6|fraction=0.1|gamma=1|tau=0.05|lambda=0.8,learning_curve,Bios,6,0.1,783,1.0,0.05,0.8,point_selection_balanced,False,,,0.0,True,NA,False,False,False,True
learning_curve|Bios|seed=6|fraction=0.1|gamma=1|tau=0.05|lambda=0.8,learning_curve,Bios,6,0.1,783,1.0,0.05,0.8,vera_balanced_iut,False,,,0.0,True,NA,False,False,False,True
learning_curve|Bios|seed=6|fraction=0.1|gamma=1|tau=0.05|lambda=0.8,learning_curve,Bios,6,0.1,783,1.0,0.05,0.8,vera_balanced_envelope,False,,,0.0,True,NA,False,False,False,True
learning_curve|Bios|seed=6|fraction=0.1|gamma=1|tau=0.05|lambda=0.8,learning_curve,Bios,6,0.1,783,1.0,0.05,0.8,external_balanced_oracle,False,,,0.0,True,NA,False,False,False,True
learning_curve|Bios|seed=6|fraction=0.1|gamma=1|tau=0.1|lambda=0.6,learning_curve,Bios,6,0.1,783,1.0,0.1,0.6,always_deploy_balanced,True,TaCo::components_removed=5,TaCo,0.0,True,False,True,False,False,True
learning_curve|Bios|seed=6|fraction=0.1|gamma=1|tau=0.1|lambda=0.6,learning_curve,Bios,6,0.1,783,1.0,0.1,0.6,point_selection_balanced,False,,,0.0,True,NA,False,False,False,True
learning_curve|Bios|seed=6|fraction=0.1|gamma=1|tau=0.1|lambda=0.6,learning_curve,Bios,6,0.1,783,1.0,0.1,0.6,vera_balanced_iut,False,,,0.0,True,NA,False,False,False,True
learning_curve|Bios|seed=6|fraction=0.1|gamma=1|tau=0.1|lambda=0.6,learning_curve,Bios,6,0.1,783,1.0,0.1,0.6,vera_balanced_envelope,False,,,0.0,True,NA,False,False,False,True
learning_curve|Bios|seed=6|fraction=0.1|gamma=1|tau=0.1|lambda=0.6,learning_curve,Bios,6,0.1,783,1.0,0.1,0.6,external_balanced_oracle,False,,,0.0,True,NA,False,False,False,True
learning_curve|Bios|seed=6|fraction=0.1|gamma=1|tau=0.1|lambda=0.7,learning_curve,Bios,6,0.1,783,1.0,0.1,0.7,always_deploy_balanced,True,TaCo::components_removed=5,TaCo,0.0,True,False,True,False,False,True
learning_curve|Bios|seed=6|fraction=0.1|gamma=1|tau=0.1|lambda=0.7,learning_curve,Bios,6,0.1,783,1.0,0.1,0.7,point_selection_balanced,False,,,0.0,True,NA,False,False,False,True
learning_curve|Bios|seed=6|fraction=0.1|gamma=1|tau=0.1|lambda=0.7,learning_curve,Bios,6,0.1,783,1.0,0.1,0.7,vera_balanced_iut,False,,,0.0,True,NA,False,False,False,True
learning_curve|Bios|seed=6|fraction=0.1|gamma=1|tau=0.1|lambda=0.7,learning_curve,Bios,6,0.1,783,1.0,0.1,0.7,vera_balanced_envelope,False,,,0.0,True,NA,False,False,False,True
learning_curve|Bios|seed=6|fraction=0.1|gamma=1|tau=0.1|lambda=0.7,learning_curve,Bios,6,0.1,783,1.0,0.1,0.7,external_balanced_oracle,False,,,0.0,True,NA,False,False,False,True
learning_curve|Bios|seed=6|fraction=0.1|gamma=1|tau=0.1|lambda=0.8,learning_curve,Bios,6,0.1,783,1.0,0.1,0.8,always_deploy_balanced,True,TaCo::components_removed=5,TaCo,0.0,True,False,True,False,False,True
learning_curve|Bios|seed=6|fraction=0.1|gamma=1|tau=0.1|lambda=0.8,learning_curve,Bios,6,0.1,783,1.0,0.1,0.8,point_selection_balanced,False,,,0.0,True,NA,False,False,False,True
learning_curve|Bios|seed=6|fraction=0.1|gamma=1|tau=0.1|lambda=0.8,learning_curve,Bios,6,0.1,783,1.0,0.1,0.8,vera_balanced_iut,False,,,0.0,True,NA,False,False,False,True
learning_curve|Bios|seed=6|fraction=0.1|gamma=1|tau=0.1|lambda=0.8,learning_curve,Bios,6,0.1,783,1.0,0.1,0.8,vera_balanced_envelope,False,,,0.0,True,NA,False,False,False,True
learning_curve|Bios|seed=6|fraction=0.1|gamma=1|tau=0.1|lambda=0.8,learning_curve,Bios,6,0.1,783,1.0,0.1,0.8,external_balanced_oracle,False,,,0.0,True,NA,False,False,False,True
learning_curve|Bios|seed=6|fraction=0.1|gamma=1|tau=0.2|lambda=0.6,learning_curve,Bios,6,0.1,783,1.0,0.2,0.6,always_deploy_balanced,True,TaCo::components_removed=5,TaCo,0.0,True,False,True,False,False,True
learning_curve|Bios|seed=6|fraction=0.1|gamma=1|tau=0.2|lambda=0.6,learning_curve,Bios,6,0.1,783,1.0,0.2,0.6,point_selection_balanced,False,,,0.0,True,NA,False,False,False,True
learning_curve|Bios|seed=6|fraction=0.1|gamma=1|tau=0.2|lambda=0.6,learning_curve,Bios,6,0.1,783,1.0,0.2,0.6,vera_balanced_iut,False,,,0.0,True,NA,False,False,False,True
learning_curve|Bios|seed=6|fraction=0.1|gamma=1|tau=0.2|lambda=0.6,learning_curve,Bios,6,0.1,783,1.0,0.2,0.6,vera_balanced_envelope,False,,,0.0,True,NA,False,False,False,True
learning_curve|Bios|seed=6|fraction=0.1|gamma=1|tau=0.2|lambda=0.6,learning_curve,Bios,6,0.1,783,1.0,0.2,0.6,external_balanced_oracle,False,,,0.0,True,NA,False,False,False,True
learning_curve|Bios|seed=6|fraction=0.1|gamma=1|tau=0.2|lambda=0.7,learning_curve,Bios,6,0.1,783,1.0,0.2,0.7,always_deploy_balanced,True,TaCo::components_removed=5,TaCo,0.0,True,False,True,False,False,True
learning_curve|Bios|seed=6|fraction=0.1|gamma=1|tau=0.2|lambda=0.7,learning_curve,Bios,6,0.1,783,1.0,0.2,0.7,point_selection_balanced,True,TaCo::components_removed=5,TaCo,0.0,True,False,True,False,False,True
learning_curve|Bios|seed=6|fraction=0.1|gamma=1|tau=0.2|lambda=0.7,learning_curve,Bios,6,0.1,783,1.0,0.2,0.7,vera_balanced_iut,False,,,0.0,True,NA,False,False,False,True
learning_curve|Bios|seed=6|fraction=0.1|gamma=1|tau=0.2|lambda=0.7,learning_curve,Bios,6,0.1,783,1.0,0.2,0.7,vera_balanced_envelope,False,,,0.0,True,NA,False,False,False,True
learning_curve|Bios|seed=6|fraction=0.1|gamma=1|tau=0.2|lambda=0.7,learning_curve,Bios,6,0.1,783,1.0,0.2,0.7,external_balanced_oracle,False,,,0.0,True,NA,False,False,False,True
learning_curve|Bios|seed=6|fraction=0.1|gamma=1|tau=0.2|lambda=0.8,learning_curve,Bios,6,0.1,783,1.0,0.2,0.8,always_deploy_balanced,True,TaCo::components_removed=5,TaCo,0.0,True,True,False,False,False,True
learning_curve|Bios|seed=6|fraction=0.1|gamma=1|tau=0.2|lambda=0.8,learning_curve,Bios,6,0.1,783,1.0,0.2,0.8,point_selection_balanced,True,TaCo::components_removed=5,TaCo,0.0,True,True,False,False,False,True
learning_curve|Bios|seed=6|fraction=0.1|gamma=1|tau=0.2|lambda=0.8,learning_curve,Bios,6,0.1,783,1.0,0.2,0.8,vera_balanced_iut,False,,,0.0,True,NA,False,False,False,True
learning_curve|Bios|seed=6|fraction=0.1|gamma=1|tau=0.2|lambda=0.8,learning_curve,Bios,6,0.1,783,1.0,0.2,0.8,vera_balanced_envelope,False,,,0.0,True,NA,False,False,False,True
learning_curve|Bios|seed=6|fraction=0.1|gamma=1|tau=0.2|lambda=0.8,learning_curve,Bios,6,0.1,783,1.0,0.2,0.8,external_balanced_oracle,True,TaCo::components_removed=5,TaCo,0.0,True,True,False,False,False,True
learning_curve|Bios|seed=6|fraction=0.25|gamma=1|tau=0.05|lambda=0.6,learning_curve,Bios,6,0.25,1981,1.0,0.05,0.6,always_deploy_balanced,True,TaCo::components_removed=5,TaCo,0.0,True,False,True,False,False,True
learning_curve|Bios|seed=6|fraction=0.25|gamma=1|tau=0.05|lambda=0.6,learning_curve,Bios,6,0.25,1981,1.0,0.05,0.6,point_selection_balanced,False,,,0.0,True,NA,False,False,False,True
learning_curve|Bios|seed=6|fraction=0.25|gamma=1|tau=0.05|lambda=0.6,learning_curve,Bios,6,0.25,1981,1.0,0.05,0.6,vera_balanced_iut,False,,,0.0,True,NA,False,False,False,True
learning_curve|Bios|seed=6|fraction=0.25|gamma=1|tau=0.05|lambda=0.6,learning_curve,Bios,6,0.25,1981,1.0,0.05,0.6,vera_balanced_envelope,False,,,0.0,True,NA,False,False,False,True
learning_curve|Bios|seed=6|fraction=0.25|gamma=1|tau=0.05|lambda=0.6,learning_curve,Bios,6,0.25,1981,1.0,0.05,0.6,external_balanced_oracle,False,,,0.0,True,NA,False,False,False,True
learning_curve|Bios|seed=6|fraction=0.25|gamma=1|tau=0.05|lambda=0.7,learning_curve,Bios,6,0.25,1981,1.0,0.05,0.7,always_deploy_balanced,True,TaCo::components_removed=5,TaCo,0.0,True,False,True,False,False,True
learning_curve|Bios|seed=6|fraction=0.25|gamma=1|tau=0.05|lambda=0.7,learning_curve,Bios,6,0.25,1981,1.0,0.05,0.7,point_selection_balanced,False,,,0.0,True,NA,False,False,False,True
learning_curve|Bios|seed=6|fraction=0.25|gamma=1|tau=0.05|lambda=0.7,learning_curve,Bios,6,0.25,1981,1.0,0.05,0.7,vera_balanced_iut,False,,,0.0,True,NA,False,False,False,True
learning_curve|Bios|seed=6|fraction=0.25|gamma=1|tau=0.05|lambda=0.7,learning_curve,Bios,6,0.25,1981,1.0,0.05,0.7,vera_balanced_envelope,False,,,0.0,True,NA,False,False,False,True
learning_curve|Bios|seed=6|fraction=0.25|gamma=1|tau=0.05|lambda=0.7,learning_curve,Bios,6,0.25,1981,1.0,0.05,0.7,external_balanced_oracle,False,,,0.0,True,NA,False,False,False,True
learning_curve|Bios|seed=6|fraction=0.25|gamma=1|tau=0.05|lambda=0.8,learning_curve,Bios,6,0.25,1981,1.0,0.05,0.8,always_deploy_balanced,True,TaCo::components_removed=5,TaCo,0.0,True,False,True,False,False,True
learning_curve|Bios|seed=6|fraction=0.25|gamma=1|tau=0.05|lambda=0.8,learning_curve,Bios,6,0.25,1981,1.0,0.05,0.8,point_selection_balanced,False,,,0.0,True,NA,False,False,False,True
learning_curve|Bios|seed=6|fraction=0.25|gamma=1|tau=0.05|lambda=0.8,learning_curve,Bios,6,0.25,1981,1.0,0.05,0.8,vera_balanced_iut,False,,,0.0,True,NA,False,False,False,True
learning_curve|Bios|seed=6|fraction=0.25|gamma=1|tau=0.05|lambda=0.8,learning_curve,Bios,6,0.25,1981,1.0,0.05,0.8,vera_balanced_envelope,False,,,0.0,True,NA,False,False,False,True
learning_curve|Bios|seed=6|fraction=0.25|gamma=1|tau=0.05|lambda=0.8,learning_curve,Bios,6,0.25,1981,1.0,0.05,0.8,external_balanced_oracle,False,,,0.0,True,NA,False,False,False,True
learning_curve|Bios|seed=6|fraction=0.25|gamma=1|tau=0.1|lambda=0.6,learning_curve,Bios,6,0.25,1981,1.0,0.1,0.6,always_deploy_balanced,True,TaCo::components_removed=5,TaCo,0.0,True,False,True,False,False,True
learning_curve|Bios|seed=6|fraction=0.25|gamma=1|tau=0.1|lambda=0.6,learning_curve,Bios,6,0.25,1981,1.0,0.1,0.6,point_selection_balanced,False,,,0.0,True,NA,False,False,False,True
learning_curve|Bios|seed=6|fraction=0.25|gamma=1|tau=0.1|lambda=0.6,learning_curve,Bios,6,0.25,1981,1.0,0.1,0.6,vera_balanced_iut,False,,,0.0,True,NA,False,False,False,True
learning_curve|Bios|seed=6|fraction=0.25|gamma=1|tau=0.1|lambda=0.6,learning_curve,Bios,6,0.25,1981,1.0,0.1,0.6,vera_balanced_envelope,False,,,0.0,True,NA,False,False,False,True
learning_curve|Bios|seed=6|fraction=0.25|gamma=1|tau=0.1|lambda=0.6,learning_curve,Bios,6,0.25,1981,1.0,0.1,0.6,external_balanced_oracle,False,,,0.0,True,NA,False,False,False,True
learning_curve|Bios|seed=6|fraction=0.25|gamma=1|tau=0.1|lambda=0.7,learning_curve,Bios,6,0.25,1981,1.0,0.1,0.7,always_deploy_balanced,True,TaCo::components_removed=5,TaCo,0.0,True,False,True,False,False,True
learning_curve|Bios|seed=6|fraction=0.25|gamma=1|tau=0.1|lambda=0.7,learning_curve,Bios,6,0.25,1981,1.0,0.1,0.7,point_selection_balanced,False,,,0.0,True,NA,False,False,False,True
learning_curve|Bios|seed=6|fraction=0.25|gamma=1|tau=0.1|lambda=0.7,learning_curve,Bios,6,0.25,1981,1.0,0.1,0.7,vera_balanced_iut,False,,,0.0,True,NA,False,False,False,True
learning_curve|Bios|seed=6|fraction=0.25|gamma=1|tau=0.1|lambda=0.7,learning_curve,Bios,6,0.25,1981,1.0,0.1,0.7,vera_balanced_envelope,False,,,0.0,True,NA,False,False,False,True
learning_curve|Bios|seed=6|fraction=0.25|gamma=1|tau=0.1|lambda=0.7,learning_curve,Bios,6,0.25,1981,1.0,0.1,0.7,external_balanced_oracle,False,,,0.0,True,NA,False,False,False,True
learning_curve|Bios|seed=6|fraction=0.25|gamma=1|tau=0.1|lambda=0.8,learning_curve,Bios,6,0.25,1981,1.0,0.1,0.8,always_deploy_balanced,True,TaCo::components_removed=5,TaCo,0.0,True,False,True,False,False,True
learning_curve|Bios|seed=6|fraction=0.25|gamma=1|tau=0.1|lambda=0.8,learning_curve,Bios,6,0.25,1981,1.0,0.1,0.8,point_selection_balanced,False,,,0.0,True,NA,False,False,False,True
learning_curve|Bios|seed=6|fraction=0.25|gamma=1|tau=0.1|lambda=0.8,learning_curve,Bios,6,0.25,1981,1.0,0.1,0.8,vera_balanced_iut,False,,,0.0,True,NA,False,False,False,True
learning_curve|Bios|seed=6|fraction=0.25|gamma=1|tau=0.1|lambda=0.8,learning_curve,Bios,6,0.25,1981,1.0,0.1,0.8,vera_balanced_envelope,False,,,0.0,True,NA,False,False,False,True
learning_curve|Bios|seed=6|fraction=0.25|gamma=1|tau=0.1|lambda=0.8,learning_curve,Bios,6,0.25,1981,1.0,0.1,0.8,external_balanced_oracle,False,,,0.0,True,NA,False,False,False,True
learning_curve|Bios|seed=6|fraction=0.25|gamma=1|tau=0.2|lambda=0.6,learning_curve,Bios,6,0.25,1981,1.0,0.2,0.6,always_deploy_balanced,True,TaCo::components_removed=5,TaCo,0.0,True,False,True,False,False,True
learning_curve|Bios|seed=6|fraction=0.25|gamma=1|tau=0.2|lambda=0.6,learning_curve,Bios,6,0.25,1981,1.0,0.2,0.6,point_selection_balanced,False,,,0.0,True,NA,False,False,False,True
learning_curve|Bios|seed=6|fraction=0.25|gamma=1|tau=0.2|lambda=0.6,learning_curve,Bios,6,0.25,1981,1.0,0.2,0.6,vera_balanced_iut,False,,,0.0,True,NA,False,False,False,True
learning_curve|Bios|seed=6|fraction=0.25|gamma=1|tau=0.2|lambda=0.6,learning_curve,Bios,6,0.25,1981,1.0,0.2,0.6,vera_balanced_envelope,False,,,0.0,True,NA,False,False,False,True
learning_curve|Bios|seed=6|fraction=0.25|gamma=1|tau=0.2|lambda=0.6,learning_curve,Bios,6,0.25,1981,1.0,0.2,0.6,external_balanced_oracle,False,,,0.0,True,NA,False,False,False,True
learning_curve|Bios|seed=6|fraction=0.25|gamma=1|tau=0.2|lambda=0.7,learning_curve,Bios,6,0.25,1981,1.0,0.2,0.7,always_deploy_balanced,True,TaCo::components_removed=5,TaCo,0.0,True,False,True,False,False,True
learning_curve|Bios|seed=6|fraction=0.25|gamma=1|tau=0.2|lambda=0.7,learning_curve,Bios,6,0.25,1981,1.0,0.2,0.7,point_selection_balanced,False,,,0.0,True,NA,False,False,False,True
learning_curve|Bios|seed=6|fraction=0.25|gamma=1|tau=0.2|lambda=0.7,learning_curve,Bios,6,0.25,1981,1.0,0.2,0.7,vera_balanced_iut,False,,,0.0,True,NA,False,False,False,True
learning_curve|Bios|seed=6|fraction=0.25|gamma=1|tau=0.2|lambda=0.7,learning_curve,Bios,6,0.25,1981,1.0,0.2,0.7,vera_balanced_envelope,False,,,0.0,True,NA,False,False,False,True
learning_curve|Bios|seed=6|fraction=0.25|gamma=1|tau=0.2|lambda=0.7,learning_curve,Bios,6,0.25,1981,1.0,0.2,0.7,external_balanced_oracle,False,,,0.0,True,NA,False,False,False,True
learning_curve|Bios|seed=6|fraction=0.25|gamma=1|tau=0.2|lambda=0.8,learning_curve,Bios,6,0.25,1981,1.0,0.2,0.8,always_deploy_balanced,True,TaCo::components_removed=5,TaCo,0.0,True,True,False,False,False,True
learning_curve|Bios|seed=6|fraction=0.25|gamma=1|tau=0.2|lambda=0.8,learning_curve,Bios,6,0.25,1981,1.0,0.2,0.8,point_selection_balanced,False,,,0.0,True,NA,False,False,False,True
learning_curve|Bios|seed=6|fraction=0.25|gamma=1|tau=0.2|lambda=0.8,learning_curve,Bios,6,0.25,1981,1.0,0.2,0.8,vera_balanced_iut,False,,,0.0,True,NA,False,False,False,True
learning_curve|Bios|seed=6|fraction=0.25|gamma=1|tau=0.2|lambda=0.8,learning_curve,Bios,6,0.25,1981,1.0,0.2,0.8,vera_balanced_envelope,False,,,0.0,True,NA,False,False,False,True
learning_curve|Bios|seed=6|fraction=0.25|gamma=1|tau=0.2|lambda=0.8,learning_curve,Bios,6,0.25,1981,1.0,0.2,0.8,external_balanced_oracle,True,TaCo::components_removed=5,TaCo,0.0,True,True,False,False,False,True
learning_curve|Bios|seed=6|fraction=0.5|gamma=1|tau=0.05|lambda=0.6,learning_curve,Bios,6,0.5,3985,1.0,0.05,0.6,always_deploy_balanced,True,TaCo::components_removed=5,TaCo,0.0,True,False,True,False,False,True
learning_curve|Bios|seed=6|fraction=0.5|gamma=1|tau=0.05|lambda=0.6,learning_curve,Bios,6,0.5,3985,1.0,0.05,0.6,point_selection_balanced,False,,,0.0,True,NA,False,False,False,True
learning_curve|Bios|seed=6|fraction=0.5|gamma=1|tau=0.05|lambda=0.6,learning_curve,Bios,6,0.5,3985,1.0,0.05,0.6,vera_balanced_iut,False,,,0.0,True,NA,False,False,False,True
learning_curve|Bios|seed=6|fraction=0.5|gamma=1|tau=0.05|lambda=0.6,learning_curve,Bios,6,0.5,3985,1.0,0.05,0.6,vera_balanced_envelope,False,,,0.0,True,NA,False,False,False,True
learning_curve|Bios|seed=6|fraction=0.5|gamma=1|tau=0.05|lambda=0.6,learning_curve,Bios,6,0.5,3985,1.0,0.05,0.6,external_balanced_oracle,False,,,0.0,True,NA,False,False,False,True
learning_curve|Bios|seed=6|fraction=0.5|gamma=1|tau=0.05|lambda=0.7,learning_curve,Bios,6,0.5,3985,1.0,0.05,0.7,always_deploy_balanced,True,TaCo::components_removed=5,TaCo,0.0,True,False,True,False,False,True
learning_curve|Bios|seed=6|fraction=0.5|gamma=1|tau=0.05|lambda=0.7,learning_curve,Bios,6,0.5,3985,1.0,0.05,0.7,point_selection_balanced,False,,,0.0,True,NA,False,False,False,True
learning_curve|Bios|seed=6|fraction=0.5|gamma=1|tau=0.05|lambda=0.7,learning_curve,Bios,6,0.5,3985,1.0,0.05,0.7,vera_balanced_iut,False,,,0.0,True,NA,False,False,False,True
learning_curve|Bios|seed=6|fraction=0.5|gamma=1|tau=0.05|lambda=0.7,learning_curve,Bios,6,0.5,3985,1.0,0.05,0.7,vera_balanced_envelope,False,,,0.0,True,NA,False,False,False,True
learning_curve|Bios|seed=6|fraction=0.5|gamma=1|tau=0.05|lambda=0.7,learning_curve,Bios,6,0.5,3985,1.0,0.05,0.7,external_balanced_oracle,False,,,0.0,True,NA,False,False,False,True
learning_curve|Bios|seed=6|fraction=0.5|gamma=1|tau=0.05|lambda=0.8,learning_curve,Bios,6,0.5,3985,1.0,0.05,0.8,always_deploy_balanced,True,TaCo::components_removed=5,TaCo,0.0,True,False,True,False,False,True
learning_curve|Bios|seed=6|fraction=0.5|gamma=1|tau=0.05|lambda=0.8,learning_curve,Bios,6,0.5,3985,1.0,0.05,0.8,point_selection_balanced,False,,,0.0,True,NA,False,False,False,True
learning_curve|Bios|seed=6|fraction=0.5|gamma=1|tau=0.05|lambda=0.8,learning_curve,Bios,6,0.5,3985,1.0,0.05,0.8,vera_balanced_iut,False,,,0.0,True,NA,False,False,False,True
learning_curve|Bios|seed=6|fraction=0.5|gamma=1|tau=0.05|lambda=0.8,learning_curve,Bios,6,0.5,3985,1.0,0.05,0.8,vera_balanced_envelope,False,,,0.0,True,NA,False,False,False,True
learning_curve|Bios|seed=6|fraction=0.5|gamma=1|tau=0.05|lambda=0.8,learning_curve,Bios,6,0.5,3985,1.0,0.05,0.8,external_balanced_oracle,False,,,0.0,True,NA,False,False,False,True
learning_curve|Bios|seed=6|fraction=0.5|gamma=1|tau=0.1|lambda=0.6,learning_curve,Bios,6,0.5,3985,1.0,0.1,0.6,always_deploy_balanced,True,TaCo::components_removed=5,TaCo,0.0,True,False,True,False,False,True
learning_curve|Bios|seed=6|fraction=0.5|gamma=1|tau=0.1|lambda=0.6,learning_curve,Bios,6,0.5,3985,1.0,0.1,0.6,point_selection_balanced,False,,,0.0,True,NA,False,False,False,True
learning_curve|Bios|seed=6|fraction=0.5|gamma=1|tau=0.1|lambda=0.6,learning_curve,Bios,6,0.5,3985,1.0,0.1,0.6,vera_balanced_iut,False,,,0.0,True,NA,False,False,False,True
learning_curve|Bios|seed=6|fraction=0.5|gamma=1|tau=0.1|lambda=0.6,learning_curve,Bios,6,0.5,3985,1.0,0.1,0.6,vera_balanced_envelope,False,,,0.0,True,NA,False,False,False,True
learning_curve|Bios|seed=6|fraction=0.5|gamma=1|tau=0.1|lambda=0.6,learning_curve,Bios,6,0.5,3985,1.0,0.1,0.6,external_balanced_oracle,False,,,0.0,True,NA,False,False,False,True
learning_curve|Bios|seed=6|fraction=0.5|gamma=1|tau=0.1|lambda=0.7,learning_curve,Bios,6,0.5,3985,1.0,0.1,0.7,always_deploy_balanced,True,TaCo::components_removed=5,TaCo,0.0,True,False,True,False,False,True
learning_curve|Bios|seed=6|fraction=0.5|gamma=1|tau=0.1|lambda=0.7,learning_curve,Bios,6,0.5,3985,1.0,0.1,0.7,point_selection_balanced,False,,,0.0,True,NA,False,False,False,True
learning_curve|Bios|seed=6|fraction=0.5|gamma=1|tau=0.1|lambda=0.7,learning_curve,Bios,6,0.5,3985,1.0,0.1,0.7,vera_balanced_iut,False,,,0.0,True,NA,False,False,False,True
learning_curve|Bios|seed=6|fraction=0.5|gamma=1|tau=0.1|lambda=0.7,learning_curve,Bios,6,0.5,3985,1.0,0.1,0.7,vera_balanced_envelope,False,,,0.0,True,NA,False,False,False,True
learning_curve|Bios|seed=6|fraction=0.5|gamma=1|tau=0.1|lambda=0.7,learning_curve,Bios,6,0.5,3985,1.0,0.1,0.7,external_balanced_oracle,False,,,0.0,True,NA,False,False,False,True
learning_curve|Bios|seed=6|fraction=0.5|gamma=1|tau=0.1|lambda=0.8,learning_curve,Bios,6,0.5,3985,1.0,0.1,0.8,always_deploy_balanced,True,TaCo::components_removed=5,TaCo,0.0,True,False,True,False,False,True
learning_curve|Bios|seed=6|fraction=0.5|gamma=1|tau=0.1|lambda=0.8,learning_curve,Bios,6,0.5,3985,1.0,0.1,0.8,point_selection_balanced,False,,,0.0,True,NA,False,False,False,True
learning_curve|Bios|seed=6|fraction=0.5|gamma=1|tau=0.1|lambda=0.8,learning_curve,Bios,6,0.5,3985,1.0,0.1,0.8,vera_balanced_iut,False,,,0.0,True,NA,False,False,False,True
learning_curve|Bios|seed=6|fraction=0.5|gamma=1|tau=0.1|lambda=0.8,learning_curve,Bios,6,0.5,3985,1.0,0.1,0.8,vera_balanced_envelope,False,,,0.0,True,NA,False,False,False,True
learning_curve|Bios|seed=6|fraction=0.5|gamma=1|tau=0.1|lambda=0.8,learning_curve,Bios,6,0.5,3985,1.0,0.1,0.8,external_balanced_oracle,False,,,0.0,True,NA,False,False,False,True
learning_curve|Bios|seed=6|fraction=0.5|gamma=1|tau=0.2|lambda=0.6,learning_curve,Bios,6,0.5,3985,1.0,0.2,0.6,always_deploy_balanced,True,TaCo::components_removed=5,TaCo,0.0,True,False,True,False,False,True
learning_curve|Bios|seed=6|fraction=0.5|gamma=1|tau=0.2|lambda=0.6,learning_curve,Bios,6,0.5,3985,1.0,0.2,0.6,point_selection_balanced,False,,,0.0,True,NA,False,False,False,True
learning_curve|Bios|seed=6|fraction=0.5|gamma=1|tau=0.2|lambda=0.6,learning_curve,Bios,6,0.5,3985,1.0,0.2,0.6,vera_balanced_iut,False,,,0.0,True,NA,False,False,False,True
learning_curve|Bios|seed=6|fraction=0.5|gamma=1|tau=0.2|lambda=0.6,learning_curve,Bios,6,0.5,3985,1.0,0.2,0.6,vera_balanced_envelope,False,,,0.0,True,NA,False,False,False,True
learning_curve|Bios|seed=6|fraction=0.5|gamma=1|tau=0.2|lambda=0.6,learning_curve,Bios,6,0.5,3985,1.0,0.2,0.6,external_balanced_oracle,False,,,0.0,True,NA,False,False,False,True
learning_curve|Bios|seed=6|fraction=0.5|gamma=1|tau=0.2|lambda=0.7,learning_curve,Bios,6,0.5,3985,1.0,0.2,0.7,always_deploy_balanced,True,TaCo::components_removed=5,TaCo,0.0,True,False,True,False,False,True
learning_curve|Bios|seed=6|fraction=0.5|gamma=1|tau=0.2|lambda=0.7,learning_curve,Bios,6,0.5,3985,1.0,0.2,0.7,point_selection_balanced,False,,,0.0,True,NA,False,False,False,True
learning_curve|Bios|seed=6|fraction=0.5|gamma=1|tau=0.2|lambda=0.7,learning_curve,Bios,6,0.5,3985,1.0,0.2,0.7,vera_balanced_iut,False,,,0.0,True,NA,False,False,False,True
learning_curve|Bios|seed=6|fraction=0.5|gamma=1|tau=0.2|lambda=0.7,learning_curve,Bios,6,0.5,3985,1.0,0.2,0.7,vera_balanced_envelope,False,,,0.0,True,NA,False,False,False,True
learning_curve|Bios|seed=6|fraction=0.5|gamma=1|tau=0.2|lambda=0.7,learning_curve,Bios,6,0.5,3985,1.0,0.2,0.7,external_balanced_oracle,False,,,0.0,True,NA,False,False,False,True
learning_curve|Bios|seed=6|fraction=0.5|gamma=1|tau=0.2|lambda=0.8,learning_curve,Bios,6,0.5,3985,1.0,0.2,0.8,always_deploy_balanced,True,TaCo::components_removed=5,TaCo,0.0,True,True,False,False,False,True
learning_curve|Bios|seed=6|fraction=0.5|gamma=1|tau=0.2|lambda=0.8,learning_curve,Bios,6,0.5,3985,1.0,0.2,0.8,point_selection_balanced,False,,,0.0,True,NA,False,False,False,True
learning_curve|Bios|seed=6|fraction=0.5|gamma=1|tau=0.2|lambda=0.8,learning_curve,Bios,6,0.5,3985,1.0,0.2,0.8,vera_balanced_iut,False,,,0.0,True,NA,False,False,False,True
learning_curve|Bios|seed=6|fraction=0.5|gamma=1|tau=0.2|lambda=0.8,learning_curve,Bios,6,0.5,3985,1.0,0.2,0.8,vera_balanced_envelope,False,,,0.0,True,NA,False,False,False,True
learning_curve|Bios|seed=6|fraction=0.5|gamma=1|tau=0.2|lambda=0.8,learning_curve,Bios,6,0.5,3985,1.0,0.2,0.8,external_balanced_oracle,True,TaCo::components_removed=5,TaCo,0.0,True,True,False,False,False,True
primary|Bios|seed=6|fraction=1|gamma=1|tau=0.05|lambda=0.6,primary,Bios,6,1.0,8000,1.0,0.05,0.6,always_deploy_balanced,True,TaCo::components_removed=5,TaCo,0.0,True,False,True,False,False,True
primary|Bios|seed=6|fraction=1|gamma=1|tau=0.05|lambda=0.6,primary,Bios,6,1.0,8000,1.0,0.05,0.6,point_selection_balanced,False,,,0.0,True,NA,False,False,False,True
primary|Bios|seed=6|fraction=1|gamma=1|tau=0.05|lambda=0.6,primary,Bios,6,1.0,8000,1.0,0.05,0.6,vera_balanced_iut,False,,,0.0,True,NA,False,False,False,True
primary|Bios|seed=6|fraction=1|gamma=1|tau=0.05|lambda=0.6,primary,Bios,6,1.0,8000,1.0,0.05,0.6,vera_balanced_envelope,False,,,0.0,True,NA,False,False,False,True
primary|Bios|seed=6|fraction=1|gamma=1|tau=0.05|lambda=0.6,primary,Bios,6,1.0,8000,1.0,0.05,0.6,external_balanced_oracle,False,,,0.0,True,NA,False,False,False,True
primary|Bios|seed=6|fraction=1|gamma=1|tau=0.05|lambda=0.7,primary,Bios,6,1.0,8000,1.0,0.05,0.7,always_deploy_balanced,True,TaCo::components_removed=5,TaCo,0.0,True,False,True,False,False,True
primary|Bios|seed=6|fraction=1|gamma=1|tau=0.05|lambda=0.7,primary,Bios,6,1.0,8000,1.0,0.05,0.7,point_selection_balanced,False,,,0.0,True,NA,False,False,False,True
primary|Bios|seed=6|fraction=1|gamma=1|tau=0.05|lambda=0.7,primary,Bios,6,1.0,8000,1.0,0.05,0.7,vera_balanced_iut,False,,,0.0,True,NA,False,False,False,True
primary|Bios|seed=6|fraction=1|gamma=1|tau=0.05|lambda=0.7,primary,Bios,6,1.0,8000,1.0,0.05,0.7,vera_balanced_envelope,False,,,0.0,True,NA,False,False,False,True
primary|Bios|seed=6|fraction=1|gamma=1|tau=0.05|lambda=0.7,primary,Bios,6,1.0,8000,1.0,0.05,0.7,external_balanced_oracle,False,,,0.0,True,NA,False,False,False,True
primary|Bios|seed=6|fraction=1|gamma=1|tau=0.05|lambda=0.8,primary,Bios,6,1.0,8000,1.0,0.05,0.8,always_deploy_balanced,True,TaCo::components_removed=5,TaCo,0.0,True,False,True,False,False,True
primary|Bios|seed=6|fraction=1|gamma=1|tau=0.05|lambda=0.8,primary,Bios,6,1.0,8000,1.0,0.05,0.8,point_selection_balanced,False,,,0.0,True,NA,False,False,False,True
primary|Bios|seed=6|fraction=1|gamma=1|tau=0.05|lambda=0.8,primary,Bios,6,1.0,8000,1.0,0.05,0.8,vera_balanced_iut,False,,,0.0,True,NA,False,False,False,True
primary|Bios|seed=6|fraction=1|gamma=1|tau=0.05|lambda=0.8,primary,Bios,6,1.0,8000,1.0,0.05,0.8,vera_balanced_envelope,False,,,0.0,True,NA,False,False,False,True
primary|Bios|seed=6|fraction=1|gamma=1|tau=0.05|lambda=0.8,primary,Bios,6,1.0,8000,1.0,0.05,0.8,external_balanced_oracle,False,,,0.0,True,NA,False,False,False,True
primary|Bios|seed=6|fraction=1|gamma=1|tau=0.1|lambda=0.6,primary,Bios,6,1.0,8000,1.0,0.1,0.6,always_deploy_balanced,True,TaCo::components_removed=5,TaCo,0.0,True,False,True,False,False,True
primary|Bios|seed=6|fraction=1|gamma=1|tau=0.1|lambda=0.6,primary,Bios,6,1.0,8000,1.0,0.1,0.6,point_selection_balanced,False,,,0.0,True,NA,False,False,False,True
primary|Bios|seed=6|fraction=1|gamma=1|tau=0.1|lambda=0.6,primary,Bios,6,1.0,8000,1.0,0.1,0.6,vera_balanced_iut,False,,,0.0,True,NA,False,False,False,True
primary|Bios|seed=6|fraction=1|gamma=1|tau=0.1|lambda=0.6,primary,Bios,6,1.0,8000,1.0,0.1,0.6,vera_balanced_envelope,False,,,0.0,True,NA,False,False,False,True
primary|Bios|seed=6|fraction=1|gamma=1|tau=0.1|lambda=0.6,primary,Bios,6,1.0,8000,1.0,0.1,0.6,external_balanced_oracle,False,,,0.0,True,NA,False,False,False,True
primary|Bios|seed=6|fraction=1|gamma=1|tau=0.1|lambda=0.7,primary,Bios,6,1.0,8000,1.0,0.1,0.7,always_deploy_balanced,True,TaCo::components_removed=5,TaCo,0.0,True,False,True,False,False,True
primary|Bios|seed=6|fraction=1|gamma=1|tau=0.1|lambda=0.7,primary,Bios,6,1.0,8000,1.0,0.1,0.7,point_selection_balanced,False,,,0.0,True,NA,False,False,False,True
primary|Bios|seed=6|fraction=1|gamma=1|tau=0.1|lambda=0.7,primary,Bios,6,1.0,8000,1.0,0.1,0.7,vera_balanced_iut,False,,,0.0,True,NA,False,False,False,True
primary|Bios|seed=6|fraction=1|gamma=1|tau=0.1|lambda=0.7,primary,Bios,6,1.0,8000,1.0,0.1,0.7,vera_balanced_envelope,False,,,0.0,True,NA,False,False,False,True
primary|Bios|seed=6|fraction=1|gamma=1|tau=0.1|lambda=0.7,primary,Bios,6,1.0,8000,1.0,0.1,0.7,external_balanced_oracle,False,,,0.0,True,NA,False,False,False,True
primary|Bios|seed=6|fraction=1|gamma=1|tau=0.1|lambda=0.8,primary,Bios,6,1.0,8000,1.0,0.1,0.8,always_deploy_balanced,True,TaCo::components_removed=5,TaCo,0.0,True,False,True,False,False,True
primary|Bios|seed=6|fraction=1|gamma=1|tau=0.1|lambda=0.8,primary,Bios,6,1.0,8000,1.0,0.1,0.8,point_selection_balanced,False,,,0.0,True,NA,False,False,False,True
primary|Bios|seed=6|fraction=1|gamma=1|tau=0.1|lambda=0.8,primary,Bios,6,1.0,8000,1.0,0.1,0.8,vera_balanced_iut,False,,,0.0,True,NA,False,False,False,True
primary|Bios|seed=6|fraction=1|gamma=1|tau=0.1|lambda=0.8,primary,Bios,6,1.0,8000,1.0,0.1,0.8,vera_balanced_envelope,False,,,0.0,True,NA,False,False,False,True
primary|Bios|seed=6|fraction=1|gamma=1|tau=0.1|lambda=0.8,primary,Bios,6,1.0,8000,1.0,0.1,0.8,external_balanced_oracle,False,,,0.0,True,NA,False,False,False,True
primary|Bios|seed=6|fraction=1|gamma=1|tau=0.2|lambda=0.6,primary,Bios,6,1.0,8000,1.0,0.2,0.6,always_deploy_balanced,True,TaCo::components_removed=5,TaCo,0.0,True,False,True,False,False,True
primary|Bios|seed=6|fraction=1|gamma=1|tau=0.2|lambda=0.6,primary,Bios,6,1.0,8000,1.0,0.2,0.6,point_selection_balanced,False,,,0.0,True,NA,False,False,False,True
primary|Bios|seed=6|fraction=1|gamma=1|tau=0.2|lambda=0.6,primary,Bios,6,1.0,8000,1.0,0.2,0.6,vera_balanced_iut,False,,,0.0,True,NA,False,False,False,True
primary|Bios|seed=6|fraction=1|gamma=1|tau=0.2|lambda=0.6,primary,Bios,6,1.0,8000,1.0,0.2,0.6,vera_balanced_envelope,False,,,0.0,True,NA,False,False,False,True
primary|Bios|seed=6|fraction=1|gamma=1|tau=0.2|lambda=0.6,primary,Bios,6,1.0,8000,1.0,0.2,0.6,external_balanced_oracle,False,,,0.0,True,NA,False,False,False,True
primary|Bios|seed=6|fraction=1|gamma=1|tau=0.2|lambda=0.7,primary,Bios,6,1.0,8000,1.0,0.2,0.7,always_deploy_balanced,True,TaCo::components_removed=5,TaCo,0.0,True,False,True,False,False,True
primary|Bios|seed=6|fraction=1|gamma=1|tau=0.2|lambda=0.7,primary,Bios,6,1.0,8000,1.0,0.2,0.7,point_selection_balanced,False,,,0.0,True,NA,False,False,False,True
primary|Bios|seed=6|fraction=1|gamma=1|tau=0.2|lambda=0.7,primary,Bios,6,1.0,8000,1.0,0.2,0.7,vera_balanced_iut,False,,,0.0,True,NA,False,False,False,True
primary|Bios|seed=6|fraction=1|gamma=1|tau=0.2|lambda=0.7,primary,Bios,6,1.0,8000,1.0,0.2,0.7,vera_balanced_envelope,False,,,0.0,True,NA,False,False,False,True
primary|Bios|seed=6|fraction=1|gamma=1|tau=0.2|lambda=0.7,primary,Bios,6,1.0,8000,1.0,0.2,0.7,external_balanced_oracle,False,,,0.0,True,NA,False,False,False,True
primary|Bios|seed=6|fraction=1|gamma=1|tau=0.2|lambda=0.8,primary,Bios,6,1.0,8000,1.0,0.2,0.8,always_deploy_balanced,True,TaCo::components_removed=5,TaCo,0.0,True,True,False,False,False,True
primary|Bios|seed=6|fraction=1|gamma=1|tau=0.2|lambda=0.8,primary,Bios,6,1.0,8000,1.0,0.2,0.8,point_selection_balanced,False,,,0.0,True,NA,False,False,False,True
primary|Bios|seed=6|fraction=1|gamma=1|tau=0.2|lambda=0.8,primary,Bios,6,1.0,8000,1.0,0.2,0.8,vera_balanced_iut,False,,,0.0,True,NA,False,False,False,True
primary|Bios|seed=6|fraction=1|gamma=1|tau=0.2|lambda=0.8,primary,Bios,6,1.0,8000,1.0,0.2,0.8,vera_balanced_envelope,False,,,0.0,True,NA,False,False,False,True
primary|Bios|seed=6|fraction=1|gamma=1|tau=0.2|lambda=0.8,primary,Bios,6,1.0,8000,1.0,0.2,0.8,external_balanced_oracle,True,TaCo::components_removed=5,TaCo,0.0,True,True,False,False,False,True
shifted_sensitivity|Bios|seed=6|fraction=1|gamma=1.01|tau=0.05|lambda=0.6,shifted_sensitivity,Bios,6,1.0,8000,1.01,0.05,0.6,always_deploy_balanced,True,TaCo::components_removed=5,TaCo,0.0,True,False,True,False,False,True
shifted_sensitivity|Bios|seed=6|fraction=1|gamma=1.01|tau=0.05|lambda=0.6,shifted_sensitivity,Bios,6,1.0,8000,1.01,0.05,0.6,point_selection_balanced,False,,,0.0,True,NA,False,False,False,True
shifted_sensitivity|Bios|seed=6|fraction=1|gamma=1.01|tau=0.05|lambda=0.6,shifted_sensitivity,Bios,6,1.0,8000,1.01,0.05,0.6,vera_balanced_iut,False,,,0.0,True,NA,False,False,False,True
shifted_sensitivity|Bios|seed=6|fraction=1|gamma=1.01|tau=0.05|lambda=0.6,shifted_sensitivity,Bios,6,1.0,8000,1.01,0.05,0.6,vera_balanced_envelope,False,,,0.0,True,NA,False,False,False,True
shifted_sensitivity|Bios|seed=6|fraction=1|gamma=1.01|tau=0.05|lambda=0.6,shifted_sensitivity,Bios,6,1.0,8000,1.01,0.05,0.6,external_balanced_oracle,False,,,0.0,True,NA,False,False,False,True
shifted_sensitivity|Bios|seed=6|fraction=1|gamma=1.01|tau=0.05|lambda=0.7,shifted_sensitivity,Bios,6,1.0,8000,1.01,0.05,0.7,always_deploy_balanced,True,TaCo::components_removed=5,TaCo,0.0,True,False,True,False,False,True
shifted_sensitivity|Bios|seed=6|fraction=1|gamma=1.01|tau=0.05|lambda=0.7,shifted_sensitivity,Bios,6,1.0,8000,1.01,0.05,0.7,point_selection_balanced,False,,,0.0,True,NA,False,False,False,True
shifted_sensitivity|Bios|seed=6|fraction=1|gamma=1.01|tau=0.05|lambda=0.7,shifted_sensitivity,Bios,6,1.0,8000,1.01,0.05,0.7,vera_balanced_iut,False,,,0.0,True,NA,False,False,False,True
shifted_sensitivity|Bios|seed=6|fraction=1|gamma=1.01|tau=0.05|lambda=0.7,shifted_sensitivity,Bios,6,1.0,8000,1.01,0.05,0.7,vera_balanced_envelope,False,,,0.0,True,NA,False,False,False,True
shifted_sensitivity|Bios|seed=6|fraction=1|gamma=1.01|tau=0.05|lambda=0.7,shifted_sensitivity,Bios,6,1.0,8000,1.01,0.05,0.7,external_balanced_oracle,False,,,0.0,True,NA,False,False,False,True
shifted_sensitivity|Bios|seed=6|fraction=1|gamma=1.01|tau=0.05|lambda=0.8,shifted_sensitivity,Bios,6,1.0,8000,1.01,0.05,0.8,always_deploy_balanced,True,TaCo::components_removed=5,TaCo,0.0,True,False,True,False,False,True
shifted_sensitivity|Bios|seed=6|fraction=1|gamma=1.01|tau=0.05|lambda=0.8,shifted_sensitivity,Bios,6,1.0,8000,1.01,0.05,0.8,point_selection_balanced,False,,,0.0,True,NA,False,False,False,True
shifted_sensitivity|Bios|seed=6|fraction=1|gamma=1.01|tau=0.05|lambda=0.8,shifted_sensitivity,Bios,6,1.0,8000,1.01,0.05,0.8,vera_balanced_iut,False,,,0.0,True,NA,False,False,False,True
shifted_sensitivity|Bios|seed=6|fraction=1|gamma=1.01|tau=0.05|lambda=0.8,shifted_sensitivity,Bios,6,1.0,8000,1.01,0.05,0.8,vera_balanced_envelope,False,,,0.0,True,NA,False,False,False,True
shifted_sensitivity|Bios|seed=6|fraction=1|gamma=1.01|tau=0.05|lambda=0.8,shifted_sensitivity,Bios,6,1.0,8000,1.01,0.05,0.8,external_balanced_oracle,False,,,0.0,True,NA,False,False,False,True
shifted_sensitivity|Bios|seed=6|fraction=1|gamma=1.01|tau=0.1|lambda=0.6,shifted_sensitivity,Bios,6,1.0,8000,1.01,0.1,0.6,always_deploy_balanced,True,TaCo::components_removed=5,TaCo,0.0,True,False,True,False,False,True
shifted_sensitivity|Bios|seed=6|fraction=1|gamma=1.01|tau=0.1|lambda=0.6,shifted_sensitivity,Bios,6,1.0,8000,1.01,0.1,0.6,point_selection_balanced,False,,,0.0,True,NA,False,False,False,True
shifted_sensitivity|Bios|seed=6|fraction=1|gamma=1.01|tau=0.1|lambda=0.6,shifted_sensitivity,Bios,6,1.0,8000,1.01,0.1,0.6,vera_balanced_iut,False,,,0.0,True,NA,False,False,False,True
shifted_sensitivity|Bios|seed=6|fraction=1|gamma=1.01|tau=0.1|lambda=0.6,shifted_sensitivity,Bios,6,1.0,8000,1.01,0.1,0.6,vera_balanced_envelope,False,,,0.0,True,NA,False,False,False,True
shifted_sensitivity|Bios|seed=6|fraction=1|gamma=1.01|tau=0.1|lambda=0.6,shifted_sensitivity,Bios,6,1.0,8000,1.01,0.1,0.6,external_balanced_oracle,False,,,0.0,True,NA,False,False,False,True
shifted_sensitivity|Bios|seed=6|fraction=1|gamma=1.01|tau=0.1|lambda=0.7,shifted_sensitivity,Bios,6,1.0,8000,1.01,0.1,0.7,always_deploy_balanced,True,TaCo::components_removed=5,TaCo,0.0,True,False,True,False,False,True
shifted_sensitivity|Bios|seed=6|fraction=1|gamma=1.01|tau=0.1|lambda=0.7,shifted_sensitivity,Bios,6,1.0,8000,1.01,0.1,0.7,point_selection_balanced,False,,,0.0,True,NA,False,False,False,True
shifted_sensitivity|Bios|seed=6|fraction=1|gamma=1.01|tau=0.1|lambda=0.7,shifted_sensitivity,Bios,6,1.0,8000,1.01,0.1,0.7,vera_balanced_iut,False,,,0.0,True,NA,False,False,False,True
shifted_sensitivity|Bios|seed=6|fraction=1|gamma=1.01|tau=0.1|lambda=0.7,shifted_sensitivity,Bios,6,1.0,8000,1.01,0.1,0.7,vera_balanced_envelope,False,,,0.0,True,NA,False,False,False,True
shifted_sensitivity|Bios|seed=6|fraction=1|gamma=1.01|tau=0.1|lambda=0.7,shifted_sensitivity,Bios,6,1.0,8000,1.01,0.1,0.7,external_balanced_oracle,False,,,0.0,True,NA,False,False,False,True
shifted_sensitivity|Bios|seed=6|fraction=1|gamma=1.01|tau=0.1|lambda=0.8,shifted_sensitivity,Bios,6,1.0,8000,1.01,0.1,0.8,always_deploy_balanced,True,TaCo::components_removed=5,TaCo,0.0,True,False,True,False,False,True
shifted_sensitivity|Bios|seed=6|fraction=1|gamma=1.01|tau=0.1|lambda=0.8,shifted_sensitivity,Bios,6,1.0,8000,1.01,0.1,0.8,point_selection_balanced,False,,,0.0,True,NA,False,False,False,True
shifted_sensitivity|Bios|seed=6|fraction=1|gamma=1.01|tau=0.1|lambda=0.8,shifted_sensitivity,Bios,6,1.0,8000,1.01,0.1,0.8,vera_balanced_iut,False,,,0.0,True,NA,False,False,False,True
shifted_sensitivity|Bios|seed=6|fraction=1|gamma=1.01|tau=0.1|lambda=0.8,shifted_sensitivity,Bios,6,1.0,8000,1.01,0.1,0.8,vera_balanced_envelope,False,,,0.0,True,NA,False,False,False,True
shifted_sensitivity|Bios|seed=6|fraction=1|gamma=1.01|tau=0.1|lambda=0.8,shifted_sensitivity,Bios,6,1.0,8000,1.01,0.1,0.8,external_balanced_oracle,False,,,0.0,True,NA,False,False,False,True
shifted_sensitivity|Bios|seed=6|fraction=1|gamma=1.01|tau=0.2|lambda=0.6,shifted_sensitivity,Bios,6,1.0,8000,1.01,0.2,0.6,always_deploy_balanced,True,TaCo::components_removed=5,TaCo,0.0,True,False,True,False,False,True
shifted_sensitivity|Bios|seed=6|fraction=1|gamma=1.01|tau=0.2|lambda=0.6,shifted_sensitivity,Bios,6,1.0,8000,1.01,0.2,0.6,point_selection_balanced,False,,,0.0,True,NA,False,False,False,True
shifted_sensitivity|Bios|seed=6|fraction=1|gamma=1.01|tau=0.2|lambda=0.6,shifted_sensitivity,Bios,6,1.0,8000,1.01,0.2,0.6,vera_balanced_iut,False,,,0.0,True,NA,False,False,False,True
shifted_sensitivity|Bios|seed=6|fraction=1|gamma=1.01|tau=0.2|lambda=0.6,shifted_sensitivity,Bios,6,1.0,8000,1.01,0.2,0.6,vera_balanced_envelope,False,,,0.0,True,NA,False,False,False,True
shifted_sensitivity|Bios|seed=6|fraction=1|gamma=1.01|tau=0.2|lambda=0.6,shifted_sensitivity,Bios,6,1.0,8000,1.01,0.2,0.6,external_balanced_oracle,False,,,0.0,True,NA,False,False,False,True
shifted_sensitivity|Bios|seed=6|fraction=1|gamma=1.01|tau=0.2|lambda=0.7,shifted_sensitivity,Bios,6,1.0,8000,1.01,0.2,0.7,always_deploy_balanced,True,TaCo::components_removed=5,TaCo,0.0,True,False,True,False,False,True
shifted_sensitivity|Bios|seed=6|fraction=1|gamma=1.01|tau=0.2|lambda=0.7,shifted_sensitivity,Bios,6,1.0,8000,1.01,0.2,0.7,point_selection_balanced,False,,,0.0,True,NA,False,False,False,True
shifted_sensitivity|Bios|seed=6|fraction=1|gamma=1.01|tau=0.2|lambda=0.7,shifted_sensitivity,Bios,6,1.0,8000,1.01,0.2,0.7,vera_balanced_iut,False,,,0.0,True,NA,False,False,False,True
shifted_sensitivity|Bios|seed=6|fraction=1|gamma=1.01|tau=0.2|lambda=0.7,shifted_sensitivity,Bios,6,1.0,8000,1.01,0.2,0.7,vera_balanced_envelope,False,,,0.0,True,NA,False,False,False,True
shifted_sensitivity|Bios|seed=6|fraction=1|gamma=1.01|tau=0.2|lambda=0.7,shifted_sensitivity,Bios,6,1.0,8000,1.01,0.2,0.7,external_balanced_oracle,False,,,0.0,True,NA,False,False,False,True
shifted_sensitivity|Bios|seed=6|fraction=1|gamma=1.01|tau=0.2|lambda=0.8,shifted_sensitivity,Bios,6,1.0,8000,1.01,0.2,0.8,always_deploy_balanced,True,TaCo::components_removed=5,TaCo,0.0,True,True,False,False,False,True
shifted_sensitivity|Bios|seed=6|fraction=1|gamma=1.01|tau=0.2|lambda=0.8,shifted_sensitivity,Bios,6,1.0,8000,1.01,0.2,0.8,point_selection_balanced,False,,,0.0,True,NA,False,False,False,True
shifted_sensitivity|Bios|seed=6|fraction=1|gamma=1.01|tau=0.2|lambda=0.8,shifted_sensitivity,Bios,6,1.0,8000,1.01,0.2,0.8,vera_balanced_iut,False,,,0.0,True,NA,False,False,False,True
shifted_sensitivity|Bios|seed=6|fraction=1|gamma=1.01|tau=0.2|lambda=0.8,shifted_sensitivity,Bios,6,1.0,8000,1.01,0.2,0.8,vera_balanced_envelope,False,,,0.0,True,NA,False,False,False,True
shifted_sensitivity|Bios|seed=6|fraction=1|gamma=1.01|tau=0.2|lambda=0.8,shifted_sensitivity,Bios,6,1.0,8000,1.01,0.2,0.8,external_balanced_oracle,True,TaCo::components_removed=5,TaCo,0.0,True,True,False,False,False,True
learning_curve|Bios|seed=7|fraction=0.05|gamma=1|tau=0.05|lambda=0.6,learning_curve,Bios,7,0.05,386,1.0,0.05,0.6,always_deploy_balanced,True,TaCo::components_removed=5,TaCo,0.0,True,False,True,False,False,True
learning_curve|Bios|seed=7|fraction=0.05|gamma=1|tau=0.05|lambda=0.6,learning_curve,Bios,7,0.05,386,1.0,0.05,0.6,point_selection_balanced,False,,,0.0,True,NA,False,False,False,True
learning_curve|Bios|seed=7|fraction=0.05|gamma=1|tau=0.05|lambda=0.6,learning_curve,Bios,7,0.05,386,1.0,0.05,0.6,vera_balanced_iut,False,,,0.0,True,NA,False,False,False,True
learning_curve|Bios|seed=7|fraction=0.05|gamma=1|tau=0.05|lambda=0.6,learning_curve,Bios,7,0.05,386,1.0,0.05,0.6,vera_balanced_envelope,False,,,0.0,True,NA,False,False,False,True
learning_curve|Bios|seed=7|fraction=0.05|gamma=1|tau=0.05|lambda=0.6,learning_curve,Bios,7,0.05,386,1.0,0.05,0.6,external_balanced_oracle,False,,,0.0,True,NA,False,False,False,True
learning_curve|Bios|seed=7|fraction=0.05|gamma=1|tau=0.05|lambda=0.7,learning_curve,Bios,7,0.05,386,1.0,0.05,0.7,always_deploy_balanced,True,TaCo::components_removed=5,TaCo,0.0,True,False,True,False,False,True
learning_curve|Bios|seed=7|fraction=0.05|gamma=1|tau=0.05|lambda=0.7,learning_curve,Bios,7,0.05,386,1.0,0.05,0.7,point_selection_balanced,False,,,0.0,True,NA,False,False,False,True
learning_curve|Bios|seed=7|fraction=0.05|gamma=1|tau=0.05|lambda=0.7,learning_curve,Bios,7,0.05,386,1.0,0.05,0.7,vera_balanced_iut,False,,,0.0,True,NA,False,False,False,True
learning_curve|Bios|seed=7|fraction=0.05|gamma=1|tau=0.05|lambda=0.7,learning_curve,Bios,7,0.05,386,1.0,0.05,0.7,vera_balanced_envelope,False,,,0.0,True,NA,False,False,False,True
learning_curve|Bios|seed=7|fraction=0.05|gamma=1|tau=0.05|lambda=0.7,learning_curve,Bios,7,0.05,386,1.0,0.05,0.7,external_balanced_oracle,False,,,0.0,True,NA,False,False,False,True
learning_curve|Bios|seed=7|fraction=0.05|gamma=1|tau=0.05|lambda=0.8,learning_curve,Bios,7,0.05,386,1.0,0.05,0.8,always_deploy_balanced,True,TaCo::components_removed=5,TaCo,0.0,True,False,True,False,False,True
learning_curve|Bios|seed=7|fraction=0.05|gamma=1|tau=0.05|lambda=0.8,learning_curve,Bios,7,0.05,386,1.0,0.05,0.8,point_selection_balanced,False,,,0.0,True,NA,False,False,False,True
learning_curve|Bios|seed=7|fraction=0.05|gamma=1|tau=0.05|lambda=0.8,learning_curve,Bios,7,0.05,386,1.0,0.05,0.8,vera_balanced_iut,False,,,0.0,True,NA,False,False,False,True
learning_curve|Bios|seed=7|fraction=0.05|gamma=1|tau=0.05|lambda=0.8,learning_curve,Bios,7,0.05,386,1.0,0.05,0.8,vera_balanced_envelope,False,,,0.0,True,NA,False,False,False,True
learning_curve|Bios|seed=7|fraction=0.05|gamma=1|tau=0.05|lambda=0.8,learning_curve,Bios,7,0.05,386,1.0,0.05,0.8,external_balanced_oracle,False,,,0.0,True,NA,False,False,False,True
learning_curve|Bios|seed=7|fraction=0.05|gamma=1|tau=0.1|lambda=0.6,learning_curve,Bios,7,0.05,386,1.0,0.1,0.6,always_deploy_balanced,True,TaCo::components_removed=5,TaCo,0.0,True,False,True,False,False,True
learning_curve|Bios|seed=7|fraction=0.05|gamma=1|tau=0.1|lambda=0.6,learning_curve,Bios,7,0.05,386,1.0,0.1,0.6,point_selection_balanced,False,,,0.0,True,NA,False,False,False,True
learning_curve|Bios|seed=7|fraction=0.05|gamma=1|tau=0.1|lambda=0.6,learning_curve,Bios,7,0.05,386,1.0,0.1,0.6,vera_balanced_iut,False,,,0.0,True,NA,False,False,False,True
learning_curve|Bios|seed=7|fraction=0.05|gamma=1|tau=0.1|lambda=0.6,learning_curve,Bios,7,0.05,386,1.0,0.1,0.6,vera_balanced_envelope,False,,,0.0,True,NA,False,False,False,True
learning_curve|Bios|seed=7|fraction=0.05|gamma=1|tau=0.1|lambda=0.6,learning_curve,Bios,7,0.05,386,1.0,0.1,0.6,external_balanced_oracle,False,,,0.0,True,NA,False,False,False,True
learning_curve|Bios|seed=7|fraction=0.05|gamma=1|tau=0.1|lambda=0.7,learning_curve,Bios,7,0.05,386,1.0,0.1,0.7,always_deploy_balanced,True,TaCo::components_removed=5,TaCo,0.0,True,False,True,False,False,True
learning_curve|Bios|seed=7|fraction=0.05|gamma=1|tau=0.1|lambda=0.7,learning_curve,Bios,7,0.05,386,1.0,0.1,0.7,point_selection_balanced,False,,,0.0,True,NA,False,False,False,True
learning_curve|Bios|seed=7|fraction=0.05|gamma=1|tau=0.1|lambda=0.7,learning_curve,Bios,7,0.05,386,1.0,0.1,0.7,vera_balanced_iut,False,,,0.0,True,NA,False,False,False,True
learning_curve|Bios|seed=7|fraction=0.05|gamma=1|tau=0.1|lambda=0.7,learning_curve,Bios,7,0.05,386,1.0,0.1,0.7,vera_balanced_envelope,False,,,0.0,True,NA,False,False,False,True
learning_curve|Bios|seed=7|fraction=0.05|gamma=1|tau=0.1|lambda=0.7,learning_curve,Bios,7,0.05,386,1.0,0.1,0.7,external_balanced_oracle,False,,,0.0,True,NA,False,False,False,True
learning_curve|Bios|seed=7|fraction=0.05|gamma=1|tau=0.1|lambda=0.8,learning_curve,Bios,7,0.05,386,1.0,0.1,0.8,always_deploy_balanced,True,TaCo::components_removed=5,TaCo,0.0,True,False,True,False,False,True
learning_curve|Bios|seed=7|fraction=0.05|gamma=1|tau=0.1|lambda=0.8,learning_curve,Bios,7,0.05,386,1.0,0.1,0.8,point_selection_balanced,False,,,0.0,True,NA,False,False,False,True
learning_curve|Bios|seed=7|fraction=0.05|gamma=1|tau=0.1|lambda=0.8,learning_curve,Bios,7,0.05,386,1.0,0.1,0.8,vera_balanced_iut,False,,,0.0,True,NA,False,False,False,True
learning_curve|Bios|seed=7|fraction=0.05|gamma=1|tau=0.1|lambda=0.8,learning_curve,Bios,7,0.05,386,1.0,0.1,0.8,vera_balanced_envelope,False,,,0.0,True,NA,False,False,False,True
learning_curve|Bios|seed=7|fraction=0.05|gamma=1|tau=0.1|lambda=0.8,learning_curve,Bios,7,0.05,386,1.0,0.1,0.8,external_balanced_oracle,False,,,0.0,True,NA,False,False,False,True
learning_curve|Bios|seed=7|fraction=0.05|gamma=1|tau=0.2|lambda=0.6,learning_curve,Bios,7,0.05,386,1.0,0.2,0.6,always_deploy_balanced,True,TaCo::components_removed=5,TaCo,0.0,True,False,True,False,False,True
learning_curve|Bios|seed=7|fraction=0.05|gamma=1|tau=0.2|lambda=0.6,learning_curve,Bios,7,0.05,386,1.0,0.2,0.6,point_selection_balanced,False,,,0.0,True,NA,False,False,False,True
learning_curve|Bios|seed=7|fraction=0.05|gamma=1|tau=0.2|lambda=0.6,learning_curve,Bios,7,0.05,386,1.0,0.2,0.6,vera_balanced_iut,False,,,0.0,True,NA,False,False,False,True
learning_curve|Bios|seed=7|fraction=0.05|gamma=1|tau=0.2|lambda=0.6,learning_curve,Bios,7,0.05,386,1.0,0.2,0.6,vera_balanced_envelope,False,,,0.0,True,NA,False,False,False,True
learning_curve|Bios|seed=7|fraction=0.05|gamma=1|tau=0.2|lambda=0.6,learning_curve,Bios,7,0.05,386,1.0,0.2,0.6,external_balanced_oracle,False,,,0.0,True,NA,False,False,False,True
learning_curve|Bios|seed=7|fraction=0.05|gamma=1|tau=0.2|lambda=0.7,learning_curve,Bios,7,0.05,386,1.0,0.2,0.7,always_deploy_balanced,True,TaCo::components_removed=5,TaCo,0.0,True,False,True,False,False,True
learning_curve|Bios|seed=7|fraction=0.05|gamma=1|tau=0.2|lambda=0.7,learning_curve,Bios,7,0.05,386,1.0,0.2,0.7,point_selection_balanced,False,,,0.0,True,NA,False,False,False,True
learning_curve|Bios|seed=7|fraction=0.05|gamma=1|tau=0.2|lambda=0.7,learning_curve,Bios,7,0.05,386,1.0,0.2,0.7,vera_balanced_iut,False,,,0.0,True,NA,False,False,False,True
learning_curve|Bios|seed=7|fraction=0.05|gamma=1|tau=0.2|lambda=0.7,learning_curve,Bios,7,0.05,386,1.0,0.2,0.7,vera_balanced_envelope,False,,,0.0,True,NA,False,False,False,True
learning_curve|Bios|seed=7|fraction=0.05|gamma=1|tau=0.2|lambda=0.7,learning_curve,Bios,7,0.05,386,1.0,0.2,0.7,external_balanced_oracle,False,,,0.0,True,NA,False,False,False,True
learning_curve|Bios|seed=7|fraction=0.05|gamma=1|tau=0.2|lambda=0.8,learning_curve,Bios,7,0.05,386,1.0,0.2,0.8,always_deploy_balanced,True,TaCo::components_removed=5,TaCo,0.0,True,False,True,False,False,True
learning_curve|Bios|seed=7|fraction=0.05|gamma=1|tau=0.2|lambda=0.8,learning_curve,Bios,7,0.05,386,1.0,0.2,0.8,point_selection_balanced,False,,,0.0,True,NA,False,False,False,True
learning_curve|Bios|seed=7|fraction=0.05|gamma=1|tau=0.2|lambda=0.8,learning_curve,Bios,7,0.05,386,1.0,0.2,0.8,vera_balanced_iut,False,,,0.0,True,NA,False,False,False,True
learning_curve|Bios|seed=7|fraction=0.05|gamma=1|tau=0.2|lambda=0.8,learning_curve,Bios,7,0.05,386,1.0,0.2,0.8,vera_balanced_envelope,False,,,0.0,True,NA,False,False,False,True
learning_curve|Bios|seed=7|fraction=0.05|gamma=1|tau=0.2|lambda=0.8,learning_curve,Bios,7,0.05,386,1.0,0.2,0.8,external_balanced_oracle,False,,,0.0,True,NA,False,False,False,True
learning_curve|Bios|seed=7|fraction=0.1|gamma=1|tau=0.05|lambda=0.6,learning_curve,Bios,7,0.1,779,1.0,0.05,0.6,always_deploy_balanced,True,TaCo::components_removed=5,TaCo,0.0,True,False,True,False,False,True
learning_curve|Bios|seed=7|fraction=0.1|gamma=1|tau=0.05|lambda=0.6,learning_curve,Bios,7,0.1,779,1.0,0.05,0.6,point_selection_balanced,False,,,0.0,True,NA,False,False,False,True
learning_curve|Bios|seed=7|fraction=0.1|gamma=1|tau=0.05|lambda=0.6,learning_curve,Bios,7,0.1,779,1.0,0.05,0.6,vera_balanced_iut,False,,,0.0,True,NA,False,False,False,True
learning_curve|Bios|seed=7|fraction=0.1|gamma=1|tau=0.05|lambda=0.6,learning_curve,Bios,7,0.1,779,1.0,0.05,0.6,vera_balanced_envelope,False,,,0.0,True,NA,False,False,False,True
learning_curve|Bios|seed=7|fraction=0.1|gamma=1|tau=0.05|lambda=0.6,learning_curve,Bios,7,0.1,779,1.0,0.05,0.6,external_balanced_oracle,False,,,0.0,True,NA,False,False,False,True
learning_curve|Bios|seed=7|fraction=0.1|gamma=1|tau=0.05|lambda=0.7,learning_curve,Bios,7,0.1,779,1.0,0.05,0.7,always_deploy_balanced,True,TaCo::components_removed=5,TaCo,0.0,True,False,True,False,False,True
learning_curve|Bios|seed=7|fraction=0.1|gamma=1|tau=0.05|lambda=0.7,learning_curve,Bios,7,0.1,779,1.0,0.05,0.7,point_selection_balanced,False,,,0.0,True,NA,False,False,False,True
learning_curve|Bios|seed=7|fraction=0.1|gamma=1|tau=0.05|lambda=0.7,learning_curve,Bios,7,0.1,779,1.0,0.05,0.7,vera_balanced_iut,False,,,0.0,True,NA,False,False,False,True
learning_curve|Bios|seed=7|fraction=0.1|gamma=1|tau=0.05|lambda=0.7,learning_curve,Bios,7,0.1,779,1.0,0.05,0.7,vera_balanced_envelope,False,,,0.0,True,NA,False,False,False,True
learning_curve|Bios|seed=7|fraction=0.1|gamma=1|tau=0.05|lambda=0.7,learning_curve,Bios,7,0.1,779,1.0,0.05,0.7,external_balanced_oracle,False,,,0.0,True,NA,False,False,False,True
learning_curve|Bios|seed=7|fraction=0.1|gamma=1|tau=0.05|lambda=0.8,learning_curve,Bios,7,0.1,779,1.0,0.05,0.8,always_deploy_balanced,True,TaCo::components_removed=5,TaCo,0.0,True,False,True,False,False,True
learning_curve|Bios|seed=7|fraction=0.1|gamma=1|tau=0.05|lambda=0.8,learning_curve,Bios,7,0.1,779,1.0,0.05,0.8,point_selection_balanced,False,,,0.0,True,NA,False,False,False,True
learning_curve|Bios|seed=7|fraction=0.1|gamma=1|tau=0.05|lambda=0.8,learning_curve,Bios,7,0.1,779,1.0,0.05,0.8,vera_balanced_iut,False,,,0.0,True,NA,False,False,False,True
learning_curve|Bios|seed=7|fraction=0.1|gamma=1|tau=0.05|lambda=0.8,learning_curve,Bios,7,0.1,779,1.0,0.05,0.8,vera_balanced_envelope,False,,,0.0,True,NA,False,False,False,True
learning_curve|Bios|seed=7|fraction=0.1|gamma=1|tau=0.05|lambda=0.8,learning_curve,Bios,7,0.1,779,1.0,0.05,0.8,external_balanced_oracle,False,,,0.0,True,NA,False,False,False,True
learning_curve|Bios|seed=7|fraction=0.1|gamma=1|tau=0.1|lambda=0.6,learning_curve,Bios,7,0.1,779,1.0,0.1,0.6,always_deploy_balanced,True,TaCo::components_removed=5,TaCo,0.0,True,False,True,False,False,True
learning_curve|Bios|seed=7|fraction=0.1|gamma=1|tau=0.1|lambda=0.6,learning_curve,Bios,7,0.1,779,1.0,0.1,0.6,point_selection_balanced,False,,,0.0,True,NA,False,False,False,True
learning_curve|Bios|seed=7|fraction=0.1|gamma=1|tau=0.1|lambda=0.6,learning_curve,Bios,7,0.1,779,1.0,0.1,0.6,vera_balanced_iut,False,,,0.0,True,NA,False,False,False,True
learning_curve|Bios|seed=7|fraction=0.1|gamma=1|tau=0.1|lambda=0.6,learning_curve,Bios,7,0.1,779,1.0,0.1,0.6,vera_balanced_envelope,False,,,0.0,True,NA,False,False,False,True
learning_curve|Bios|seed=7|fraction=0.1|gamma=1|tau=0.1|lambda=0.6,learning_curve,Bios,7,0.1,779,1.0,0.1,0.6,external_balanced_oracle,False,,,0.0,True,NA,False,False,False,True
learning_curve|Bios|seed=7|fraction=0.1|gamma=1|tau=0.1|lambda=0.7,learning_curve,Bios,7,0.1,779,1.0,0.1,0.7,always_deploy_balanced,True,TaCo::components_removed=5,TaCo,0.0,True,False,True,False,False,True
learning_curve|Bios|seed=7|fraction=0.1|gamma=1|tau=0.1|lambda=0.7,learning_curve,Bios,7,0.1,779,1.0,0.1,0.7,point_selection_balanced,False,,,0.0,True,NA,False,False,False,True
learning_curve|Bios|seed=7|fraction=0.1|gamma=1|tau=0.1|lambda=0.7,learning_curve,Bios,7,0.1,779,1.0,0.1,0.7,vera_balanced_iut,False,,,0.0,True,NA,False,False,False,True
learning_curve|Bios|seed=7|fraction=0.1|gamma=1|tau=0.1|lambda=0.7,learning_curve,Bios,7,0.1,779,1.0,0.1,0.7,vera_balanced_envelope,False,,,0.0,True,NA,False,False,False,True
learning_curve|Bios|seed=7|fraction=0.1|gamma=1|tau=0.1|lambda=0.7,learning_curve,Bios,7,0.1,779,1.0,0.1,0.7,external_balanced_oracle,False,,,0.0,True,NA,False,False,False,True
learning_curve|Bios|seed=7|fraction=0.1|gamma=1|tau=0.1|lambda=0.8,learning_curve,Bios,7,0.1,779,1.0,0.1,0.8,always_deploy_balanced,True,TaCo::components_removed=5,TaCo,0.0,True,False,True,False,False,True
learning_curve|Bios|seed=7|fraction=0.1|gamma=1|tau=0.1|lambda=0.8,learning_curve,Bios,7,0.1,779,1.0,0.1,0.8,point_selection_balanced,False,,,0.0,True,NA,False,False,False,True
learning_curve|Bios|seed=7|fraction=0.1|gamma=1|tau=0.1|lambda=0.8,learning_curve,Bios,7,0.1,779,1.0,0.1,0.8,vera_balanced_iut,False,,,0.0,True,NA,False,False,False,True
learning_curve|Bios|seed=7|fraction=0.1|gamma=1|tau=0.1|lambda=0.8,learning_curve,Bios,7,0.1,779,1.0,0.1,0.8,vera_balanced_envelope,False,,,0.0,True,NA,False,False,False,True
learning_curve|Bios|seed=7|fraction=0.1|gamma=1|tau=0.1|lambda=0.8,learning_curve,Bios,7,0.1,779,1.0,0.1,0.8,external_balanced_oracle,False,,,0.0,True,NA,False,False,False,True
learning_curve|Bios|seed=7|fraction=0.1|gamma=1|tau=0.2|lambda=0.6,learning_curve,Bios,7,0.1,779,1.0,0.2,0.6,always_deploy_balanced,True,TaCo::components_removed=5,TaCo,0.0,True,False,True,False,False,True
learning_curve|Bios|seed=7|fraction=0.1|gamma=1|tau=0.2|lambda=0.6,learning_curve,Bios,7,0.1,779,1.0,0.2,0.6,point_selection_balanced,False,,,0.0,True,NA,False,False,False,True
learning_curve|Bios|seed=7|fraction=0.1|gamma=1|tau=0.2|lambda=0.6,learning_curve,Bios,7,0.1,779,1.0,0.2,0.6,vera_balanced_iut,False,,,0.0,True,NA,False,False,False,True
learning_curve|Bios|seed=7|fraction=0.1|gamma=1|tau=0.2|lambda=0.6,learning_curve,Bios,7,0.1,779,1.0,0.2,0.6,vera_balanced_envelope,False,,,0.0,True,NA,False,False,False,True
learning_curve|Bios|seed=7|fraction=0.1|gamma=1|tau=0.2|lambda=0.6,learning_curve,Bios,7,0.1,779,1.0,0.2,0.6,external_balanced_oracle,False,,,0.0,True,NA,False,False,False,True
learning_curve|Bios|seed=7|fraction=0.1|gamma=1|tau=0.2|lambda=0.7,learning_curve,Bios,7,0.1,779,1.0,0.2,0.7,always_deploy_balanced,True,TaCo::components_removed=5,TaCo,0.0,True,False,True,False,False,True
learning_curve|Bios|seed=7|fraction=0.1|gamma=1|tau=0.2|lambda=0.7,learning_curve,Bios,7,0.1,779,1.0,0.2,0.7,point_selection_balanced,False,,,0.0,True,NA,False,False,False,True
learning_curve|Bios|seed=7|fraction=0.1|gamma=1|tau=0.2|lambda=0.7,learning_curve,Bios,7,0.1,779,1.0,0.2,0.7,vera_balanced_iut,False,,,0.0,True,NA,False,False,False,True
learning_curve|Bios|seed=7|fraction=0.1|gamma=1|tau=0.2|lambda=0.7,learning_curve,Bios,7,0.1,779,1.0,0.2,0.7,vera_balanced_envelope,False,,,0.0,True,NA,False,False,False,True
learning_curve|Bios|seed=7|fraction=0.1|gamma=1|tau=0.2|lambda=0.7,learning_curve,Bios,7,0.1,779,1.0,0.2,0.7,external_balanced_oracle,False,,,0.0,True,NA,False,False,False,True
learning_curve|Bios|seed=7|fraction=0.1|gamma=1|tau=0.2|lambda=0.8,learning_curve,Bios,7,0.1,779,1.0,0.2,0.8,always_deploy_balanced,True,TaCo::components_removed=5,TaCo,0.0,True,False,True,False,False,True
learning_curve|Bios|seed=7|fraction=0.1|gamma=1|tau=0.2|lambda=0.8,learning_curve,Bios,7,0.1,779,1.0,0.2,0.8,point_selection_balanced,False,,,0.0,True,NA,False,False,False,True
learning_curve|Bios|seed=7|fraction=0.1|gamma=1|tau=0.2|lambda=0.8,learning_curve,Bios,7,0.1,779,1.0,0.2,0.8,vera_balanced_iut,False,,,0.0,True,NA,False,False,False,True
learning_curve|Bios|seed=7|fraction=0.1|gamma=1|tau=0.2|lambda=0.8,learning_curve,Bios,7,0.1,779,1.0,0.2,0.8,vera_balanced_envelope,False,,,0.0,True,NA,False,False,False,True
learning_curve|Bios|seed=7|fraction=0.1|gamma=1|tau=0.2|lambda=0.8,learning_curve,Bios,7,0.1,779,1.0,0.2,0.8,external_balanced_oracle,False,,,0.0,True,NA,False,False,False,True
learning_curve|Bios|seed=7|fraction=0.25|gamma=1|tau=0.05|lambda=0.6,learning_curve,Bios,7,0.25,1981,1.0,0.05,0.6,always_deploy_balanced,True,TaCo::components_removed=5,TaCo,0.0,True,False,True,False,False,True
learning_curve|Bios|seed=7|fraction=0.25|gamma=1|tau=0.05|lambda=0.6,learning_curve,Bios,7,0.25,1981,1.0,0.05,0.6,point_selection_balanced,False,,,0.0,True,NA,False,False,False,True
learning_curve|Bios|seed=7|fraction=0.25|gamma=1|tau=0.05|lambda=0.6,learning_curve,Bios,7,0.25,1981,1.0,0.05,0.6,vera_balanced_iut,False,,,0.0,True,NA,False,False,False,True
learning_curve|Bios|seed=7|fraction=0.25|gamma=1|tau=0.05|lambda=0.6,learning_curve,Bios,7,0.25,1981,1.0,0.05,0.6,vera_balanced_envelope,False,,,0.0,True,NA,False,False,False,True
learning_curve|Bios|seed=7|fraction=0.25|gamma=1|tau=0.05|lambda=0.6,learning_curve,Bios,7,0.25,1981,1.0,0.05,0.6,external_balanced_oracle,False,,,0.0,True,NA,False,False,False,True
learning_curve|Bios|seed=7|fraction=0.25|gamma=1|tau=0.05|lambda=0.7,learning_curve,Bios,7,0.25,1981,1.0,0.05,0.7,always_deploy_balanced,True,TaCo::components_removed=5,TaCo,0.0,True,False,True,False,False,True
learning_curve|Bios|seed=7|fraction=0.25|gamma=1|tau=0.05|lambda=0.7,learning_curve,Bios,7,0.25,1981,1.0,0.05,0.7,point_selection_balanced,False,,,0.0,True,NA,False,False,False,True
learning_curve|Bios|seed=7|fraction=0.25|gamma=1|tau=0.05|lambda=0.7,learning_curve,Bios,7,0.25,1981,1.0,0.05,0.7,vera_balanced_iut,False,,,0.0,True,NA,False,False,False,True
learning_curve|Bios|seed=7|fraction=0.25|gamma=1|tau=0.05|lambda=0.7,learning_curve,Bios,7,0.25,1981,1.0,0.05,0.7,vera_balanced_envelope,False,,,0.0,True,NA,False,False,False,True
learning_curve|Bios|seed=7|fraction=0.25|gamma=1|tau=0.05|lambda=0.7,learning_curve,Bios,7,0.25,1981,1.0,0.05,0.7,external_balanced_oracle,False,,,0.0,True,NA,False,False,False,True
learning_curve|Bios|seed=7|fraction=0.25|gamma=1|tau=0.05|lambda=0.8,learning_curve,Bios,7,0.25,1981,1.0,0.05,0.8,always_deploy_balanced,True,TaCo::components_removed=5,TaCo,0.0,True,False,True,False,False,True
learning_curve|Bios|seed=7|fraction=0.25|gamma=1|tau=0.05|lambda=0.8,learning_curve,Bios,7,0.25,1981,1.0,0.05,0.8,point_selection_balanced,False,,,0.0,True,NA,False,False,False,True
learning_curve|Bios|seed=7|fraction=0.25|gamma=1|tau=0.05|lambda=0.8,learning_curve,Bios,7,0.25,1981,1.0,0.05,0.8,vera_balanced_iut,False,,,0.0,True,NA,False,False,False,True
learning_curve|Bios|seed=7|fraction=0.25|gamma=1|tau=0.05|lambda=0.8,learning_curve,Bios,7,0.25,1981,1.0,0.05,0.8,vera_balanced_envelope,False,,,0.0,True,NA,False,False,False,True
learning_curve|Bios|seed=7|fraction=0.25|gamma=1|tau=0.05|lambda=0.8,learning_curve,Bios,7,0.25,1981,1.0,0.05,0.8,external_balanced_oracle,False,,,0.0,True,NA,False,False,False,True
learning_curve|Bios|seed=7|fraction=0.25|gamma=1|tau=0.1|lambda=0.6,learning_curve,Bios,7,0.25,1981,1.0,0.1,0.6,always_deploy_balanced,True,TaCo::components_removed=5,TaCo,0.0,True,False,True,False,False,True
learning_curve|Bios|seed=7|fraction=0.25|gamma=1|tau=0.1|lambda=0.6,learning_curve,Bios,7,0.25,1981,1.0,0.1,0.6,point_selection_balanced,False,,,0.0,True,NA,False,False,False,True
learning_curve|Bios|seed=7|fraction=0.25|gamma=1|tau=0.1|lambda=0.6,learning_curve,Bios,7,0.25,1981,1.0,0.1,0.6,vera_balanced_iut,False,,,0.0,True,NA,False,False,False,True
learning_curve|Bios|seed=7|fraction=0.25|gamma=1|tau=0.1|lambda=0.6,learning_curve,Bios,7,0.25,1981,1.0,0.1,0.6,vera_balanced_envelope,False,,,0.0,True,NA,False,False,False,True
learning_curve|Bios|seed=7|fraction=0.25|gamma=1|tau=0.1|lambda=0.6,learning_curve,Bios,7,0.25,1981,1.0,0.1,0.6,external_balanced_oracle,False,,,0.0,True,NA,False,False,False,True
learning_curve|Bios|seed=7|fraction=0.25|gamma=1|tau=0.1|lambda=0.7,learning_curve,Bios,7,0.25,1981,1.0,0.1,0.7,always_deploy_balanced,True,TaCo::components_removed=5,TaCo,0.0,True,False,True,False,False,True
learning_curve|Bios|seed=7|fraction=0.25|gamma=1|tau=0.1|lambda=0.7,learning_curve,Bios,7,0.25,1981,1.0,0.1,0.7,point_selection_balanced,False,,,0.0,True,NA,False,False,False,True
learning_curve|Bios|seed=7|fraction=0.25|gamma=1|tau=0.1|lambda=0.7,learning_curve,Bios,7,0.25,1981,1.0,0.1,0.7,vera_balanced_iut,False,,,0.0,True,NA,False,False,False,True
learning_curve|Bios|seed=7|fraction=0.25|gamma=1|tau=0.1|lambda=0.7,learning_curve,Bios,7,0.25,1981,1.0,0.1,0.7,vera_balanced_envelope,False,,,0.0,True,NA,False,False,False,True
learning_curve|Bios|seed=7|fraction=0.25|gamma=1|tau=0.1|lambda=0.7,learning_curve,Bios,7,0.25,1981,1.0,0.1,0.7,external_balanced_oracle,False,,,0.0,True,NA,False,False,False,True
learning_curve|Bios|seed=7|fraction=0.25|gamma=1|tau=0.1|lambda=0.8,learning_curve,Bios,7,0.25,1981,1.0,0.1,0.8,always_deploy_balanced,True,TaCo::components_removed=5,TaCo,0.0,True,False,True,False,False,True
learning_curve|Bios|seed=7|fraction=0.25|gamma=1|tau=0.1|lambda=0.8,learning_curve,Bios,7,0.25,1981,1.0,0.1,0.8,point_selection_balanced,False,,,0.0,True,NA,False,False,False,True
learning_curve|Bios|seed=7|fraction=0.25|gamma=1|tau=0.1|lambda=0.8,learning_curve,Bios,7,0.25,1981,1.0,0.1,0.8,vera_balanced_iut,False,,,0.0,True,NA,False,False,False,True
learning_curve|Bios|seed=7|fraction=0.25|gamma=1|tau=0.1|lambda=0.8,learning_curve,Bios,7,0.25,1981,1.0,0.1,0.8,vera_balanced_envelope,False,,,0.0,True,NA,False,False,False,True
learning_curve|Bios|seed=7|fraction=0.25|gamma=1|tau=0.1|lambda=0.8,learning_curve,Bios,7,0.25,1981,1.0,0.1,0.8,external_balanced_oracle,False,,,0.0,True,NA,False,False,False,True
learning_curve|Bios|seed=7|fraction=0.25|gamma=1|tau=0.2|lambda=0.6,learning_curve,Bios,7,0.25,1981,1.0,0.2,0.6,always_deploy_balanced,True,TaCo::components_removed=5,TaCo,0.0,True,False,True,False,False,True
learning_curve|Bios|seed=7|fraction=0.25|gamma=1|tau=0.2|lambda=0.6,learning_curve,Bios,7,0.25,1981,1.0,0.2,0.6,point_selection_balanced,False,,,0.0,True,NA,False,False,False,True
learning_curve|Bios|seed=7|fraction=0.25|gamma=1|tau=0.2|lambda=0.6,learning_curve,Bios,7,0.25,1981,1.0,0.2,0.6,vera_balanced_iut,False,,,0.0,True,NA,False,False,False,True
learning_curve|Bios|seed=7|fraction=0.25|gamma=1|tau=0.2|lambda=0.6,learning_curve,Bios,7,0.25,1981,1.0,0.2,0.6,vera_balanced_envelope,False,,,0.0,True,NA,False,False,False,True
learning_curve|Bios|seed=7|fraction=0.25|gamma=1|tau=0.2|lambda=0.6,learning_curve,Bios,7,0.25,1981,1.0,0.2,0.6,external_balanced_oracle,False,,,0.0,True,NA,False,False,False,True
learning_curve|Bios|seed=7|fraction=0.25|gamma=1|tau=0.2|lambda=0.7,learning_curve,Bios,7,0.25,1981,1.0,0.2,0.7,always_deploy_balanced,True,TaCo::components_removed=5,TaCo,0.0,True,False,True,False,False,True
learning_curve|Bios|seed=7|fraction=0.25|gamma=1|tau=0.2|lambda=0.7,learning_curve,Bios,7,0.25,1981,1.0,0.2,0.7,point_selection_balanced,False,,,0.0,True,NA,False,False,False,True
learning_curve|Bios|seed=7|fraction=0.25|gamma=1|tau=0.2|lambda=0.7,learning_curve,Bios,7,0.25,1981,1.0,0.2,0.7,vera_balanced_iut,False,,,0.0,True,NA,False,False,False,True
learning_curve|Bios|seed=7|fraction=0.25|gamma=1|tau=0.2|lambda=0.7,learning_curve,Bios,7,0.25,1981,1.0,0.2,0.7,vera_balanced_envelope,False,,,0.0,True,NA,False,False,False,True
learning_curve|Bios|seed=7|fraction=0.25|gamma=1|tau=0.2|lambda=0.7,learning_curve,Bios,7,0.25,1981,1.0,0.2,0.7,external_balanced_oracle,False,,,0.0,True,NA,False,False,False,True
learning_curve|Bios|seed=7|fraction=0.25|gamma=1|tau=0.2|lambda=0.8,learning_curve,Bios,7,0.25,1981,1.0,0.2,0.8,always_deploy_balanced,True,TaCo::components_removed=5,TaCo,0.0,True,False,True,False,False,True
learning_curve|Bios|seed=7|fraction=0.25|gamma=1|tau=0.2|lambda=0.8,learning_curve,Bios,7,0.25,1981,1.0,0.2,0.8,point_selection_balanced,False,,,0.0,True,NA,False,False,False,True
learning_curve|Bios|seed=7|fraction=0.25|gamma=1|tau=0.2|lambda=0.8,learning_curve,Bios,7,0.25,1981,1.0,0.2,0.8,vera_balanced_iut,False,,,0.0,True,NA,False,False,False,True
learning_curve|Bios|seed=7|fraction=0.25|gamma=1|tau=0.2|lambda=0.8,learning_curve,Bios,7,0.25,1981,1.0,0.2,0.8,vera_balanced_envelope,False,,,0.0,True,NA,False,False,False,True
learning_curve|Bios|seed=7|fraction=0.25|gamma=1|tau=0.2|lambda=0.8,learning_curve,Bios,7,0.25,1981,1.0,0.2,0.8,external_balanced_oracle,False,,,0.0,True,NA,False,False,False,True
learning_curve|Bios|seed=7|fraction=0.5|gamma=1|tau=0.05|lambda=0.6,learning_curve,Bios,7,0.5,3987,1.0,0.05,0.6,always_deploy_balanced,True,TaCo::components_removed=5,TaCo,0.0,True,False,True,False,False,True
learning_curve|Bios|seed=7|fraction=0.5|gamma=1|tau=0.05|lambda=0.6,learning_curve,Bios,7,0.5,3987,1.0,0.05,0.6,point_selection_balanced,False,,,0.0,True,NA,False,False,False,True
learning_curve|Bios|seed=7|fraction=0.5|gamma=1|tau=0.05|lambda=0.6,learning_curve,Bios,7,0.5,3987,1.0,0.05,0.6,vera_balanced_iut,False,,,0.0,True,NA,False,False,False,True
learning_curve|Bios|seed=7|fraction=0.5|gamma=1|tau=0.05|lambda=0.6,learning_curve,Bios,7,0.5,3987,1.0,0.05,0.6,vera_balanced_envelope,False,,,0.0,True,NA,False,False,False,True
learning_curve|Bios|seed=7|fraction=0.5|gamma=1|tau=0.05|lambda=0.6,learning_curve,Bios,7,0.5,3987,1.0,0.05,0.6,external_balanced_oracle,False,,,0.0,True,NA,False,False,False,True
learning_curve|Bios|seed=7|fraction=0.5|gamma=1|tau=0.05|lambda=0.7,learning_curve,Bios,7,0.5,3987,1.0,0.05,0.7,always_deploy_balanced,True,TaCo::components_removed=5,TaCo,0.0,True,False,True,False,False,True
learning_curve|Bios|seed=7|fraction=0.5|gamma=1|tau=0.05|lambda=0.7,learning_curve,Bios,7,0.5,3987,1.0,0.05,0.7,point_selection_balanced,False,,,0.0,True,NA,False,False,False,True
learning_curve|Bios|seed=7|fraction=0.5|gamma=1|tau=0.05|lambda=0.7,learning_curve,Bios,7,0.5,3987,1.0,0.05,0.7,vera_balanced_iut,False,,,0.0,True,NA,False,False,False,True
learning_curve|Bios|seed=7|fraction=0.5|gamma=1|tau=0.05|lambda=0.7,learning_curve,Bios,7,0.5,3987,1.0,0.05,0.7,vera_balanced_envelope,False,,,0.0,True,NA,False,False,False,True
learning_curve|Bios|seed=7|fraction=0.5|gamma=1|tau=0.05|lambda=0.7,learning_curve,Bios,7,0.5,3987,1.0,0.05,0.7,external_balanced_oracle,False,,,0.0,True,NA,False,False,False,True
learning_curve|Bios|seed=7|fraction=0.5|gamma=1|tau=0.05|lambda=0.8,learning_curve,Bios,7,0.5,3987,1.0,0.05,0.8,always_deploy_balanced,True,TaCo::components_removed=5,TaCo,0.0,True,False,True,False,False,True
learning_curve|Bios|seed=7|fraction=0.5|gamma=1|tau=0.05|lambda=0.8,learning_curve,Bios,7,0.5,3987,1.0,0.05,0.8,point_selection_balanced,False,,,0.0,True,NA,False,False,False,True
learning_curve|Bios|seed=7|fraction=0.5|gamma=1|tau=0.05|lambda=0.8,learning_curve,Bios,7,0.5,3987,1.0,0.05,0.8,vera_balanced_iut,False,,,0.0,True,NA,False,False,False,True
learning_curve|Bios|seed=7|fraction=0.5|gamma=1|tau=0.05|lambda=0.8,learning_curve,Bios,7,0.5,3987,1.0,0.05,0.8,vera_balanced_envelope,False,,,0.0,True,NA,False,False,False,True
learning_curve|Bios|seed=7|fraction=0.5|gamma=1|tau=0.05|lambda=0.8,learning_curve,Bios,7,0.5,3987,1.0,0.05,0.8,external_balanced_oracle,False,,,0.0,True,NA,False,False,False,True
learning_curve|Bios|seed=7|fraction=0.5|gamma=1|tau=0.1|lambda=0.6,learning_curve,Bios,7,0.5,3987,1.0,0.1,0.6,always_deploy_balanced,True,TaCo::components_removed=5,TaCo,0.0,True,False,True,False,False,True
learning_curve|Bios|seed=7|fraction=0.5|gamma=1|tau=0.1|lambda=0.6,learning_curve,Bios,7,0.5,3987,1.0,0.1,0.6,point_selection_balanced,False,,,0.0,True,NA,False,False,False,True
learning_curve|Bios|seed=7|fraction=0.5|gamma=1|tau=0.1|lambda=0.6,learning_curve,Bios,7,0.5,3987,1.0,0.1,0.6,vera_balanced_iut,False,,,0.0,True,NA,False,False,False,True
learning_curve|Bios|seed=7|fraction=0.5|gamma=1|tau=0.1|lambda=0.6,learning_curve,Bios,7,0.5,3987,1.0,0.1,0.6,vera_balanced_envelope,False,,,0.0,True,NA,False,False,False,True
learning_curve|Bios|seed=7|fraction=0.5|gamma=1|tau=0.1|lambda=0.6,learning_curve,Bios,7,0.5,3987,1.0,0.1,0.6,external_balanced_oracle,False,,,0.0,True,NA,False,False,False,True
learning_curve|Bios|seed=7|fraction=0.5|gamma=1|tau=0.1|lambda=0.7,learning_curve,Bios,7,0.5,3987,1.0,0.1,0.7,always_deploy_balanced,True,TaCo::components_removed=5,TaCo,0.0,True,False,True,False,False,True
learning_curve|Bios|seed=7|fraction=0.5|gamma=1|tau=0.1|lambda=0.7,learning_curve,Bios,7,0.5,3987,1.0,0.1,0.7,point_selection_balanced,False,,,0.0,True,NA,False,False,False,True
learning_curve|Bios|seed=7|fraction=0.5|gamma=1|tau=0.1|lambda=0.7,learning_curve,Bios,7,0.5,3987,1.0,0.1,0.7,vera_balanced_iut,False,,,0.0,True,NA,False,False,False,True
learning_curve|Bios|seed=7|fraction=0.5|gamma=1|tau=0.1|lambda=0.7,learning_curve,Bios,7,0.5,3987,1.0,0.1,0.7,vera_balanced_envelope,False,,,0.0,True,NA,False,False,False,True
learning_curve|Bios|seed=7|fraction=0.5|gamma=1|tau=0.1|lambda=0.7,learning_curve,Bios,7,0.5,3987,1.0,0.1,0.7,external_balanced_oracle,False,,,0.0,True,NA,False,False,False,True
learning_curve|Bios|seed=7|fraction=0.5|gamma=1|tau=0.1|lambda=0.8,learning_curve,Bios,7,0.5,3987,1.0,0.1,0.8,always_deploy_balanced,True,TaCo::components_removed=5,TaCo,0.0,True,False,True,False,False,True
learning_curve|Bios|seed=7|fraction=0.5|gamma=1|tau=0.1|lambda=0.8,learning_curve,Bios,7,0.5,3987,1.0,0.1,0.8,point_selection_balanced,False,,,0.0,True,NA,False,False,False,True
learning_curve|Bios|seed=7|fraction=0.5|gamma=1|tau=0.1|lambda=0.8,learning_curve,Bios,7,0.5,3987,1.0,0.1,0.8,vera_balanced_iut,False,,,0.0,True,NA,False,False,False,True
learning_curve|Bios|seed=7|fraction=0.5|gamma=1|tau=0.1|lambda=0.8,learning_curve,Bios,7,0.5,3987,1.0,0.1,0.8,vera_balanced_envelope,False,,,0.0,True,NA,False,False,False,True
learning_curve|Bios|seed=7|fraction=0.5|gamma=1|tau=0.1|lambda=0.8,learning_curve,Bios,7,0.5,3987,1.0,0.1,0.8,external_balanced_oracle,False,,,0.0,True,NA,False,False,False,True
learning_curve|Bios|seed=7|fraction=0.5|gamma=1|tau=0.2|lambda=0.6,learning_curve,Bios,7,0.5,3987,1.0,0.2,0.6,always_deploy_balanced,True,TaCo::components_removed=5,TaCo,0.0,True,False,True,False,False,True
learning_curve|Bios|seed=7|fraction=0.5|gamma=1|tau=0.2|lambda=0.6,learning_curve,Bios,7,0.5,3987,1.0,0.2,0.6,point_selection_balanced,False,,,0.0,True,NA,False,False,False,True
learning_curve|Bios|seed=7|fraction=0.5|gamma=1|tau=0.2|lambda=0.6,learning_curve,Bios,7,0.5,3987,1.0,0.2,0.6,vera_balanced_iut,False,,,0.0,True,NA,False,False,False,True
learning_curve|Bios|seed=7|fraction=0.5|gamma=1|tau=0.2|lambda=0.6,learning_curve,Bios,7,0.5,3987,1.0,0.2,0.6,vera_balanced_envelope,False,,,0.0,True,NA,False,False,False,True
learning_curve|Bios|seed=7|fraction=0.5|gamma=1|tau=0.2|lambda=0.6,learning_curve,Bios,7,0.5,3987,1.0,0.2,0.6,external_balanced_oracle,False,,,0.0,True,NA,False,False,False,True
learning_curve|Bios|seed=7|fraction=0.5|gamma=1|tau=0.2|lambda=0.7,learning_curve,Bios,7,0.5,3987,1.0,0.2,0.7,always_deploy_balanced,True,TaCo::components_removed=5,TaCo,0.0,True,False,True,False,False,True
learning_curve|Bios|seed=7|fraction=0.5|gamma=1|tau=0.2|lambda=0.7,learning_curve,Bios,7,0.5,3987,1.0,0.2,0.7,point_selection_balanced,False,,,0.0,True,NA,False,False,False,True
learning_curve|Bios|seed=7|fraction=0.5|gamma=1|tau=0.2|lambda=0.7,learning_curve,Bios,7,0.5,3987,1.0,0.2,0.7,vera_balanced_iut,False,,,0.0,True,NA,False,False,False,True
learning_curve|Bios|seed=7|fraction=0.5|gamma=1|tau=0.2|lambda=0.7,learning_curve,Bios,7,0.5,3987,1.0,0.2,0.7,vera_balanced_envelope,False,,,0.0,True,NA,False,False,False,True
learning_curve|Bios|seed=7|fraction=0.5|gamma=1|tau=0.2|lambda=0.7,learning_curve,Bios,7,0.5,3987,1.0,0.2,0.7,external_balanced_oracle,False,,,0.0,True,NA,False,False,False,True
learning_curve|Bios|seed=7|fraction=0.5|gamma=1|tau=0.2|lambda=0.8,learning_curve,Bios,7,0.5,3987,1.0,0.2,0.8,always_deploy_balanced,True,TaCo::components_removed=5,TaCo,0.0,True,False,True,False,False,True
learning_curve|Bios|seed=7|fraction=0.5|gamma=1|tau=0.2|lambda=0.8,learning_curve,Bios,7,0.5,3987,1.0,0.2,0.8,point_selection_balanced,False,,,0.0,True,NA,False,False,False,True
learning_curve|Bios|seed=7|fraction=0.5|gamma=1|tau=0.2|lambda=0.8,learning_curve,Bios,7,0.5,3987,1.0,0.2,0.8,vera_balanced_iut,False,,,0.0,True,NA,False,False,False,True
learning_curve|Bios|seed=7|fraction=0.5|gamma=1|tau=0.2|lambda=0.8,learning_curve,Bios,7,0.5,3987,1.0,0.2,0.8,vera_balanced_envelope,False,,,0.0,True,NA,False,False,False,True
learning_curve|Bios|seed=7|fraction=0.5|gamma=1|tau=0.2|lambda=0.8,learning_curve,Bios,7,0.5,3987,1.0,0.2,0.8,external_balanced_oracle,False,,,0.0,True,NA,False,False,False,True
primary|Bios|seed=7|fraction=1|gamma=1|tau=0.05|lambda=0.6,primary,Bios,7,1.0,8000,1.0,0.05,0.6,always_deploy_balanced,True,TaCo::components_removed=5,TaCo,0.0,True,False,True,False,False,True
primary|Bios|seed=7|fraction=1|gamma=1|tau=0.05|lambda=0.6,primary,Bios,7,1.0,8000,1.0,0.05,0.6,point_selection_balanced,False,,,0.0,True,NA,False,False,False,True
primary|Bios|seed=7|fraction=1|gamma=1|tau=0.05|lambda=0.6,primary,Bios,7,1.0,8000,1.0,0.05,0.6,vera_balanced_iut,False,,,0.0,True,NA,False,False,False,True
primary|Bios|seed=7|fraction=1|gamma=1|tau=0.05|lambda=0.6,primary,Bios,7,1.0,8000,1.0,0.05,0.6,vera_balanced_envelope,False,,,0.0,True,NA,False,False,False,True
primary|Bios|seed=7|fraction=1|gamma=1|tau=0.05|lambda=0.6,primary,Bios,7,1.0,8000,1.0,0.05,0.6,external_balanced_oracle,False,,,0.0,True,NA,False,False,False,True
primary|Bios|seed=7|fraction=1|gamma=1|tau=0.05|lambda=0.7,primary,Bios,7,1.0,8000,1.0,0.05,0.7,always_deploy_balanced,True,TaCo::components_removed=5,TaCo,0.0,True,False,True,False,False,True
primary|Bios|seed=7|fraction=1|gamma=1|tau=0.05|lambda=0.7,primary,Bios,7,1.0,8000,1.0,0.05,0.7,point_selection_balanced,False,,,0.0,True,NA,False,False,False,True
primary|Bios|seed=7|fraction=1|gamma=1|tau=0.05|lambda=0.7,primary,Bios,7,1.0,8000,1.0,0.05,0.7,vera_balanced_iut,False,,,0.0,True,NA,False,False,False,True
primary|Bios|seed=7|fraction=1|gamma=1|tau=0.05|lambda=0.7,primary,Bios,7,1.0,8000,1.0,0.05,0.7,vera_balanced_envelope,False,,,0.0,True,NA,False,False,False,True
primary|Bios|seed=7|fraction=1|gamma=1|tau=0.05|lambda=0.7,primary,Bios,7,1.0,8000,1.0,0.05,0.7,external_balanced_oracle,False,,,0.0,True,NA,False,False,False,True
primary|Bios|seed=7|fraction=1|gamma=1|tau=0.05|lambda=0.8,primary,Bios,7,1.0,8000,1.0,0.05,0.8,always_deploy_balanced,True,TaCo::components_removed=5,TaCo,0.0,True,False,True,False,False,True
primary|Bios|seed=7|fraction=1|gamma=1|tau=0.05|lambda=0.8,primary,Bios,7,1.0,8000,1.0,0.05,0.8,point_selection_balanced,False,,,0.0,True,NA,False,False,False,True
primary|Bios|seed=7|fraction=1|gamma=1|tau=0.05|lambda=0.8,primary,Bios,7,1.0,8000,1.0,0.05,0.8,vera_balanced_iut,False,,,0.0,True,NA,False,False,False,True
primary|Bios|seed=7|fraction=1|gamma=1|tau=0.05|lambda=0.8,primary,Bios,7,1.0,8000,1.0,0.05,0.8,vera_balanced_envelope,False,,,0.0,True,NA,False,False,False,True
primary|Bios|seed=7|fraction=1|gamma=1|tau=0.05|lambda=0.8,primary,Bios,7,1.0,8000,1.0,0.05,0.8,external_balanced_oracle,False,,,0.0,True,NA,False,False,False,True
primary|Bios|seed=7|fraction=1|gamma=1|tau=0.1|lambda=0.6,primary,Bios,7,1.0,8000,1.0,0.1,0.6,always_deploy_balanced,True,TaCo::components_removed=5,TaCo,0.0,True,False,True,False,False,True
primary|Bios|seed=7|fraction=1|gamma=1|tau=0.1|lambda=0.6,primary,Bios,7,1.0,8000,1.0,0.1,0.6,point_selection_balanced,False,,,0.0,True,NA,False,False,False,True
primary|Bios|seed=7|fraction=1|gamma=1|tau=0.1|lambda=0.6,primary,Bios,7,1.0,8000,1.0,0.1,0.6,vera_balanced_iut,False,,,0.0,True,NA,False,False,False,True
primary|Bios|seed=7|fraction=1|gamma=1|tau=0.1|lambda=0.6,primary,Bios,7,1.0,8000,1.0,0.1,0.6,vera_balanced_envelope,False,,,0.0,True,NA,False,False,False,True
primary|Bios|seed=7|fraction=1|gamma=1|tau=0.1|lambda=0.6,primary,Bios,7,1.0,8000,1.0,0.1,0.6,external_balanced_oracle,False,,,0.0,True,NA,False,False,False,True
primary|Bios|seed=7|fraction=1|gamma=1|tau=0.1|lambda=0.7,primary,Bios,7,1.0,8000,1.0,0.1,0.7,always_deploy_balanced,True,TaCo::components_removed=5,TaCo,0.0,True,False,True,False,False,True
primary|Bios|seed=7|fraction=1|gamma=1|tau=0.1|lambda=0.7,primary,Bios,7,1.0,8000,1.0,0.1,0.7,point_selection_balanced,False,,,0.0,True,NA,False,False,False,True
primary|Bios|seed=7|fraction=1|gamma=1|tau=0.1|lambda=0.7,primary,Bios,7,1.0,8000,1.0,0.1,0.7,vera_balanced_iut,False,,,0.0,True,NA,False,False,False,True
primary|Bios|seed=7|fraction=1|gamma=1|tau=0.1|lambda=0.7,primary,Bios,7,1.0,8000,1.0,0.1,0.7,vera_balanced_envelope,False,,,0.0,True,NA,False,False,False,True
primary|Bios|seed=7|fraction=1|gamma=1|tau=0.1|lambda=0.7,primary,Bios,7,1.0,8000,1.0,0.1,0.7,external_balanced_oracle,False,,,0.0,True,NA,False,False,False,True
primary|Bios|seed=7|fraction=1|gamma=1|tau=0.1|lambda=0.8,primary,Bios,7,1.0,8000,1.0,0.1,0.8,always_deploy_balanced,True,TaCo::components_removed=5,TaCo,0.0,True,False,True,False,False,True
primary|Bios|seed=7|fraction=1|gamma=1|tau=0.1|lambda=0.8,primary,Bios,7,1.0,8000,1.0,0.1,0.8,point_selection_balanced,False,,,0.0,True,NA,False,False,False,True
primary|Bios|seed=7|fraction=1|gamma=1|tau=0.1|lambda=0.8,primary,Bios,7,1.0,8000,1.0,0.1,0.8,vera_balanced_iut,False,,,0.0,True,NA,False,False,False,True
primary|Bios|seed=7|fraction=1|gamma=1|tau=0.1|lambda=0.8,primary,Bios,7,1.0,8000,1.0,0.1,0.8,vera_balanced_envelope,False,,,0.0,True,NA,False,False,False,True
primary|Bios|seed=7|fraction=1|gamma=1|tau=0.1|lambda=0.8,primary,Bios,7,1.0,8000,1.0,0.1,0.8,external_balanced_oracle,False,,,0.0,True,NA,False,False,False,True
primary|Bios|seed=7|fraction=1|gamma=1|tau=0.2|lambda=0.6,primary,Bios,7,1.0,8000,1.0,0.2,0.6,always_deploy_balanced,True,TaCo::components_removed=5,TaCo,0.0,True,False,True,False,False,True
primary|Bios|seed=7|fraction=1|gamma=1|tau=0.2|lambda=0.6,primary,Bios,7,1.0,8000,1.0,0.2,0.6,point_selection_balanced,False,,,0.0,True,NA,False,False,False,True
primary|Bios|seed=7|fraction=1|gamma=1|tau=0.2|lambda=0.6,primary,Bios,7,1.0,8000,1.0,0.2,0.6,vera_balanced_iut,False,,,0.0,True,NA,False,False,False,True
primary|Bios|seed=7|fraction=1|gamma=1|tau=0.2|lambda=0.6,primary,Bios,7,1.0,8000,1.0,0.2,0.6,vera_balanced_envelope,False,,,0.0,True,NA,False,False,False,True
primary|Bios|seed=7|fraction=1|gamma=1|tau=0.2|lambda=0.6,primary,Bios,7,1.0,8000,1.0,0.2,0.6,external_balanced_oracle,False,,,0.0,True,NA,False,False,False,True
primary|Bios|seed=7|fraction=1|gamma=1|tau=0.2|lambda=0.7,primary,Bios,7,1.0,8000,1.0,0.2,0.7,always_deploy_balanced,True,TaCo::components_removed=5,TaCo,0.0,True,False,True,False,False,True
primary|Bios|seed=7|fraction=1|gamma=1|tau=0.2|lambda=0.7,primary,Bios,7,1.0,8000,1.0,0.2,0.7,point_selection_balanced,False,,,0.0,True,NA,False,False,False,True
primary|Bios|seed=7|fraction=1|gamma=1|tau=0.2|lambda=0.7,primary,Bios,7,1.0,8000,1.0,0.2,0.7,vera_balanced_iut,False,,,0.0,True,NA,False,False,False,True
primary|Bios|seed=7|fraction=1|gamma=1|tau=0.2|lambda=0.7,primary,Bios,7,1.0,8000,1.0,0.2,0.7,vera_balanced_envelope,False,,,0.0,True,NA,False,False,False,True
primary|Bios|seed=7|fraction=1|gamma=1|tau=0.2|lambda=0.7,primary,Bios,7,1.0,8000,1.0,0.2,0.7,external_balanced_oracle,False,,,0.0,True,NA,False,False,False,True
primary|Bios|seed=7|fraction=1|gamma=1|tau=0.2|lambda=0.8,primary,Bios,7,1.0,8000,1.0,0.2,0.8,always_deploy_balanced,True,TaCo::components_removed=5,TaCo,0.0,True,False,True,False,False,True
primary|Bios|seed=7|fraction=1|gamma=1|tau=0.2|lambda=0.8,primary,Bios,7,1.0,8000,1.0,0.2,0.8,point_selection_balanced,False,,,0.0,True,NA,False,False,False,True
primary|Bios|seed=7|fraction=1|gamma=1|tau=0.2|lambda=0.8,primary,Bios,7,1.0,8000,1.0,0.2,0.8,vera_balanced_iut,False,,,0.0,True,NA,False,False,False,True
primary|Bios|seed=7|fraction=1|gamma=1|tau=0.2|lambda=0.8,primary,Bios,7,1.0,8000,1.0,0.2,0.8,vera_balanced_envelope,False,,,0.0,True,NA,False,False,False,True
primary|Bios|seed=7|fraction=1|gamma=1|tau=0.2|lambda=0.8,primary,Bios,7,1.0,8000,1.0,0.2,0.8,external_balanced_oracle,False,,,0.0,True,NA,False,False,False,True
shifted_sensitivity|Bios|seed=7|fraction=1|gamma=1.01|tau=0.05|lambda=0.6,shifted_sensitivity,Bios,7,1.0,8000,1.01,0.05,0.6,always_deploy_balanced,True,TaCo::components_removed=5,TaCo,0.0,True,False,True,False,False,True
shifted_sensitivity|Bios|seed=7|fraction=1|gamma=1.01|tau=0.05|lambda=0.6,shifted_sensitivity,Bios,7,1.0,8000,1.01,0.05,0.6,point_selection_balanced,False,,,0.0,True,NA,False,False,False,True
shifted_sensitivity|Bios|seed=7|fraction=1|gamma=1.01|tau=0.05|lambda=0.6,shifted_sensitivity,Bios,7,1.0,8000,1.01,0.05,0.6,vera_balanced_iut,False,,,0.0,True,NA,False,False,False,True
shifted_sensitivity|Bios|seed=7|fraction=1|gamma=1.01|tau=0.05|lambda=0.6,shifted_sensitivity,Bios,7,1.0,8000,1.01,0.05,0.6,vera_balanced_envelope,False,,,0.0,True,NA,False,False,False,True
shifted_sensitivity|Bios|seed=7|fraction=1|gamma=1.01|tau=0.05|lambda=0.6,shifted_sensitivity,Bios,7,1.0,8000,1.01,0.05,0.6,external_balanced_oracle,False,,,0.0,True,NA,False,False,False,True
shifted_sensitivity|Bios|seed=7|fraction=1|gamma=1.01|tau=0.05|lambda=0.7,shifted_sensitivity,Bios,7,1.0,8000,1.01,0.05,0.7,always_deploy_balanced,True,TaCo::components_removed=5,TaCo,0.0,True,False,True,False,False,True
shifted_sensitivity|Bios|seed=7|fraction=1|gamma=1.01|tau=0.05|lambda=0.7,shifted_sensitivity,Bios,7,1.0,8000,1.01,0.05,0.7,point_selection_balanced,False,,,0.0,True,NA,False,False,False,True
shifted_sensitivity|Bios|seed=7|fraction=1|gamma=1.01|tau=0.05|lambda=0.7,shifted_sensitivity,Bios,7,1.0,8000,1.01,0.05,0.7,vera_balanced_iut,False,,,0.0,True,NA,False,False,False,True
shifted_sensitivity|Bios|seed=7|fraction=1|gamma=1.01|tau=0.05|lambda=0.7,shifted_sensitivity,Bios,7,1.0,8000,1.01,0.05,0.7,vera_balanced_envelope,False,,,0.0,True,NA,False,False,False,True
shifted_sensitivity|Bios|seed=7|fraction=1|gamma=1.01|tau=0.05|lambda=0.7,shifted_sensitivity,Bios,7,1.0,8000,1.01,0.05,0.7,external_balanced_oracle,False,,,0.0,True,NA,False,False,False,True
shifted_sensitivity|Bios|seed=7|fraction=1|gamma=1.01|tau=0.05|lambda=0.8,shifted_sensitivity,Bios,7,1.0,8000,1.01,0.05,0.8,always_deploy_balanced,True,TaCo::components_removed=5,TaCo,0.0,True,False,True,False,False,True
shifted_sensitivity|Bios|seed=7|fraction=1|gamma=1.01|tau=0.05|lambda=0.8,shifted_sensitivity,Bios,7,1.0,8000,1.01,0.05,0.8,point_selection_balanced,False,,,0.0,True,NA,False,False,False,True
shifted_sensitivity|Bios|seed=7|fraction=1|gamma=1.01|tau=0.05|lambda=0.8,shifted_sensitivity,Bios,7,1.0,8000,1.01,0.05,0.8,vera_balanced_iut,False,,,0.0,True,NA,False,False,False,True
shifted_sensitivity|Bios|seed=7|fraction=1|gamma=1.01|tau=0.05|lambda=0.8,shifted_sensitivity,Bios,7,1.0,8000,1.01,0.05,0.8,vera_balanced_envelope,False,,,0.0,True,NA,False,False,False,True
shifted_sensitivity|Bios|seed=7|fraction=1|gamma=1.01|tau=0.05|lambda=0.8,shifted_sensitivity,Bios,7,1.0,8000,1.01,0.05,0.8,external_balanced_oracle,False,,,0.0,True,NA,False,False,False,True
shifted_sensitivity|Bios|seed=7|fraction=1|gamma=1.01|tau=0.1|lambda=0.6,shifted_sensitivity,Bios,7,1.0,8000,1.01,0.1,0.6,always_deploy_balanced,True,TaCo::components_removed=5,TaCo,0.0,True,False,True,False,False,True
shifted_sensitivity|Bios|seed=7|fraction=1|gamma=1.01|tau=0.1|lambda=0.6,shifted_sensitivity,Bios,7,1.0,8000,1.01,0.1,0.6,point_selection_balanced,False,,,0.0,True,NA,False,False,False,True
shifted_sensitivity|Bios|seed=7|fraction=1|gamma=1.01|tau=0.1|lambda=0.6,shifted_sensitivity,Bios,7,1.0,8000,1.01,0.1,0.6,vera_balanced_iut,False,,,0.0,True,NA,False,False,False,True
shifted_sensitivity|Bios|seed=7|fraction=1|gamma=1.01|tau=0.1|lambda=0.6,shifted_sensitivity,Bios,7,1.0,8000,1.01,0.1,0.6,vera_balanced_envelope,False,,,0.0,True,NA,False,False,False,True
shifted_sensitivity|Bios|seed=7|fraction=1|gamma=1.01|tau=0.1|lambda=0.6,shifted_sensitivity,Bios,7,1.0,8000,1.01,0.1,0.6,external_balanced_oracle,False,,,0.0,True,NA,False,False,False,True
shifted_sensitivity|Bios|seed=7|fraction=1|gamma=1.01|tau=0.1|lambda=0.7,shifted_sensitivity,Bios,7,1.0,8000,1.01,0.1,0.7,always_deploy_balanced,True,TaCo::components_removed=5,TaCo,0.0,True,False,True,False,False,True
shifted_sensitivity|Bios|seed=7|fraction=1|gamma=1.01|tau=0.1|lambda=0.7,shifted_sensitivity,Bios,7,1.0,8000,1.01,0.1,0.7,point_selection_balanced,False,,,0.0,True,NA,False,False,False,True
shifted_sensitivity|Bios|seed=7|fraction=1|gamma=1.01|tau=0.1|lambda=0.7,shifted_sensitivity,Bios,7,1.0,8000,1.01,0.1,0.7,vera_balanced_iut,False,,,0.0,True,NA,False,False,False,True
shifted_sensitivity|Bios|seed=7|fraction=1|gamma=1.01|tau=0.1|lambda=0.7,shifted_sensitivity,Bios,7,1.0,8000,1.01,0.1,0.7,vera_balanced_envelope,False,,,0.0,True,NA,False,False,False,True
shifted_sensitivity|Bios|seed=7|fraction=1|gamma=1.01|tau=0.1|lambda=0.7,shifted_sensitivity,Bios,7,1.0,8000,1.01,0.1,0.7,external_balanced_oracle,False,,,0.0,True,NA,False,False,False,True
shifted_sensitivity|Bios|seed=7|fraction=1|gamma=1.01|tau=0.1|lambda=0.8,shifted_sensitivity,Bios,7,1.0,8000,1.01,0.1,0.8,always_deploy_balanced,True,TaCo::components_removed=5,TaCo,0.0,True,False,True,False,False,True
shifted_sensitivity|Bios|seed=7|fraction=1|gamma=1.01|tau=0.1|lambda=0.8,shifted_sensitivity,Bios,7,1.0,8000,1.01,0.1,0.8,point_selection_balanced,False,,,0.0,True,NA,False,False,False,True
shifted_sensitivity|Bios|seed=7|fraction=1|gamma=1.01|tau=0.1|lambda=0.8,shifted_sensitivity,Bios,7,1.0,8000,1.01,0.1,0.8,vera_balanced_iut,False,,,0.0,True,NA,False,False,False,True
shifted_sensitivity|Bios|seed=7|fraction=1|gamma=1.01|tau=0.1|lambda=0.8,shifted_sensitivity,Bios,7,1.0,8000,1.01,0.1,0.8,vera_balanced_envelope,False,,,0.0,True,NA,False,False,False,True
shifted_sensitivity|Bios|seed=7|fraction=1|gamma=1.01|tau=0.1|lambda=0.8,shifted_sensitivity,Bios,7,1.0,8000,1.01,0.1,0.8,external_balanced_oracle,False,,,0.0,True,NA,False,False,False,True
shifted_sensitivity|Bios|seed=7|fraction=1|gamma=1.01|tau=0.2|lambda=0.6,shifted_sensitivity,Bios,7,1.0,8000,1.01,0.2,0.6,always_deploy_balanced,True,TaCo::components_removed=5,TaCo,0.0,True,False,True,False,False,True
shifted_sensitivity|Bios|seed=7|fraction=1|gamma=1.01|tau=0.2|lambda=0.6,shifted_sensitivity,Bios,7,1.0,8000,1.01,0.2,0.6,point_selection_balanced,False,,,0.0,True,NA,False,False,False,True
shifted_sensitivity|Bios|seed=7|fraction=1|gamma=1.01|tau=0.2|lambda=0.6,shifted_sensitivity,Bios,7,1.0,8000,1.01,0.2,0.6,vera_balanced_iut,False,,,0.0,True,NA,False,False,False,True
shifted_sensitivity|Bios|seed=7|fraction=1|gamma=1.01|tau=0.2|lambda=0.6,shifted_sensitivity,Bios,7,1.0,8000,1.01,0.2,0.6,vera_balanced_envelope,False,,,0.0,True,NA,False,False,False,True
shifted_sensitivity|Bios|seed=7|fraction=1|gamma=1.01|tau=0.2|lambda=0.6,shifted_sensitivity,Bios,7,1.0,8000,1.01,0.2,0.6,external_balanced_oracle,False,,,0.0,True,NA,False,False,False,True
shifted_sensitivity|Bios|seed=7|fraction=1|gamma=1.01|tau=0.2|lambda=0.7,shifted_sensitivity,Bios,7,1.0,8000,1.01,0.2,0.7,always_deploy_balanced,True,TaCo::components_removed=5,TaCo,0.0,True,False,True,False,False,True
shifted_sensitivity|Bios|seed=7|fraction=1|gamma=1.01|tau=0.2|lambda=0.7,shifted_sensitivity,Bios,7,1.0,8000,1.01,0.2,0.7,point_selection_balanced,False,,,0.0,True,NA,False,False,False,True
shifted_sensitivity|Bios|seed=7|fraction=1|gamma=1.01|tau=0.2|lambda=0.7,shifted_sensitivity,Bios,7,1.0,8000,1.01,0.2,0.7,vera_balanced_iut,False,,,0.0,True,NA,False,False,False,True
shifted_sensitivity|Bios|seed=7|fraction=1|gamma=1.01|tau=0.2|lambda=0.7,shifted_sensitivity,Bios,7,1.0,8000,1.01,0.2,0.7,vera_balanced_envelope,False,,,0.0,True,NA,False,False,False,True
shifted_sensitivity|Bios|seed=7|fraction=1|gamma=1.01|tau=0.2|lambda=0.7,shifted_sensitivity,Bios,7,1.0,8000,1.01,0.2,0.7,external_balanced_oracle,False,,,0.0,True,NA,False,False,False,True
shifted_sensitivity|Bios|seed=7|fraction=1|gamma=1.01|tau=0.2|lambda=0.8,shifted_sensitivity,Bios,7,1.0,8000,1.01,0.2,0.8,always_deploy_balanced,True,TaCo::components_removed=5,TaCo,0.0,True,False,True,False,False,True
shifted_sensitivity|Bios|seed=7|fraction=1|gamma=1.01|tau=0.2|lambda=0.8,shifted_sensitivity,Bios,7,1.0,8000,1.01,0.2,0.8,point_selection_balanced,False,,,0.0,True,NA,False,False,False,True
shifted_sensitivity|Bios|seed=7|fraction=1|gamma=1.01|tau=0.2|lambda=0.8,shifted_sensitivity,Bios,7,1.0,8000,1.01,0.2,0.8,vera_balanced_iut,False,,,0.0,True,NA,False,False,False,True
shifted_sensitivity|Bios|seed=7|fraction=1|gamma=1.01|tau=0.2|lambda=0.8,shifted_sensitivity,Bios,7,1.0,8000,1.01,0.2,0.8,vera_balanced_envelope,False,,,0.0,True,NA,False,False,False,True
shifted_sensitivity|Bios|seed=7|fraction=1|gamma=1.01|tau=0.2|lambda=0.8,shifted_sensitivity,Bios,7,1.0,8000,1.01,0.2,0.8,external_balanced_oracle,False,,,0.0,True,NA,False,False,False,True
learning_curve|Bios|seed=8|fraction=0.05|gamma=1|tau=0.05|lambda=0.6,learning_curve,Bios,8,0.05,385,1.0,0.05,0.6,always_deploy_balanced,True,TaCo::components_removed=5,TaCo,0.0,True,False,True,False,False,True
learning_curve|Bios|seed=8|fraction=0.05|gamma=1|tau=0.05|lambda=0.6,learning_curve,Bios,8,0.05,385,1.0,0.05,0.6,point_selection_balanced,False,,,0.0,True,NA,False,False,False,True
learning_curve|Bios|seed=8|fraction=0.05|gamma=1|tau=0.05|lambda=0.6,learning_curve,Bios,8,0.05,385,1.0,0.05,0.6,vera_balanced_iut,False,,,0.0,True,NA,False,False,False,True
learning_curve|Bios|seed=8|fraction=0.05|gamma=1|tau=0.05|lambda=0.6,learning_curve,Bios,8,0.05,385,1.0,0.05,0.6,vera_balanced_envelope,False,,,0.0,True,NA,False,False,False,True
learning_curve|Bios|seed=8|fraction=0.05|gamma=1|tau=0.05|lambda=0.6,learning_curve,Bios,8,0.05,385,1.0,0.05,0.6,external_balanced_oracle,False,,,0.0,True,NA,False,False,False,True
learning_curve|Bios|seed=8|fraction=0.05|gamma=1|tau=0.05|lambda=0.7,learning_curve,Bios,8,0.05,385,1.0,0.05,0.7,always_deploy_balanced,True,TaCo::components_removed=5,TaCo,0.0,True,False,True,False,False,True
learning_curve|Bios|seed=8|fraction=0.05|gamma=1|tau=0.05|lambda=0.7,learning_curve,Bios,8,0.05,385,1.0,0.05,0.7,point_selection_balanced,False,,,0.0,True,NA,False,False,False,True
learning_curve|Bios|seed=8|fraction=0.05|gamma=1|tau=0.05|lambda=0.7,learning_curve,Bios,8,0.05,385,1.0,0.05,0.7,vera_balanced_iut,False,,,0.0,True,NA,False,False,False,True
learning_curve|Bios|seed=8|fraction=0.05|gamma=1|tau=0.05|lambda=0.7,learning_curve,Bios,8,0.05,385,1.0,0.05,0.7,vera_balanced_envelope,False,,,0.0,True,NA,False,False,False,True
learning_curve|Bios|seed=8|fraction=0.05|gamma=1|tau=0.05|lambda=0.7,learning_curve,Bios,8,0.05,385,1.0,0.05,0.7,external_balanced_oracle,False,,,0.0,True,NA,False,False,False,True
learning_curve|Bios|seed=8|fraction=0.05|gamma=1|tau=0.05|lambda=0.8,learning_curve,Bios,8,0.05,385,1.0,0.05,0.8,always_deploy_balanced,True,TaCo::components_removed=5,TaCo,0.0,True,False,True,False,False,True
learning_curve|Bios|seed=8|fraction=0.05|gamma=1|tau=0.05|lambda=0.8,learning_curve,Bios,8,0.05,385,1.0,0.05,0.8,point_selection_balanced,False,,,0.0,True,NA,False,False,False,True
learning_curve|Bios|seed=8|fraction=0.05|gamma=1|tau=0.05|lambda=0.8,learning_curve,Bios,8,0.05,385,1.0,0.05,0.8,vera_balanced_iut,False,,,0.0,True,NA,False,False,False,True
learning_curve|Bios|seed=8|fraction=0.05|gamma=1|tau=0.05|lambda=0.8,learning_curve,Bios,8,0.05,385,1.0,0.05,0.8,vera_balanced_envelope,False,,,0.0,True,NA,False,False,False,True
learning_curve|Bios|seed=8|fraction=0.05|gamma=1|tau=0.05|lambda=0.8,learning_curve,Bios,8,0.05,385,1.0,0.05,0.8,external_balanced_oracle,False,,,0.0,True,NA,False,False,False,True
learning_curve|Bios|seed=8|fraction=0.05|gamma=1|tau=0.1|lambda=0.6,learning_curve,Bios,8,0.05,385,1.0,0.1,0.6,always_deploy_balanced,True,TaCo::components_removed=5,TaCo,0.0,True,False,True,False,False,True
learning_curve|Bios|seed=8|fraction=0.05|gamma=1|tau=0.1|lambda=0.6,learning_curve,Bios,8,0.05,385,1.0,0.1,0.6,point_selection_balanced,False,,,0.0,True,NA,False,False,False,True
learning_curve|Bios|seed=8|fraction=0.05|gamma=1|tau=0.1|lambda=0.6,learning_curve,Bios,8,0.05,385,1.0,0.1,0.6,vera_balanced_iut,False,,,0.0,True,NA,False,False,False,True
learning_curve|Bios|seed=8|fraction=0.05|gamma=1|tau=0.1|lambda=0.6,learning_curve,Bios,8,0.05,385,1.0,0.1,0.6,vera_balanced_envelope,False,,,0.0,True,NA,False,False,False,True
learning_curve|Bios|seed=8|fraction=0.05|gamma=1|tau=0.1|lambda=0.6,learning_curve,Bios,8,0.05,385,1.0,0.1,0.6,external_balanced_oracle,False,,,0.0,True,NA,False,False,False,True
learning_curve|Bios|seed=8|fraction=0.05|gamma=1|tau=0.1|lambda=0.7,learning_curve,Bios,8,0.05,385,1.0,0.1,0.7,always_deploy_balanced,True,TaCo::components_removed=5,TaCo,0.0,True,False,True,False,False,True
learning_curve|Bios|seed=8|fraction=0.05|gamma=1|tau=0.1|lambda=0.7,learning_curve,Bios,8,0.05,385,1.0,0.1,0.7,point_selection_balanced,False,,,0.0,True,NA,False,False,False,True
learning_curve|Bios|seed=8|fraction=0.05|gamma=1|tau=0.1|lambda=0.7,learning_curve,Bios,8,0.05,385,1.0,0.1,0.7,vera_balanced_iut,False,,,0.0,True,NA,False,False,False,True
learning_curve|Bios|seed=8|fraction=0.05|gamma=1|tau=0.1|lambda=0.7,learning_curve,Bios,8,0.05,385,1.0,0.1,0.7,vera_balanced_envelope,False,,,0.0,True,NA,False,False,False,True
learning_curve|Bios|seed=8|fraction=0.05|gamma=1|tau=0.1|lambda=0.7,learning_curve,Bios,8,0.05,385,1.0,0.1,0.7,external_balanced_oracle,False,,,0.0,True,NA,False,False,False,True
learning_curve|Bios|seed=8|fraction=0.05|gamma=1|tau=0.1|lambda=0.8,learning_curve,Bios,8,0.05,385,1.0,0.1,0.8,always_deploy_balanced,True,TaCo::components_removed=5,TaCo,0.0,True,False,True,False,False,True
learning_curve|Bios|seed=8|fraction=0.05|gamma=1|tau=0.1|lambda=0.8,learning_curve,Bios,8,0.05,385,1.0,0.1,0.8,point_selection_balanced,False,,,0.0,True,NA,False,False,False,True
learning_curve|Bios|seed=8|fraction=0.05|gamma=1|tau=0.1|lambda=0.8,learning_curve,Bios,8,0.05,385,1.0,0.1,0.8,vera_balanced_iut,False,,,0.0,True,NA,False,False,False,True
learning_curve|Bios|seed=8|fraction=0.05|gamma=1|tau=0.1|lambda=0.8,learning_curve,Bios,8,0.05,385,1.0,0.1,0.8,vera_balanced_envelope,False,,,0.0,True,NA,False,False,False,True
learning_curve|Bios|seed=8|fraction=0.05|gamma=1|tau=0.1|lambda=0.8,learning_curve,Bios,8,0.05,385,1.0,0.1,0.8,external_balanced_oracle,False,,,0.0,True,NA,False,False,False,True
learning_curve|Bios|seed=8|fraction=0.05|gamma=1|tau=0.2|lambda=0.6,learning_curve,Bios,8,0.05,385,1.0,0.2,0.6,always_deploy_balanced,True,TaCo::components_removed=5,TaCo,0.0,True,False,True,False,False,True
learning_curve|Bios|seed=8|fraction=0.05|gamma=1|tau=0.2|lambda=0.6,learning_curve,Bios,8,0.05,385,1.0,0.2,0.6,point_selection_balanced,False,,,0.0,True,NA,False,False,False,True
learning_curve|Bios|seed=8|fraction=0.05|gamma=1|tau=0.2|lambda=0.6,learning_curve,Bios,8,0.05,385,1.0,0.2,0.6,vera_balanced_iut,False,,,0.0,True,NA,False,False,False,True
learning_curve|Bios|seed=8|fraction=0.05|gamma=1|tau=0.2|lambda=0.6,learning_curve,Bios,8,0.05,385,1.0,0.2,0.6,vera_balanced_envelope,False,,,0.0,True,NA,False,False,False,True
learning_curve|Bios|seed=8|fraction=0.05|gamma=1|tau=0.2|lambda=0.6,learning_curve,Bios,8,0.05,385,1.0,0.2,0.6,external_balanced_oracle,False,,,0.0,True,NA,False,False,False,True
learning_curve|Bios|seed=8|fraction=0.05|gamma=1|tau=0.2|lambda=0.7,learning_curve,Bios,8,0.05,385,1.0,0.2,0.7,always_deploy_balanced,True,TaCo::components_removed=5,TaCo,0.0,True,False,True,False,False,True
learning_curve|Bios|seed=8|fraction=0.05|gamma=1|tau=0.2|lambda=0.7,learning_curve,Bios,8,0.05,385,1.0,0.2,0.7,point_selection_balanced,False,,,0.0,True,NA,False,False,False,True
learning_curve|Bios|seed=8|fraction=0.05|gamma=1|tau=0.2|lambda=0.7,learning_curve,Bios,8,0.05,385,1.0,0.2,0.7,vera_balanced_iut,False,,,0.0,True,NA,False,False,False,True
learning_curve|Bios|seed=8|fraction=0.05|gamma=1|tau=0.2|lambda=0.7,learning_curve,Bios,8,0.05,385,1.0,0.2,0.7,vera_balanced_envelope,False,,,0.0,True,NA,False,False,False,True
learning_curve|Bios|seed=8|fraction=0.05|gamma=1|tau=0.2|lambda=0.7,learning_curve,Bios,8,0.05,385,1.0,0.2,0.7,external_balanced_oracle,False,,,0.0,True,NA,False,False,False,True
learning_curve|Bios|seed=8|fraction=0.05|gamma=1|tau=0.2|lambda=0.8,learning_curve,Bios,8,0.05,385,1.0,0.2,0.8,always_deploy_balanced,True,TaCo::components_removed=5,TaCo,0.0,True,False,True,False,False,True
learning_curve|Bios|seed=8|fraction=0.05|gamma=1|tau=0.2|lambda=0.8,learning_curve,Bios,8,0.05,385,1.0,0.2,0.8,point_selection_balanced,False,,,0.0,True,NA,False,False,False,True
learning_curve|Bios|seed=8|fraction=0.05|gamma=1|tau=0.2|lambda=0.8,learning_curve,Bios,8,0.05,385,1.0,0.2,0.8,vera_balanced_iut,False,,,0.0,True,NA,False,False,False,True
learning_curve|Bios|seed=8|fraction=0.05|gamma=1|tau=0.2|lambda=0.8,learning_curve,Bios,8,0.05,385,1.0,0.2,0.8,vera_balanced_envelope,False,,,0.0,True,NA,False,False,False,True
learning_curve|Bios|seed=8|fraction=0.05|gamma=1|tau=0.2|lambda=0.8,learning_curve,Bios,8,0.05,385,1.0,0.2,0.8,external_balanced_oracle,False,,,0.0,True,NA,False,False,False,True
learning_curve|Bios|seed=8|fraction=0.1|gamma=1|tau=0.05|lambda=0.6,learning_curve,Bios,8,0.1,783,1.0,0.05,0.6,always_deploy_balanced,True,TaCo::components_removed=5,TaCo,0.0,True,False,True,False,False,True
learning_curve|Bios|seed=8|fraction=0.1|gamma=1|tau=0.05|lambda=0.6,learning_curve,Bios,8,0.1,783,1.0,0.05,0.6,point_selection_balanced,False,,,0.0,True,NA,False,False,False,True
learning_curve|Bios|seed=8|fraction=0.1|gamma=1|tau=0.05|lambda=0.6,learning_curve,Bios,8,0.1,783,1.0,0.05,0.6,vera_balanced_iut,False,,,0.0,True,NA,False,False,False,True
learning_curve|Bios|seed=8|fraction=0.1|gamma=1|tau=0.05|lambda=0.6,learning_curve,Bios,8,0.1,783,1.0,0.05,0.6,vera_balanced_envelope,False,,,0.0,True,NA,False,False,False,True
learning_curve|Bios|seed=8|fraction=0.1|gamma=1|tau=0.05|lambda=0.6,learning_curve,Bios,8,0.1,783,1.0,0.05,0.6,external_balanced_oracle,False,,,0.0,True,NA,False,False,False,True
learning_curve|Bios|seed=8|fraction=0.1|gamma=1|tau=0.05|lambda=0.7,learning_curve,Bios,8,0.1,783,1.0,0.05,0.7,always_deploy_balanced,True,TaCo::components_removed=5,TaCo,0.0,True,False,True,False,False,True
learning_curve|Bios|seed=8|fraction=0.1|gamma=1|tau=0.05|lambda=0.7,learning_curve,Bios,8,0.1,783,1.0,0.05,0.7,point_selection_balanced,False,,,0.0,True,NA,False,False,False,True
learning_curve|Bios|seed=8|fraction=0.1|gamma=1|tau=0.05|lambda=0.7,learning_curve,Bios,8,0.1,783,1.0,0.05,0.7,vera_balanced_iut,False,,,0.0,True,NA,False,False,False,True
learning_curve|Bios|seed=8|fraction=0.1|gamma=1|tau=0.05|lambda=0.7,learning_curve,Bios,8,0.1,783,1.0,0.05,0.7,vera_balanced_envelope,False,,,0.0,True,NA,False,False,False,True
learning_curve|Bios|seed=8|fraction=0.1|gamma=1|tau=0.05|lambda=0.7,learning_curve,Bios,8,0.1,783,1.0,0.05,0.7,external_balanced_oracle,False,,,0.0,True,NA,False,False,False,True
learning_curve|Bios|seed=8|fraction=0.1|gamma=1|tau=0.05|lambda=0.8,learning_curve,Bios,8,0.1,783,1.0,0.05,0.8,always_deploy_balanced,True,TaCo::components_removed=5,TaCo,0.0,True,False,True,False,False,True
learning_curve|Bios|seed=8|fraction=0.1|gamma=1|tau=0.05|lambda=0.8,learning_curve,Bios,8,0.1,783,1.0,0.05,0.8,point_selection_balanced,False,,,0.0,True,NA,False,False,False,True
learning_curve|Bios|seed=8|fraction=0.1|gamma=1|tau=0.05|lambda=0.8,learning_curve,Bios,8,0.1,783,1.0,0.05,0.8,vera_balanced_iut,False,,,0.0,True,NA,False,False,False,True
learning_curve|Bios|seed=8|fraction=0.1|gamma=1|tau=0.05|lambda=0.8,learning_curve,Bios,8,0.1,783,1.0,0.05,0.8,vera_balanced_envelope,False,,,0.0,True,NA,False,False,False,True
learning_curve|Bios|seed=8|fraction=0.1|gamma=1|tau=0.05|lambda=0.8,learning_curve,Bios,8,0.1,783,1.0,0.05,0.8,external_balanced_oracle,False,,,0.0,True,NA,False,False,False,True
learning_curve|Bios|seed=8|fraction=0.1|gamma=1|tau=0.1|lambda=0.6,learning_curve,Bios,8,0.1,783,1.0,0.1,0.6,always_deploy_balanced,True,TaCo::components_removed=5,TaCo,0.0,True,False,True,False,False,True
learning_curve|Bios|seed=8|fraction=0.1|gamma=1|tau=0.1|lambda=0.6,learning_curve,Bios,8,0.1,783,1.0,0.1,0.6,point_selection_balanced,False,,,0.0,True,NA,False,False,False,True
learning_curve|Bios|seed=8|fraction=0.1|gamma=1|tau=0.1|lambda=0.6,learning_curve,Bios,8,0.1,783,1.0,0.1,0.6,vera_balanced_iut,False,,,0.0,True,NA,False,False,False,True
learning_curve|Bios|seed=8|fraction=0.1|gamma=1|tau=0.1|lambda=0.6,learning_curve,Bios,8,0.1,783,1.0,0.1,0.6,vera_balanced_envelope,False,,,0.0,True,NA,False,False,False,True
learning_curve|Bios|seed=8|fraction=0.1|gamma=1|tau=0.1|lambda=0.6,learning_curve,Bios,8,0.1,783,1.0,0.1,0.6,external_balanced_oracle,False,,,0.0,True,NA,False,False,False,True
learning_curve|Bios|seed=8|fraction=0.1|gamma=1|tau=0.1|lambda=0.7,learning_curve,Bios,8,0.1,783,1.0,0.1,0.7,always_deploy_balanced,True,TaCo::components_removed=5,TaCo,0.0,True,False,True,False,False,True
learning_curve|Bios|seed=8|fraction=0.1|gamma=1|tau=0.1|lambda=0.7,learning_curve,Bios,8,0.1,783,1.0,0.1,0.7,point_selection_balanced,False,,,0.0,True,NA,False,False,False,True
learning_curve|Bios|seed=8|fraction=0.1|gamma=1|tau=0.1|lambda=0.7,learning_curve,Bios,8,0.1,783,1.0,0.1,0.7,vera_balanced_iut,False,,,0.0,True,NA,False,False,False,True
learning_curve|Bios|seed=8|fraction=0.1|gamma=1|tau=0.1|lambda=0.7,learning_curve,Bios,8,0.1,783,1.0,0.1,0.7,vera_balanced_envelope,False,,,0.0,True,NA,False,False,False,True
learning_curve|Bios|seed=8|fraction=0.1|gamma=1|tau=0.1|lambda=0.7,learning_curve,Bios,8,0.1,783,1.0,0.1,0.7,external_balanced_oracle,False,,,0.0,True,NA,False,False,False,True
learning_curve|Bios|seed=8|fraction=0.1|gamma=1|tau=0.1|lambda=0.8,learning_curve,Bios,8,0.1,783,1.0,0.1,0.8,always_deploy_balanced,True,TaCo::components_removed=5,TaCo,0.0,True,False,True,False,False,True
learning_curve|Bios|seed=8|fraction=0.1|gamma=1|tau=0.1|lambda=0.8,learning_curve,Bios,8,0.1,783,1.0,0.1,0.8,point_selection_balanced,False,,,0.0,True,NA,False,False,False,True
learning_curve|Bios|seed=8|fraction=0.1|gamma=1|tau=0.1|lambda=0.8,learning_curve,Bios,8,0.1,783,1.0,0.1,0.8,vera_balanced_iut,False,,,0.0,True,NA,False,False,False,True
learning_curve|Bios|seed=8|fraction=0.1|gamma=1|tau=0.1|lambda=0.8,learning_curve,Bios,8,0.1,783,1.0,0.1,0.8,vera_balanced_envelope,False,,,0.0,True,NA,False,False,False,True
learning_curve|Bios|seed=8|fraction=0.1|gamma=1|tau=0.1|lambda=0.8,learning_curve,Bios,8,0.1,783,1.0,0.1,0.8,external_balanced_oracle,False,,,0.0,True,NA,False,False,False,True
learning_curve|Bios|seed=8|fraction=0.1|gamma=1|tau=0.2|lambda=0.6,learning_curve,Bios,8,0.1,783,1.0,0.2,0.6,always_deploy_balanced,True,TaCo::components_removed=5,TaCo,0.0,True,False,True,False,False,True
learning_curve|Bios|seed=8|fraction=0.1|gamma=1|tau=0.2|lambda=0.6,learning_curve,Bios,8,0.1,783,1.0,0.2,0.6,point_selection_balanced,False,,,0.0,True,NA,False,False,False,True
learning_curve|Bios|seed=8|fraction=0.1|gamma=1|tau=0.2|lambda=0.6,learning_curve,Bios,8,0.1,783,1.0,0.2,0.6,vera_balanced_iut,False,,,0.0,True,NA,False,False,False,True
learning_curve|Bios|seed=8|fraction=0.1|gamma=1|tau=0.2|lambda=0.6,learning_curve,Bios,8,0.1,783,1.0,0.2,0.6,vera_balanced_envelope,False,,,0.0,True,NA,False,False,False,True
learning_curve|Bios|seed=8|fraction=0.1|gamma=1|tau=0.2|lambda=0.6,learning_curve,Bios,8,0.1,783,1.0,0.2,0.6,external_balanced_oracle,False,,,0.0,True,NA,False,False,False,True
learning_curve|Bios|seed=8|fraction=0.1|gamma=1|tau=0.2|lambda=0.7,learning_curve,Bios,8,0.1,783,1.0,0.2,0.7,always_deploy_balanced,True,TaCo::components_removed=5,TaCo,0.0,True,False,True,False,False,True
learning_curve|Bios|seed=8|fraction=0.1|gamma=1|tau=0.2|lambda=0.7,learning_curve,Bios,8,0.1,783,1.0,0.2,0.7,point_selection_balanced,False,,,0.0,True,NA,False,False,False,True
learning_curve|Bios|seed=8|fraction=0.1|gamma=1|tau=0.2|lambda=0.7,learning_curve,Bios,8,0.1,783,1.0,0.2,0.7,vera_balanced_iut,False,,,0.0,True,NA,False,False,False,True
learning_curve|Bios|seed=8|fraction=0.1|gamma=1|tau=0.2|lambda=0.7,learning_curve,Bios,8,0.1,783,1.0,0.2,0.7,vera_balanced_envelope,False,,,0.0,True,NA,False,False,False,True
learning_curve|Bios|seed=8|fraction=0.1|gamma=1|tau=0.2|lambda=0.7,learning_curve,Bios,8,0.1,783,1.0,0.2,0.7,external_balanced_oracle,False,,,0.0,True,NA,False,False,False,True
learning_curve|Bios|seed=8|fraction=0.1|gamma=1|tau=0.2|lambda=0.8,learning_curve,Bios,8,0.1,783,1.0,0.2,0.8,always_deploy_balanced,True,TaCo::components_removed=5,TaCo,0.0,True,False,True,False,False,True
learning_curve|Bios|seed=8|fraction=0.1|gamma=1|tau=0.2|lambda=0.8,learning_curve,Bios,8,0.1,783,1.0,0.2,0.8,point_selection_balanced,False,,,0.0,True,NA,False,False,False,True
learning_curve|Bios|seed=8|fraction=0.1|gamma=1|tau=0.2|lambda=0.8,learning_curve,Bios,8,0.1,783,1.0,0.2,0.8,vera_balanced_iut,False,,,0.0,True,NA,False,False,False,True
learning_curve|Bios|seed=8|fraction=0.1|gamma=1|tau=0.2|lambda=0.8,learning_curve,Bios,8,0.1,783,1.0,0.2,0.8,vera_balanced_envelope,False,,,0.0,True,NA,False,False,False,True
learning_curve|Bios|seed=8|fraction=0.1|gamma=1|tau=0.2|lambda=0.8,learning_curve,Bios,8,0.1,783,1.0,0.2,0.8,external_balanced_oracle,False,,,0.0,True,NA,False,False,False,True
learning_curve|Bios|seed=8|fraction=0.25|gamma=1|tau=0.05|lambda=0.6,learning_curve,Bios,8,0.25,1980,1.0,0.05,0.6,always_deploy_balanced,True,TaCo::components_removed=5,TaCo,0.0,True,False,True,False,False,True
learning_curve|Bios|seed=8|fraction=0.25|gamma=1|tau=0.05|lambda=0.6,learning_curve,Bios,8,0.25,1980,1.0,0.05,0.6,point_selection_balanced,False,,,0.0,True,NA,False,False,False,True
learning_curve|Bios|seed=8|fraction=0.25|gamma=1|tau=0.05|lambda=0.6,learning_curve,Bios,8,0.25,1980,1.0,0.05,0.6,vera_balanced_iut,False,,,0.0,True,NA,False,False,False,True
learning_curve|Bios|seed=8|fraction=0.25|gamma=1|tau=0.05|lambda=0.6,learning_curve,Bios,8,0.25,1980,1.0,0.05,0.6,vera_balanced_envelope,False,,,0.0,True,NA,False,False,False,True
learning_curve|Bios|seed=8|fraction=0.25|gamma=1|tau=0.05|lambda=0.6,learning_curve,Bios,8,0.25,1980,1.0,0.05,0.6,external_balanced_oracle,False,,,0.0,True,NA,False,False,False,True
learning_curve|Bios|seed=8|fraction=0.25|gamma=1|tau=0.05|lambda=0.7,learning_curve,Bios,8,0.25,1980,1.0,0.05,0.7,always_deploy_balanced,True,TaCo::components_removed=5,TaCo,0.0,True,False,True,False,False,True
learning_curve|Bios|seed=8|fraction=0.25|gamma=1|tau=0.05|lambda=0.7,learning_curve,Bios,8,0.25,1980,1.0,0.05,0.7,point_selection_balanced,False,,,0.0,True,NA,False,False,False,True
learning_curve|Bios|seed=8|fraction=0.25|gamma=1|tau=0.05|lambda=0.7,learning_curve,Bios,8,0.25,1980,1.0,0.05,0.7,vera_balanced_iut,False,,,0.0,True,NA,False,False,False,True
learning_curve|Bios|seed=8|fraction=0.25|gamma=1|tau=0.05|lambda=0.7,learning_curve,Bios,8,0.25,1980,1.0,0.05,0.7,vera_balanced_envelope,False,,,0.0,True,NA,False,False,False,True
learning_curve|Bios|seed=8|fraction=0.25|gamma=1|tau=0.05|lambda=0.7,learning_curve,Bios,8,0.25,1980,1.0,0.05,0.7,external_balanced_oracle,False,,,0.0,True,NA,False,False,False,True
learning_curve|Bios|seed=8|fraction=0.25|gamma=1|tau=0.05|lambda=0.8,learning_curve,Bios,8,0.25,1980,1.0,0.05,0.8,always_deploy_balanced,True,TaCo::components_removed=5,TaCo,0.0,True,False,True,False,False,True
learning_curve|Bios|seed=8|fraction=0.25|gamma=1|tau=0.05|lambda=0.8,learning_curve,Bios,8,0.25,1980,1.0,0.05,0.8,point_selection_balanced,False,,,0.0,True,NA,False,False,False,True
learning_curve|Bios|seed=8|fraction=0.25|gamma=1|tau=0.05|lambda=0.8,learning_curve,Bios,8,0.25,1980,1.0,0.05,0.8,vera_balanced_iut,False,,,0.0,True,NA,False,False,False,True
learning_curve|Bios|seed=8|fraction=0.25|gamma=1|tau=0.05|lambda=0.8,learning_curve,Bios,8,0.25,1980,1.0,0.05,0.8,vera_balanced_envelope,False,,,0.0,True,NA,False,False,False,True
learning_curve|Bios|seed=8|fraction=0.25|gamma=1|tau=0.05|lambda=0.8,learning_curve,Bios,8,0.25,1980,1.0,0.05,0.8,external_balanced_oracle,False,,,0.0,True,NA,False,False,False,True
learning_curve|Bios|seed=8|fraction=0.25|gamma=1|tau=0.1|lambda=0.6,learning_curve,Bios,8,0.25,1980,1.0,0.1,0.6,always_deploy_balanced,True,TaCo::components_removed=5,TaCo,0.0,True,False,True,False,False,True
learning_curve|Bios|seed=8|fraction=0.25|gamma=1|tau=0.1|lambda=0.6,learning_curve,Bios,8,0.25,1980,1.0,0.1,0.6,point_selection_balanced,False,,,0.0,True,NA,False,False,False,True
learning_curve|Bios|seed=8|fraction=0.25|gamma=1|tau=0.1|lambda=0.6,learning_curve,Bios,8,0.25,1980,1.0,0.1,0.6,vera_balanced_iut,False,,,0.0,True,NA,False,False,False,True
learning_curve|Bios|seed=8|fraction=0.25|gamma=1|tau=0.1|lambda=0.6,learning_curve,Bios,8,0.25,1980,1.0,0.1,0.6,vera_balanced_envelope,False,,,0.0,True,NA,False,False,False,True
learning_curve|Bios|seed=8|fraction=0.25|gamma=1|tau=0.1|lambda=0.6,learning_curve,Bios,8,0.25,1980,1.0,0.1,0.6,external_balanced_oracle,False,,,0.0,True,NA,False,False,False,True
learning_curve|Bios|seed=8|fraction=0.25|gamma=1|tau=0.1|lambda=0.7,learning_curve,Bios,8,0.25,1980,1.0,0.1,0.7,always_deploy_balanced,True,TaCo::components_removed=5,TaCo,0.0,True,False,True,False,False,True
learning_curve|Bios|seed=8|fraction=0.25|gamma=1|tau=0.1|lambda=0.7,learning_curve,Bios,8,0.25,1980,1.0,0.1,0.7,point_selection_balanced,False,,,0.0,True,NA,False,False,False,True
learning_curve|Bios|seed=8|fraction=0.25|gamma=1|tau=0.1|lambda=0.7,learning_curve,Bios,8,0.25,1980,1.0,0.1,0.7,vera_balanced_iut,False,,,0.0,True,NA,False,False,False,True
learning_curve|Bios|seed=8|fraction=0.25|gamma=1|tau=0.1|lambda=0.7,learning_curve,Bios,8,0.25,1980,1.0,0.1,0.7,vera_balanced_envelope,False,,,0.0,True,NA,False,False,False,True
learning_curve|Bios|seed=8|fraction=0.25|gamma=1|tau=0.1|lambda=0.7,learning_curve,Bios,8,0.25,1980,1.0,0.1,0.7,external_balanced_oracle,False,,,0.0,True,NA,False,False,False,True
learning_curve|Bios|seed=8|fraction=0.25|gamma=1|tau=0.1|lambda=0.8,learning_curve,Bios,8,0.25,1980,1.0,0.1,0.8,always_deploy_balanced,True,TaCo::components_removed=5,TaCo,0.0,True,False,True,False,False,True
learning_curve|Bios|seed=8|fraction=0.25|gamma=1|tau=0.1|lambda=0.8,learning_curve,Bios,8,0.25,1980,1.0,0.1,0.8,point_selection_balanced,False,,,0.0,True,NA,False,False,False,True
learning_curve|Bios|seed=8|fraction=0.25|gamma=1|tau=0.1|lambda=0.8,learning_curve,Bios,8,0.25,1980,1.0,0.1,0.8,vera_balanced_iut,False,,,0.0,True,NA,False,False,False,True
learning_curve|Bios|seed=8|fraction=0.25|gamma=1|tau=0.1|lambda=0.8,learning_curve,Bios,8,0.25,1980,1.0,0.1,0.8,vera_balanced_envelope,False,,,0.0,True,NA,False,False,False,True
learning_curve|Bios|seed=8|fraction=0.25|gamma=1|tau=0.1|lambda=0.8,learning_curve,Bios,8,0.25,1980,1.0,0.1,0.8,external_balanced_oracle,False,,,0.0,True,NA,False,False,False,True
learning_curve|Bios|seed=8|fraction=0.25|gamma=1|tau=0.2|lambda=0.6,learning_curve,Bios,8,0.25,1980,1.0,0.2,0.6,always_deploy_balanced,True,TaCo::components_removed=5,TaCo,0.0,True,False,True,False,False,True
learning_curve|Bios|seed=8|fraction=0.25|gamma=1|tau=0.2|lambda=0.6,learning_curve,Bios,8,0.25,1980,1.0,0.2,0.6,point_selection_balanced,False,,,0.0,True,NA,False,False,False,True
learning_curve|Bios|seed=8|fraction=0.25|gamma=1|tau=0.2|lambda=0.6,learning_curve,Bios,8,0.25,1980,1.0,0.2,0.6,vera_balanced_iut,False,,,0.0,True,NA,False,False,False,True
learning_curve|Bios|seed=8|fraction=0.25|gamma=1|tau=0.2|lambda=0.6,learning_curve,Bios,8,0.25,1980,1.0,0.2,0.6,vera_balanced_envelope,False,,,0.0,True,NA,False,False,False,True
learning_curve|Bios|seed=8|fraction=0.25|gamma=1|tau=0.2|lambda=0.6,learning_curve,Bios,8,0.25,1980,1.0,0.2,0.6,external_balanced_oracle,False,,,0.0,True,NA,False,False,False,True
learning_curve|Bios|seed=8|fraction=0.25|gamma=1|tau=0.2|lambda=0.7,learning_curve,Bios,8,0.25,1980,1.0,0.2,0.7,always_deploy_balanced,True,TaCo::components_removed=5,TaCo,0.0,True,False,True,False,False,True
learning_curve|Bios|seed=8|fraction=0.25|gamma=1|tau=0.2|lambda=0.7,learning_curve,Bios,8,0.25,1980,1.0,0.2,0.7,point_selection_balanced,False,,,0.0,True,NA,False,False,False,True
learning_curve|Bios|seed=8|fraction=0.25|gamma=1|tau=0.2|lambda=0.7,learning_curve,Bios,8,0.25,1980,1.0,0.2,0.7,vera_balanced_iut,False,,,0.0,True,NA,False,False,False,True
learning_curve|Bios|seed=8|fraction=0.25|gamma=1|tau=0.2|lambda=0.7,learning_curve,Bios,8,0.25,1980,1.0,0.2,0.7,vera_balanced_envelope,False,,,0.0,True,NA,False,False,False,True
learning_curve|Bios|seed=8|fraction=0.25|gamma=1|tau=0.2|lambda=0.7,learning_curve,Bios,8,0.25,1980,1.0,0.2,0.7,external_balanced_oracle,False,,,0.0,True,NA,False,False,False,True
learning_curve|Bios|seed=8|fraction=0.25|gamma=1|tau=0.2|lambda=0.8,learning_curve,Bios,8,0.25,1980,1.0,0.2,0.8,always_deploy_balanced,True,TaCo::components_removed=5,TaCo,0.0,True,False,True,False,False,True
learning_curve|Bios|seed=8|fraction=0.25|gamma=1|tau=0.2|lambda=0.8,learning_curve,Bios,8,0.25,1980,1.0,0.2,0.8,point_selection_balanced,False,,,0.0,True,NA,False,False,False,True
learning_curve|Bios|seed=8|fraction=0.25|gamma=1|tau=0.2|lambda=0.8,learning_curve,Bios,8,0.25,1980,1.0,0.2,0.8,vera_balanced_iut,False,,,0.0,True,NA,False,False,False,True
learning_curve|Bios|seed=8|fraction=0.25|gamma=1|tau=0.2|lambda=0.8,learning_curve,Bios,8,0.25,1980,1.0,0.2,0.8,vera_balanced_envelope,False,,,0.0,True,NA,False,False,False,True
learning_curve|Bios|seed=8|fraction=0.25|gamma=1|tau=0.2|lambda=0.8,learning_curve,Bios,8,0.25,1980,1.0,0.2,0.8,external_balanced_oracle,False,,,0.0,True,NA,False,False,False,True
learning_curve|Bios|seed=8|fraction=0.5|gamma=1|tau=0.05|lambda=0.6,learning_curve,Bios,8,0.5,3986,1.0,0.05,0.6,always_deploy_balanced,True,TaCo::components_removed=5,TaCo,0.0,True,False,True,False,False,True
learning_curve|Bios|seed=8|fraction=0.5|gamma=1|tau=0.05|lambda=0.6,learning_curve,Bios,8,0.5,3986,1.0,0.05,0.6,point_selection_balanced,False,,,0.0,True,NA,False,False,False,True
learning_curve|Bios|seed=8|fraction=0.5|gamma=1|tau=0.05|lambda=0.6,learning_curve,Bios,8,0.5,3986,1.0,0.05,0.6,vera_balanced_iut,False,,,0.0,True,NA,False,False,False,True
learning_curve|Bios|seed=8|fraction=0.5|gamma=1|tau=0.05|lambda=0.6,learning_curve,Bios,8,0.5,3986,1.0,0.05,0.6,vera_balanced_envelope,False,,,0.0,True,NA,False,False,False,True
learning_curve|Bios|seed=8|fraction=0.5|gamma=1|tau=0.05|lambda=0.6,learning_curve,Bios,8,0.5,3986,1.0,0.05,0.6,external_balanced_oracle,False,,,0.0,True,NA,False,False,False,True
learning_curve|Bios|seed=8|fraction=0.5|gamma=1|tau=0.05|lambda=0.7,learning_curve,Bios,8,0.5,3986,1.0,0.05,0.7,always_deploy_balanced,True,TaCo::components_removed=5,TaCo,0.0,True,False,True,False,False,True
learning_curve|Bios|seed=8|fraction=0.5|gamma=1|tau=0.05|lambda=0.7,learning_curve,Bios,8,0.5,3986,1.0,0.05,0.7,point_selection_balanced,False,,,0.0,True,NA,False,False,False,True
learning_curve|Bios|seed=8|fraction=0.5|gamma=1|tau=0.05|lambda=0.7,learning_curve,Bios,8,0.5,3986,1.0,0.05,0.7,vera_balanced_iut,False,,,0.0,True,NA,False,False,False,True
learning_curve|Bios|seed=8|fraction=0.5|gamma=1|tau=0.05|lambda=0.7,learning_curve,Bios,8,0.5,3986,1.0,0.05,0.7,vera_balanced_envelope,False,,,0.0,True,NA,False,False,False,True
learning_curve|Bios|seed=8|fraction=0.5|gamma=1|tau=0.05|lambda=0.7,learning_curve,Bios,8,0.5,3986,1.0,0.05,0.7,external_balanced_oracle,False,,,0.0,True,NA,False,False,False,True
learning_curve|Bios|seed=8|fraction=0.5|gamma=1|tau=0.05|lambda=0.8,learning_curve,Bios,8,0.5,3986,1.0,0.05,0.8,always_deploy_balanced,True,TaCo::components_removed=5,TaCo,0.0,True,False,True,False,False,True
learning_curve|Bios|seed=8|fraction=0.5|gamma=1|tau=0.05|lambda=0.8,learning_curve,Bios,8,0.5,3986,1.0,0.05,0.8,point_selection_balanced,False,,,0.0,True,NA,False,False,False,True
learning_curve|Bios|seed=8|fraction=0.5|gamma=1|tau=0.05|lambda=0.8,learning_curve,Bios,8,0.5,3986,1.0,0.05,0.8,vera_balanced_iut,False,,,0.0,True,NA,False,False,False,True
learning_curve|Bios|seed=8|fraction=0.5|gamma=1|tau=0.05|lambda=0.8,learning_curve,Bios,8,0.5,3986,1.0,0.05,0.8,vera_balanced_envelope,False,,,0.0,True,NA,False,False,False,True
learning_curve|Bios|seed=8|fraction=0.5|gamma=1|tau=0.05|lambda=0.8,learning_curve,Bios,8,0.5,3986,1.0,0.05,0.8,external_balanced_oracle,False,,,0.0,True,NA,False,False,False,True
learning_curve|Bios|seed=8|fraction=0.5|gamma=1|tau=0.1|lambda=0.6,learning_curve,Bios,8,0.5,3986,1.0,0.1,0.6,always_deploy_balanced,True,TaCo::components_removed=5,TaCo,0.0,True,False,True,False,False,True
learning_curve|Bios|seed=8|fraction=0.5|gamma=1|tau=0.1|lambda=0.6,learning_curve,Bios,8,0.5,3986,1.0,0.1,0.6,point_selection_balanced,False,,,0.0,True,NA,False,False,False,True
learning_curve|Bios|seed=8|fraction=0.5|gamma=1|tau=0.1|lambda=0.6,learning_curve,Bios,8,0.5,3986,1.0,0.1,0.6,vera_balanced_iut,False,,,0.0,True,NA,False,False,False,True
learning_curve|Bios|seed=8|fraction=0.5|gamma=1|tau=0.1|lambda=0.6,learning_curve,Bios,8,0.5,3986,1.0,0.1,0.6,vera_balanced_envelope,False,,,0.0,True,NA,False,False,False,True
learning_curve|Bios|seed=8|fraction=0.5|gamma=1|tau=0.1|lambda=0.6,learning_curve,Bios,8,0.5,3986,1.0,0.1,0.6,external_balanced_oracle,False,,,0.0,True,NA,False,False,False,True
learning_curve|Bios|seed=8|fraction=0.5|gamma=1|tau=0.1|lambda=0.7,learning_curve,Bios,8,0.5,3986,1.0,0.1,0.7,always_deploy_balanced,True,TaCo::components_removed=5,TaCo,0.0,True,False,True,False,False,True
learning_curve|Bios|seed=8|fraction=0.5|gamma=1|tau=0.1|lambda=0.7,learning_curve,Bios,8,0.5,3986,1.0,0.1,0.7,point_selection_balanced,False,,,0.0,True,NA,False,False,False,True
learning_curve|Bios|seed=8|fraction=0.5|gamma=1|tau=0.1|lambda=0.7,learning_curve,Bios,8,0.5,3986,1.0,0.1,0.7,vera_balanced_iut,False,,,0.0,True,NA,False,False,False,True
learning_curve|Bios|seed=8|fraction=0.5|gamma=1|tau=0.1|lambda=0.7,learning_curve,Bios,8,0.5,3986,1.0,0.1,0.7,vera_balanced_envelope,False,,,0.0,True,NA,False,False,False,True
learning_curve|Bios|seed=8|fraction=0.5|gamma=1|tau=0.1|lambda=0.7,learning_curve,Bios,8,0.5,3986,1.0,0.1,0.7,external_balanced_oracle,False,,,0.0,True,NA,False,False,False,True
learning_curve|Bios|seed=8|fraction=0.5|gamma=1|tau=0.1|lambda=0.8,learning_curve,Bios,8,0.5,3986,1.0,0.1,0.8,always_deploy_balanced,True,TaCo::components_removed=5,TaCo,0.0,True,False,True,False,False,True
learning_curve|Bios|seed=8|fraction=0.5|gamma=1|tau=0.1|lambda=0.8,learning_curve,Bios,8,0.5,3986,1.0,0.1,0.8,point_selection_balanced,False,,,0.0,True,NA,False,False,False,True
learning_curve|Bios|seed=8|fraction=0.5|gamma=1|tau=0.1|lambda=0.8,learning_curve,Bios,8,0.5,3986,1.0,0.1,0.8,vera_balanced_iut,False,,,0.0,True,NA,False,False,False,True
learning_curve|Bios|seed=8|fraction=0.5|gamma=1|tau=0.1|lambda=0.8,learning_curve,Bios,8,0.5,3986,1.0,0.1,0.8,vera_balanced_envelope,False,,,0.0,True,NA,False,False,False,True
learning_curve|Bios|seed=8|fraction=0.5|gamma=1|tau=0.1|lambda=0.8,learning_curve,Bios,8,0.5,3986,1.0,0.1,0.8,external_balanced_oracle,False,,,0.0,True,NA,False,False,False,True
learning_curve|Bios|seed=8|fraction=0.5|gamma=1|tau=0.2|lambda=0.6,learning_curve,Bios,8,0.5,3986,1.0,0.2,0.6,always_deploy_balanced,True,TaCo::components_removed=5,TaCo,0.0,True,False,True,False,False,True
learning_curve|Bios|seed=8|fraction=0.5|gamma=1|tau=0.2|lambda=0.6,learning_curve,Bios,8,0.5,3986,1.0,0.2,0.6,point_selection_balanced,False,,,0.0,True,NA,False,False,False,True
learning_curve|Bios|seed=8|fraction=0.5|gamma=1|tau=0.2|lambda=0.6,learning_curve,Bios,8,0.5,3986,1.0,0.2,0.6,vera_balanced_iut,False,,,0.0,True,NA,False,False,False,True
learning_curve|Bios|seed=8|fraction=0.5|gamma=1|tau=0.2|lambda=0.6,learning_curve,Bios,8,0.5,3986,1.0,0.2,0.6,vera_balanced_envelope,False,,,0.0,True,NA,False,False,False,True
learning_curve|Bios|seed=8|fraction=0.5|gamma=1|tau=0.2|lambda=0.6,learning_curve,Bios,8,0.5,3986,1.0,0.2,0.6,external_balanced_oracle,False,,,0.0,True,NA,False,False,False,True
learning_curve|Bios|seed=8|fraction=0.5|gamma=1|tau=0.2|lambda=0.7,learning_curve,Bios,8,0.5,3986,1.0,0.2,0.7,always_deploy_balanced,True,TaCo::components_removed=5,TaCo,0.0,True,False,True,False,False,True
learning_curve|Bios|seed=8|fraction=0.5|gamma=1|tau=0.2|lambda=0.7,learning_curve,Bios,8,0.5,3986,1.0,0.2,0.7,point_selection_balanced,False,,,0.0,True,NA,False,False,False,True
learning_curve|Bios|seed=8|fraction=0.5|gamma=1|tau=0.2|lambda=0.7,learning_curve,Bios,8,0.5,3986,1.0,0.2,0.7,vera_balanced_iut,False,,,0.0,True,NA,False,False,False,True
learning_curve|Bios|seed=8|fraction=0.5|gamma=1|tau=0.2|lambda=0.7,learning_curve,Bios,8,0.5,3986,1.0,0.2,0.7,vera_balanced_envelope,False,,,0.0,True,NA,False,False,False,True
learning_curve|Bios|seed=8|fraction=0.5|gamma=1|tau=0.2|lambda=0.7,learning_curve,Bios,8,0.5,3986,1.0,0.2,0.7,external_balanced_oracle,False,,,0.0,True,NA,False,False,False,True
learning_curve|Bios|seed=8|fraction=0.5|gamma=1|tau=0.2|lambda=0.8,learning_curve,Bios,8,0.5,3986,1.0,0.2,0.8,always_deploy_balanced,True,TaCo::components_removed=5,TaCo,0.0,True,False,True,False,False,True
learning_curve|Bios|seed=8|fraction=0.5|gamma=1|tau=0.2|lambda=0.8,learning_curve,Bios,8,0.5,3986,1.0,0.2,0.8,point_selection_balanced,False,,,0.0,True,NA,False,False,False,True
learning_curve|Bios|seed=8|fraction=0.5|gamma=1|tau=0.2|lambda=0.8,learning_curve,Bios,8,0.5,3986,1.0,0.2,0.8,vera_balanced_iut,False,,,0.0,True,NA,False,False,False,True
learning_curve|Bios|seed=8|fraction=0.5|gamma=1|tau=0.2|lambda=0.8,learning_curve,Bios,8,0.5,3986,1.0,0.2,0.8,vera_balanced_envelope,False,,,0.0,True,NA,False,False,False,True
learning_curve|Bios|seed=8|fraction=0.5|gamma=1|tau=0.2|lambda=0.8,learning_curve,Bios,8,0.5,3986,1.0,0.2,0.8,external_balanced_oracle,False,,,0.0,True,NA,False,False,False,True
primary|Bios|seed=8|fraction=1|gamma=1|tau=0.05|lambda=0.6,primary,Bios,8,1.0,8000,1.0,0.05,0.6,always_deploy_balanced,True,TaCo::components_removed=5,TaCo,0.0,True,False,True,False,False,True
primary|Bios|seed=8|fraction=1|gamma=1|tau=0.05|lambda=0.6,primary,Bios,8,1.0,8000,1.0,0.05,0.6,point_selection_balanced,False,,,0.0,True,NA,False,False,False,True
primary|Bios|seed=8|fraction=1|gamma=1|tau=0.05|lambda=0.6,primary,Bios,8,1.0,8000,1.0,0.05,0.6,vera_balanced_iut,False,,,0.0,True,NA,False,False,False,True
primary|Bios|seed=8|fraction=1|gamma=1|tau=0.05|lambda=0.6,primary,Bios,8,1.0,8000,1.0,0.05,0.6,vera_balanced_envelope,False,,,0.0,True,NA,False,False,False,True
primary|Bios|seed=8|fraction=1|gamma=1|tau=0.05|lambda=0.6,primary,Bios,8,1.0,8000,1.0,0.05,0.6,external_balanced_oracle,False,,,0.0,True,NA,False,False,False,True
primary|Bios|seed=8|fraction=1|gamma=1|tau=0.05|lambda=0.7,primary,Bios,8,1.0,8000,1.0,0.05,0.7,always_deploy_balanced,True,TaCo::components_removed=5,TaCo,0.0,True,False,True,False,False,True
primary|Bios|seed=8|fraction=1|gamma=1|tau=0.05|lambda=0.7,primary,Bios,8,1.0,8000,1.0,0.05,0.7,point_selection_balanced,False,,,0.0,True,NA,False,False,False,True
primary|Bios|seed=8|fraction=1|gamma=1|tau=0.05|lambda=0.7,primary,Bios,8,1.0,8000,1.0,0.05,0.7,vera_balanced_iut,False,,,0.0,True,NA,False,False,False,True
primary|Bios|seed=8|fraction=1|gamma=1|tau=0.05|lambda=0.7,primary,Bios,8,1.0,8000,1.0,0.05,0.7,vera_balanced_envelope,False,,,0.0,True,NA,False,False,False,True
primary|Bios|seed=8|fraction=1|gamma=1|tau=0.05|lambda=0.7,primary,Bios,8,1.0,8000,1.0,0.05,0.7,external_balanced_oracle,False,,,0.0,True,NA,False,False,False,True
primary|Bios|seed=8|fraction=1|gamma=1|tau=0.05|lambda=0.8,primary,Bios,8,1.0,8000,1.0,0.05,0.8,always_deploy_balanced,True,TaCo::components_removed=5,TaCo,0.0,True,False,True,False,False,True
primary|Bios|seed=8|fraction=1|gamma=1|tau=0.05|lambda=0.8,primary,Bios,8,1.0,8000,1.0,0.05,0.8,point_selection_balanced,False,,,0.0,True,NA,False,False,False,True
primary|Bios|seed=8|fraction=1|gamma=1|tau=0.05|lambda=0.8,primary,Bios,8,1.0,8000,1.0,0.05,0.8,vera_balanced_iut,False,,,0.0,True,NA,False,False,False,True
primary|Bios|seed=8|fraction=1|gamma=1|tau=0.05|lambda=0.8,primary,Bios,8,1.0,8000,1.0,0.05,0.8,vera_balanced_envelope,False,,,0.0,True,NA,False,False,False,True
primary|Bios|seed=8|fraction=1|gamma=1|tau=0.05|lambda=0.8,primary,Bios,8,1.0,8000,1.0,0.05,0.8,external_balanced_oracle,False,,,0.0,True,NA,False,False,False,True
primary|Bios|seed=8|fraction=1|gamma=1|tau=0.1|lambda=0.6,primary,Bios,8,1.0,8000,1.0,0.1,0.6,always_deploy_balanced,True,TaCo::components_removed=5,TaCo,0.0,True,False,True,False,False,True
primary|Bios|seed=8|fraction=1|gamma=1|tau=0.1|lambda=0.6,primary,Bios,8,1.0,8000,1.0,0.1,0.6,point_selection_balanced,False,,,0.0,True,NA,False,False,False,True
primary|Bios|seed=8|fraction=1|gamma=1|tau=0.1|lambda=0.6,primary,Bios,8,1.0,8000,1.0,0.1,0.6,vera_balanced_iut,False,,,0.0,True,NA,False,False,False,True
primary|Bios|seed=8|fraction=1|gamma=1|tau=0.1|lambda=0.6,primary,Bios,8,1.0,8000,1.0,0.1,0.6,vera_balanced_envelope,False,,,0.0,True,NA,False,False,False,True
primary|Bios|seed=8|fraction=1|gamma=1|tau=0.1|lambda=0.6,primary,Bios,8,1.0,8000,1.0,0.1,0.6,external_balanced_oracle,False,,,0.0,True,NA,False,False,False,True
primary|Bios|seed=8|fraction=1|gamma=1|tau=0.1|lambda=0.7,primary,Bios,8,1.0,8000,1.0,0.1,0.7,always_deploy_balanced,True,TaCo::components_removed=5,TaCo,0.0,True,False,True,False,False,True
primary|Bios|seed=8|fraction=1|gamma=1|tau=0.1|lambda=0.7,primary,Bios,8,1.0,8000,1.0,0.1,0.7,point_selection_balanced,False,,,0.0,True,NA,False,False,False,True
primary|Bios|seed=8|fraction=1|gamma=1|tau=0.1|lambda=0.7,primary,Bios,8,1.0,8000,1.0,0.1,0.7,vera_balanced_iut,False,,,0.0,True,NA,False,False,False,True
primary|Bios|seed=8|fraction=1|gamma=1|tau=0.1|lambda=0.7,primary,Bios,8,1.0,8000,1.0,0.1,0.7,vera_balanced_envelope,False,,,0.0,True,NA,False,False,False,True
primary|Bios|seed=8|fraction=1|gamma=1|tau=0.1|lambda=0.7,primary,Bios,8,1.0,8000,1.0,0.1,0.7,external_balanced_oracle,False,,,0.0,True,NA,False,False,False,True
primary|Bios|seed=8|fraction=1|gamma=1|tau=0.1|lambda=0.8,primary,Bios,8,1.0,8000,1.0,0.1,0.8,always_deploy_balanced,True,TaCo::components_removed=5,TaCo,0.0,True,False,True,False,False,True
primary|Bios|seed=8|fraction=1|gamma=1|tau=0.1|lambda=0.8,primary,Bios,8,1.0,8000,1.0,0.1,0.8,point_selection_balanced,False,,,0.0,True,NA,False,False,False,True
primary|Bios|seed=8|fraction=1|gamma=1|tau=0.1|lambda=0.8,primary,Bios,8,1.0,8000,1.0,0.1,0.8,vera_balanced_iut,False,,,0.0,True,NA,False,False,False,True
primary|Bios|seed=8|fraction=1|gamma=1|tau=0.1|lambda=0.8,primary,Bios,8,1.0,8000,1.0,0.1,0.8,vera_balanced_envelope,False,,,0.0,True,NA,False,False,False,True
primary|Bios|seed=8|fraction=1|gamma=1|tau=0.1|lambda=0.8,primary,Bios,8,1.0,8000,1.0,0.1,0.8,external_balanced_oracle,False,,,0.0,True,NA,False,False,False,True
primary|Bios|seed=8|fraction=1|gamma=1|tau=0.2|lambda=0.6,primary,Bios,8,1.0,8000,1.0,0.2,0.6,always_deploy_balanced,True,TaCo::components_removed=5,TaCo,0.0,True,False,True,False,False,True
primary|Bios|seed=8|fraction=1|gamma=1|tau=0.2|lambda=0.6,primary,Bios,8,1.0,8000,1.0,0.2,0.6,point_selection_balanced,False,,,0.0,True,NA,False,False,False,True
primary|Bios|seed=8|fraction=1|gamma=1|tau=0.2|lambda=0.6,primary,Bios,8,1.0,8000,1.0,0.2,0.6,vera_balanced_iut,False,,,0.0,True,NA,False,False,False,True
primary|Bios|seed=8|fraction=1|gamma=1|tau=0.2|lambda=0.6,primary,Bios,8,1.0,8000,1.0,0.2,0.6,vera_balanced_envelope,False,,,0.0,True,NA,False,False,False,True
primary|Bios|seed=8|fraction=1|gamma=1|tau=0.2|lambda=0.6,primary,Bios,8,1.0,8000,1.0,0.2,0.6,external_balanced_oracle,False,,,0.0,True,NA,False,False,False,True
primary|Bios|seed=8|fraction=1|gamma=1|tau=0.2|lambda=0.7,primary,Bios,8,1.0,8000,1.0,0.2,0.7,always_deploy_balanced,True,TaCo::components_removed=5,TaCo,0.0,True,False,True,False,False,True
primary|Bios|seed=8|fraction=1|gamma=1|tau=0.2|lambda=0.7,primary,Bios,8,1.0,8000,1.0,0.2,0.7,point_selection_balanced,False,,,0.0,True,NA,False,False,False,True
primary|Bios|seed=8|fraction=1|gamma=1|tau=0.2|lambda=0.7,primary,Bios,8,1.0,8000,1.0,0.2,0.7,vera_balanced_iut,False,,,0.0,True,NA,False,False,False,True
primary|Bios|seed=8|fraction=1|gamma=1|tau=0.2|lambda=0.7,primary,Bios,8,1.0,8000,1.0,0.2,0.7,vera_balanced_envelope,False,,,0.0,True,NA,False,False,False,True
primary|Bios|seed=8|fraction=1|gamma=1|tau=0.2|lambda=0.7,primary,Bios,8,1.0,8000,1.0,0.2,0.7,external_balanced_oracle,False,,,0.0,True,NA,False,False,False,True
primary|Bios|seed=8|fraction=1|gamma=1|tau=0.2|lambda=0.8,primary,Bios,8,1.0,8000,1.0,0.2,0.8,always_deploy_balanced,True,TaCo::components_removed=5,TaCo,0.0,True,False,True,False,False,True
primary|Bios|seed=8|fraction=1|gamma=1|tau=0.2|lambda=0.8,primary,Bios,8,1.0,8000,1.0,0.2,0.8,point_selection_balanced,False,,,0.0,True,NA,False,False,False,True
primary|Bios|seed=8|fraction=1|gamma=1|tau=0.2|lambda=0.8,primary,Bios,8,1.0,8000,1.0,0.2,0.8,vera_balanced_iut,False,,,0.0,True,NA,False,False,False,True
primary|Bios|seed=8|fraction=1|gamma=1|tau=0.2|lambda=0.8,primary,Bios,8,1.0,8000,1.0,0.2,0.8,vera_balanced_envelope,False,,,0.0,True,NA,False,False,False,True
primary|Bios|seed=8|fraction=1|gamma=1|tau=0.2|lambda=0.8,primary,Bios,8,1.0,8000,1.0,0.2,0.8,external_balanced_oracle,False,,,0.0,True,NA,False,False,False,True
shifted_sensitivity|Bios|seed=8|fraction=1|gamma=1.01|tau=0.05|lambda=0.6,shifted_sensitivity,Bios,8,1.0,8000,1.01,0.05,0.6,always_deploy_balanced,True,TaCo::components_removed=5,TaCo,0.0,True,False,True,False,False,True
shifted_sensitivity|Bios|seed=8|fraction=1|gamma=1.01|tau=0.05|lambda=0.6,shifted_sensitivity,Bios,8,1.0,8000,1.01,0.05,0.6,point_selection_balanced,False,,,0.0,True,NA,False,False,False,True
shifted_sensitivity|Bios|seed=8|fraction=1|gamma=1.01|tau=0.05|lambda=0.6,shifted_sensitivity,Bios,8,1.0,8000,1.01,0.05,0.6,vera_balanced_iut,False,,,0.0,True,NA,False,False,False,True
shifted_sensitivity|Bios|seed=8|fraction=1|gamma=1.01|tau=0.05|lambda=0.6,shifted_sensitivity,Bios,8,1.0,8000,1.01,0.05,0.6,vera_balanced_envelope,False,,,0.0,True,NA,False,False,False,True
shifted_sensitivity|Bios|seed=8|fraction=1|gamma=1.01|tau=0.05|lambda=0.6,shifted_sensitivity,Bios,8,1.0,8000,1.01,0.05,0.6,external_balanced_oracle,False,,,0.0,True,NA,False,False,False,True
shifted_sensitivity|Bios|seed=8|fraction=1|gamma=1.01|tau=0.05|lambda=0.7,shifted_sensitivity,Bios,8,1.0,8000,1.01,0.05,0.7,always_deploy_balanced,True,TaCo::components_removed=5,TaCo,0.0,True,False,True,False,False,True
shifted_sensitivity|Bios|seed=8|fraction=1|gamma=1.01|tau=0.05|lambda=0.7,shifted_sensitivity,Bios,8,1.0,8000,1.01,0.05,0.7,point_selection_balanced,False,,,0.0,True,NA,False,False,False,True
shifted_sensitivity|Bios|seed=8|fraction=1|gamma=1.01|tau=0.05|lambda=0.7,shifted_sensitivity,Bios,8,1.0,8000,1.01,0.05,0.7,vera_balanced_iut,False,,,0.0,True,NA,False,False,False,True
shifted_sensitivity|Bios|seed=8|fraction=1|gamma=1.01|tau=0.05|lambda=0.7,shifted_sensitivity,Bios,8,1.0,8000,1.01,0.05,0.7,vera_balanced_envelope,False,,,0.0,True,NA,False,False,False,True
shifted_sensitivity|Bios|seed=8|fraction=1|gamma=1.01|tau=0.05|lambda=0.7,shifted_sensitivity,Bios,8,1.0,8000,1.01,0.05,0.7,external_balanced_oracle,False,,,0.0,True,NA,False,False,False,True
shifted_sensitivity|Bios|seed=8|fraction=1|gamma=1.01|tau=0.05|lambda=0.8,shifted_sensitivity,Bios,8,1.0,8000,1.01,0.05,0.8,always_deploy_balanced,True,TaCo::components_removed=5,TaCo,0.0,True,False,True,False,False,True
shifted_sensitivity|Bios|seed=8|fraction=1|gamma=1.01|tau=0.05|lambda=0.8,shifted_sensitivity,Bios,8,1.0,8000,1.01,0.05,0.8,point_selection_balanced,False,,,0.0,True,NA,False,False,False,True
shifted_sensitivity|Bios|seed=8|fraction=1|gamma=1.01|tau=0.05|lambda=0.8,shifted_sensitivity,Bios,8,1.0,8000,1.01,0.05,0.8,vera_balanced_iut,False,,,0.0,True,NA,False,False,False,True
shifted_sensitivity|Bios|seed=8|fraction=1|gamma=1.01|tau=0.05|lambda=0.8,shifted_sensitivity,Bios,8,1.0,8000,1.01,0.05,0.8,vera_balanced_envelope,False,,,0.0,True,NA,False,False,False,True
shifted_sensitivity|Bios|seed=8|fraction=1|gamma=1.01|tau=0.05|lambda=0.8,shifted_sensitivity,Bios,8,1.0,8000,1.01,0.05,0.8,external_balanced_oracle,False,,,0.0,True,NA,False,False,False,True
shifted_sensitivity|Bios|seed=8|fraction=1|gamma=1.01|tau=0.1|lambda=0.6,shifted_sensitivity,Bios,8,1.0,8000,1.01,0.1,0.6,always_deploy_balanced,True,TaCo::components_removed=5,TaCo,0.0,True,False,True,False,False,True
shifted_sensitivity|Bios|seed=8|fraction=1|gamma=1.01|tau=0.1|lambda=0.6,shifted_sensitivity,Bios,8,1.0,8000,1.01,0.1,0.6,point_selection_balanced,False,,,0.0,True,NA,False,False,False,True
shifted_sensitivity|Bios|seed=8|fraction=1|gamma=1.01|tau=0.1|lambda=0.6,shifted_sensitivity,Bios,8,1.0,8000,1.01,0.1,0.6,vera_balanced_iut,False,,,0.0,True,NA,False,False,False,True
shifted_sensitivity|Bios|seed=8|fraction=1|gamma=1.01|tau=0.1|lambda=0.6,shifted_sensitivity,Bios,8,1.0,8000,1.01,0.1,0.6,vera_balanced_envelope,False,,,0.0,True,NA,False,False,False,True
shifted_sensitivity|Bios|seed=8|fraction=1|gamma=1.01|tau=0.1|lambda=0.6,shifted_sensitivity,Bios,8,1.0,8000,1.01,0.1,0.6,external_balanced_oracle,False,,,0.0,True,NA,False,False,False,True
shifted_sensitivity|Bios|seed=8|fraction=1|gamma=1.01|tau=0.1|lambda=0.7,shifted_sensitivity,Bios,8,1.0,8000,1.01,0.1,0.7,always_deploy_balanced,True,TaCo::components_removed=5,TaCo,0.0,True,False,True,False,False,True
shifted_sensitivity|Bios|seed=8|fraction=1|gamma=1.01|tau=0.1|lambda=0.7,shifted_sensitivity,Bios,8,1.0,8000,1.01,0.1,0.7,point_selection_balanced,False,,,0.0,True,NA,False,False,False,True
shifted_sensitivity|Bios|seed=8|fraction=1|gamma=1.01|tau=0.1|lambda=0.7,shifted_sensitivity,Bios,8,1.0,8000,1.01,0.1,0.7,vera_balanced_iut,False,,,0.0,True,NA,False,False,False,True
shifted_sensitivity|Bios|seed=8|fraction=1|gamma=1.01|tau=0.1|lambda=0.7,shifted_sensitivity,Bios,8,1.0,8000,1.01,0.1,0.7,vera_balanced_envelope,False,,,0.0,True,NA,False,False,False,True
shifted_sensitivity|Bios|seed=8|fraction=1|gamma=1.01|tau=0.1|lambda=0.7,shifted_sensitivity,Bios,8,1.0,8000,1.01,0.1,0.7,external_balanced_oracle,False,,,0.0,True,NA,False,False,False,True
shifted_sensitivity|Bios|seed=8|fraction=1|gamma=1.01|tau=0.1|lambda=0.8,shifted_sensitivity,Bios,8,1.0,8000,1.01,0.1,0.8,always_deploy_balanced,True,TaCo::components_removed=5,TaCo,0.0,True,False,True,False,False,True
shifted_sensitivity|Bios|seed=8|fraction=1|gamma=1.01|tau=0.1|lambda=0.8,shifted_sensitivity,Bios,8,1.0,8000,1.01,0.1,0.8,point_selection_balanced,False,,,0.0,True,NA,False,False,False,True
shifted_sensitivity|Bios|seed=8|fraction=1|gamma=1.01|tau=0.1|lambda=0.8,shifted_sensitivity,Bios,8,1.0,8000,1.01,0.1,0.8,vera_balanced_iut,False,,,0.0,True,NA,False,False,False,True
shifted_sensitivity|Bios|seed=8|fraction=1|gamma=1.01|tau=0.1|lambda=0.8,shifted_sensitivity,Bios,8,1.0,8000,1.01,0.1,0.8,vera_balanced_envelope,False,,,0.0,True,NA,False,False,False,True
shifted_sensitivity|Bios|seed=8|fraction=1|gamma=1.01|tau=0.1|lambda=0.8,shifted_sensitivity,Bios,8,1.0,8000,1.01,0.1,0.8,external_balanced_oracle,False,,,0.0,True,NA,False,False,False,True
shifted_sensitivity|Bios|seed=8|fraction=1|gamma=1.01|tau=0.2|lambda=0.6,shifted_sensitivity,Bios,8,1.0,8000,1.01,0.2,0.6,always_deploy_balanced,True,TaCo::components_removed=5,TaCo,0.0,True,False,True,False,False,True
shifted_sensitivity|Bios|seed=8|fraction=1|gamma=1.01|tau=0.2|lambda=0.6,shifted_sensitivity,Bios,8,1.0,8000,1.01,0.2,0.6,point_selection_balanced,False,,,0.0,True,NA,False,False,False,True
shifted_sensitivity|Bios|seed=8|fraction=1|gamma=1.01|tau=0.2|lambda=0.6,shifted_sensitivity,Bios,8,1.0,8000,1.01,0.2,0.6,vera_balanced_iut,False,,,0.0,True,NA,False,False,False,True
shifted_sensitivity|Bios|seed=8|fraction=1|gamma=1.01|tau=0.2|lambda=0.6,shifted_sensitivity,Bios,8,1.0,8000,1.01,0.2,0.6,vera_balanced_envelope,False,,,0.0,True,NA,False,False,False,True
shifted_sensitivity|Bios|seed=8|fraction=1|gamma=1.01|tau=0.2|lambda=0.6,shifted_sensitivity,Bios,8,1.0,8000,1.01,0.2,0.6,external_balanced_oracle,False,,,0.0,True,NA,False,False,False,True
shifted_sensitivity|Bios|seed=8|fraction=1|gamma=1.01|tau=0.2|lambda=0.7,shifted_sensitivity,Bios,8,1.0,8000,1.01,0.2,0.7,always_deploy_balanced,True,TaCo::components_removed=5,TaCo,0.0,True,False,True,False,False,True
shifted_sensitivity|Bios|seed=8|fraction=1|gamma=1.01|tau=0.2|lambda=0.7,shifted_sensitivity,Bios,8,1.0,8000,1.01,0.2,0.7,point_selection_balanced,False,,,0.0,True,NA,False,False,False,True
shifted_sensitivity|Bios|seed=8|fraction=1|gamma=1.01|tau=0.2|lambda=0.7,shifted_sensitivity,Bios,8,1.0,8000,1.01,0.2,0.7,vera_balanced_iut,False,,,0.0,True,NA,False,False,False,True
shifted_sensitivity|Bios|seed=8|fraction=1|gamma=1.01|tau=0.2|lambda=0.7,shifted_sensitivity,Bios,8,1.0,8000,1.01,0.2,0.7,vera_balanced_envelope,False,,,0.0,True,NA,False,False,False,True
shifted_sensitivity|Bios|seed=8|fraction=1|gamma=1.01|tau=0.2|lambda=0.7,shifted_sensitivity,Bios,8,1.0,8000,1.01,0.2,0.7,external_balanced_oracle,False,,,0.0,True,NA,False,False,False,True
shifted_sensitivity|Bios|seed=8|fraction=1|gamma=1.01|tau=0.2|lambda=0.8,shifted_sensitivity,Bios,8,1.0,8000,1.01,0.2,0.8,always_deploy_balanced,True,TaCo::components_removed=5,TaCo,0.0,True,False,True,False,False,True
shifted_sensitivity|Bios|seed=8|fraction=1|gamma=1.01|tau=0.2|lambda=0.8,shifted_sensitivity,Bios,8,1.0,8000,1.01,0.2,0.8,point_selection_balanced,False,,,0.0,True,NA,False,False,False,True
shifted_sensitivity|Bios|seed=8|fraction=1|gamma=1.01|tau=0.2|lambda=0.8,shifted_sensitivity,Bios,8,1.0,8000,1.01,0.2,0.8,vera_balanced_iut,False,,,0.0,True,NA,False,False,False,True
shifted_sensitivity|Bios|seed=8|fraction=1|gamma=1.01|tau=0.2|lambda=0.8,shifted_sensitivity,Bios,8,1.0,8000,1.01,0.2,0.8,vera_balanced_envelope,False,,,0.0,True,NA,False,False,False,True
shifted_sensitivity|Bios|seed=8|fraction=1|gamma=1.01|tau=0.2|lambda=0.8,shifted_sensitivity,Bios,8,1.0,8000,1.01,0.2,0.8,external_balanced_oracle,False,,,0.0,True,NA,False,False,False,True
learning_curve|Bios|seed=9|fraction=0.05|gamma=1|tau=0.05|lambda=0.6,learning_curve,Bios,9,0.05,386,1.0,0.05,0.6,always_deploy_balanced,True,TaCo::components_removed=5,TaCo,0.0,True,False,True,False,False,True
learning_curve|Bios|seed=9|fraction=0.05|gamma=1|tau=0.05|lambda=0.6,learning_curve,Bios,9,0.05,386,1.0,0.05,0.6,point_selection_balanced,False,,,0.0,True,NA,False,False,False,True
learning_curve|Bios|seed=9|fraction=0.05|gamma=1|tau=0.05|lambda=0.6,learning_curve,Bios,9,0.05,386,1.0,0.05,0.6,vera_balanced_iut,False,,,0.0,True,NA,False,False,False,True
learning_curve|Bios|seed=9|fraction=0.05|gamma=1|tau=0.05|lambda=0.6,learning_curve,Bios,9,0.05,386,1.0,0.05,0.6,vera_balanced_envelope,False,,,0.0,True,NA,False,False,False,True
learning_curve|Bios|seed=9|fraction=0.05|gamma=1|tau=0.05|lambda=0.6,learning_curve,Bios,9,0.05,386,1.0,0.05,0.6,external_balanced_oracle,False,,,0.0,True,NA,False,False,False,True
learning_curve|Bios|seed=9|fraction=0.05|gamma=1|tau=0.05|lambda=0.7,learning_curve,Bios,9,0.05,386,1.0,0.05,0.7,always_deploy_balanced,True,TaCo::components_removed=5,TaCo,0.0,True,False,True,False,False,True
learning_curve|Bios|seed=9|fraction=0.05|gamma=1|tau=0.05|lambda=0.7,learning_curve,Bios,9,0.05,386,1.0,0.05,0.7,point_selection_balanced,False,,,0.0,True,NA,False,False,False,True
learning_curve|Bios|seed=9|fraction=0.05|gamma=1|tau=0.05|lambda=0.7,learning_curve,Bios,9,0.05,386,1.0,0.05,0.7,vera_balanced_iut,False,,,0.0,True,NA,False,False,False,True
learning_curve|Bios|seed=9|fraction=0.05|gamma=1|tau=0.05|lambda=0.7,learning_curve,Bios,9,0.05,386,1.0,0.05,0.7,vera_balanced_envelope,False,,,0.0,True,NA,False,False,False,True
learning_curve|Bios|seed=9|fraction=0.05|gamma=1|tau=0.05|lambda=0.7,learning_curve,Bios,9,0.05,386,1.0,0.05,0.7,external_balanced_oracle,False,,,0.0,True,NA,False,False,False,True
learning_curve|Bios|seed=9|fraction=0.05|gamma=1|tau=0.05|lambda=0.8,learning_curve,Bios,9,0.05,386,1.0,0.05,0.8,always_deploy_balanced,True,TaCo::components_removed=5,TaCo,0.0,True,False,True,False,False,True
learning_curve|Bios|seed=9|fraction=0.05|gamma=1|tau=0.05|lambda=0.8,learning_curve,Bios,9,0.05,386,1.0,0.05,0.8,point_selection_balanced,False,,,0.0,True,NA,False,False,False,True
learning_curve|Bios|seed=9|fraction=0.05|gamma=1|tau=0.05|lambda=0.8,learning_curve,Bios,9,0.05,386,1.0,0.05,0.8,vera_balanced_iut,False,,,0.0,True,NA,False,False,False,True
learning_curve|Bios|seed=9|fraction=0.05|gamma=1|tau=0.05|lambda=0.8,learning_curve,Bios,9,0.05,386,1.0,0.05,0.8,vera_balanced_envelope,False,,,0.0,True,NA,False,False,False,True
learning_curve|Bios|seed=9|fraction=0.05|gamma=1|tau=0.05|lambda=0.8,learning_curve,Bios,9,0.05,386,1.0,0.05,0.8,external_balanced_oracle,False,,,0.0,True,NA,False,False,False,True
learning_curve|Bios|seed=9|fraction=0.05|gamma=1|tau=0.1|lambda=0.6,learning_curve,Bios,9,0.05,386,1.0,0.1,0.6,always_deploy_balanced,True,TaCo::components_removed=5,TaCo,0.0,True,False,True,False,False,True
learning_curve|Bios|seed=9|fraction=0.05|gamma=1|tau=0.1|lambda=0.6,learning_curve,Bios,9,0.05,386,1.0,0.1,0.6,point_selection_balanced,False,,,0.0,True,NA,False,False,False,True
learning_curve|Bios|seed=9|fraction=0.05|gamma=1|tau=0.1|lambda=0.6,learning_curve,Bios,9,0.05,386,1.0,0.1,0.6,vera_balanced_iut,False,,,0.0,True,NA,False,False,False,True
learning_curve|Bios|seed=9|fraction=0.05|gamma=1|tau=0.1|lambda=0.6,learning_curve,Bios,9,0.05,386,1.0,0.1,0.6,vera_balanced_envelope,False,,,0.0,True,NA,False,False,False,True
learning_curve|Bios|seed=9|fraction=0.05|gamma=1|tau=0.1|lambda=0.6,learning_curve,Bios,9,0.05,386,1.0,0.1,0.6,external_balanced_oracle,False,,,0.0,True,NA,False,False,False,True
learning_curve|Bios|seed=9|fraction=0.05|gamma=1|tau=0.1|lambda=0.7,learning_curve,Bios,9,0.05,386,1.0,0.1,0.7,always_deploy_balanced,True,TaCo::components_removed=5,TaCo,0.0,True,False,True,False,False,True
learning_curve|Bios|seed=9|fraction=0.05|gamma=1|tau=0.1|lambda=0.7,learning_curve,Bios,9,0.05,386,1.0,0.1,0.7,point_selection_balanced,False,,,0.0,True,NA,False,False,False,True
learning_curve|Bios|seed=9|fraction=0.05|gamma=1|tau=0.1|lambda=0.7,learning_curve,Bios,9,0.05,386,1.0,0.1,0.7,vera_balanced_iut,False,,,0.0,True,NA,False,False,False,True
learning_curve|Bios|seed=9|fraction=0.05|gamma=1|tau=0.1|lambda=0.7,learning_curve,Bios,9,0.05,386,1.0,0.1,0.7,vera_balanced_envelope,False,,,0.0,True,NA,False,False,False,True
learning_curve|Bios|seed=9|fraction=0.05|gamma=1|tau=0.1|lambda=0.7,learning_curve,Bios,9,0.05,386,1.0,0.1,0.7,external_balanced_oracle,False,,,0.0,True,NA,False,False,False,True
learning_curve|Bios|seed=9|fraction=0.05|gamma=1|tau=0.1|lambda=0.8,learning_curve,Bios,9,0.05,386,1.0,0.1,0.8,always_deploy_balanced,True,TaCo::components_removed=5,TaCo,0.0,True,False,True,False,False,True
learning_curve|Bios|seed=9|fraction=0.05|gamma=1|tau=0.1|lambda=0.8,learning_curve,Bios,9,0.05,386,1.0,0.1,0.8,point_selection_balanced,False,,,0.0,True,NA,False,False,False,True
learning_curve|Bios|seed=9|fraction=0.05|gamma=1|tau=0.1|lambda=0.8,learning_curve,Bios,9,0.05,386,1.0,0.1,0.8,vera_balanced_iut,False,,,0.0,True,NA,False,False,False,True
learning_curve|Bios|seed=9|fraction=0.05|gamma=1|tau=0.1|lambda=0.8,learning_curve,Bios,9,0.05,386,1.0,0.1,0.8,vera_balanced_envelope,False,,,0.0,True,NA,False,False,False,True
learning_curve|Bios|seed=9|fraction=0.05|gamma=1|tau=0.1|lambda=0.8,learning_curve,Bios,9,0.05,386,1.0,0.1,0.8,external_balanced_oracle,False,,,0.0,True,NA,False,False,False,True
learning_curve|Bios|seed=9|fraction=0.05|gamma=1|tau=0.2|lambda=0.6,learning_curve,Bios,9,0.05,386,1.0,0.2,0.6,always_deploy_balanced,True,TaCo::components_removed=5,TaCo,0.0,True,False,True,False,False,True
learning_curve|Bios|seed=9|fraction=0.05|gamma=1|tau=0.2|lambda=0.6,learning_curve,Bios,9,0.05,386,1.0,0.2,0.6,point_selection_balanced,False,,,0.0,True,NA,False,False,False,True
learning_curve|Bios|seed=9|fraction=0.05|gamma=1|tau=0.2|lambda=0.6,learning_curve,Bios,9,0.05,386,1.0,0.2,0.6,vera_balanced_iut,False,,,0.0,True,NA,False,False,False,True
learning_curve|Bios|seed=9|fraction=0.05|gamma=1|tau=0.2|lambda=0.6,learning_curve,Bios,9,0.05,386,1.0,0.2,0.6,vera_balanced_envelope,False,,,0.0,True,NA,False,False,False,True
learning_curve|Bios|seed=9|fraction=0.05|gamma=1|tau=0.2|lambda=0.6,learning_curve,Bios,9,0.05,386,1.0,0.2,0.6,external_balanced_oracle,False,,,0.0,True,NA,False,False,False,True
learning_curve|Bios|seed=9|fraction=0.05|gamma=1|tau=0.2|lambda=0.7,learning_curve,Bios,9,0.05,386,1.0,0.2,0.7,always_deploy_balanced,True,TaCo::components_removed=5,TaCo,0.0,True,False,True,False,False,True
learning_curve|Bios|seed=9|fraction=0.05|gamma=1|tau=0.2|lambda=0.7,learning_curve,Bios,9,0.05,386,1.0,0.2,0.7,point_selection_balanced,False,,,0.0,True,NA,False,False,False,True
learning_curve|Bios|seed=9|fraction=0.05|gamma=1|tau=0.2|lambda=0.7,learning_curve,Bios,9,0.05,386,1.0,0.2,0.7,vera_balanced_iut,False,,,0.0,True,NA,False,False,False,True
learning_curve|Bios|seed=9|fraction=0.05|gamma=1|tau=0.2|lambda=0.7,learning_curve,Bios,9,0.05,386,1.0,0.2,0.7,vera_balanced_envelope,False,,,0.0,True,NA,False,False,False,True
learning_curve|Bios|seed=9|fraction=0.05|gamma=1|tau=0.2|lambda=0.7,learning_curve,Bios,9,0.05,386,1.0,0.2,0.7,external_balanced_oracle,False,,,0.0,True,NA,False,False,False,True
learning_curve|Bios|seed=9|fraction=0.05|gamma=1|tau=0.2|lambda=0.8,learning_curve,Bios,9,0.05,386,1.0,0.2,0.8,always_deploy_balanced,True,TaCo::components_removed=5,TaCo,0.0,True,False,True,False,False,True
learning_curve|Bios|seed=9|fraction=0.05|gamma=1|tau=0.2|lambda=0.8,learning_curve,Bios,9,0.05,386,1.0,0.2,0.8,point_selection_balanced,False,,,0.0,True,NA,False,False,False,True
learning_curve|Bios|seed=9|fraction=0.05|gamma=1|tau=0.2|lambda=0.8,learning_curve,Bios,9,0.05,386,1.0,0.2,0.8,vera_balanced_iut,False,,,0.0,True,NA,False,False,False,True
learning_curve|Bios|seed=9|fraction=0.05|gamma=1|tau=0.2|lambda=0.8,learning_curve,Bios,9,0.05,386,1.0,0.2,0.8,vera_balanced_envelope,False,,,0.0,True,NA,False,False,False,True
learning_curve|Bios|seed=9|fraction=0.05|gamma=1|tau=0.2|lambda=0.8,learning_curve,Bios,9,0.05,386,1.0,0.2,0.8,external_balanced_oracle,False,,,0.0,True,NA,False,False,False,True
learning_curve|Bios|seed=9|fraction=0.1|gamma=1|tau=0.05|lambda=0.6,learning_curve,Bios,9,0.1,783,1.0,0.05,0.6,always_deploy_balanced,True,TaCo::components_removed=5,TaCo,0.0,True,False,True,False,False,True
learning_curve|Bios|seed=9|fraction=0.1|gamma=1|tau=0.05|lambda=0.6,learning_curve,Bios,9,0.1,783,1.0,0.05,0.6,point_selection_balanced,False,,,0.0,True,NA,False,False,False,True
learning_curve|Bios|seed=9|fraction=0.1|gamma=1|tau=0.05|lambda=0.6,learning_curve,Bios,9,0.1,783,1.0,0.05,0.6,vera_balanced_iut,False,,,0.0,True,NA,False,False,False,True
learning_curve|Bios|seed=9|fraction=0.1|gamma=1|tau=0.05|lambda=0.6,learning_curve,Bios,9,0.1,783,1.0,0.05,0.6,vera_balanced_envelope,False,,,0.0,True,NA,False,False,False,True
learning_curve|Bios|seed=9|fraction=0.1|gamma=1|tau=0.05|lambda=0.6,learning_curve,Bios,9,0.1,783,1.0,0.05,0.6,external_balanced_oracle,False,,,0.0,True,NA,False,False,False,True
learning_curve|Bios|seed=9|fraction=0.1|gamma=1|tau=0.05|lambda=0.7,learning_curve,Bios,9,0.1,783,1.0,0.05,0.7,always_deploy_balanced,True,TaCo::components_removed=5,TaCo,0.0,True,False,True,False,False,True
learning_curve|Bios|seed=9|fraction=0.1|gamma=1|tau=0.05|lambda=0.7,learning_curve,Bios,9,0.1,783,1.0,0.05,0.7,point_selection_balanced,False,,,0.0,True,NA,False,False,False,True
learning_curve|Bios|seed=9|fraction=0.1|gamma=1|tau=0.05|lambda=0.7,learning_curve,Bios,9,0.1,783,1.0,0.05,0.7,vera_balanced_iut,False,,,0.0,True,NA,False,False,False,True
learning_curve|Bios|seed=9|fraction=0.1|gamma=1|tau=0.05|lambda=0.7,learning_curve,Bios,9,0.1,783,1.0,0.05,0.7,vera_balanced_envelope,False,,,0.0,True,NA,False,False,False,True
learning_curve|Bios|seed=9|fraction=0.1|gamma=1|tau=0.05|lambda=0.7,learning_curve,Bios,9,0.1,783,1.0,0.05,0.7,external_balanced_oracle,False,,,0.0,True,NA,False,False,False,True
learning_curve|Bios|seed=9|fraction=0.1|gamma=1|tau=0.05|lambda=0.8,learning_curve,Bios,9,0.1,783,1.0,0.05,0.8,always_deploy_balanced,True,TaCo::components_removed=5,TaCo,0.0,True,False,True,False,False,True
learning_curve|Bios|seed=9|fraction=0.1|gamma=1|tau=0.05|lambda=0.8,learning_curve,Bios,9,0.1,783,1.0,0.05,0.8,point_selection_balanced,False,,,0.0,True,NA,False,False,False,True
learning_curve|Bios|seed=9|fraction=0.1|gamma=1|tau=0.05|lambda=0.8,learning_curve,Bios,9,0.1,783,1.0,0.05,0.8,vera_balanced_iut,False,,,0.0,True,NA,False,False,False,True
learning_curve|Bios|seed=9|fraction=0.1|gamma=1|tau=0.05|lambda=0.8,learning_curve,Bios,9,0.1,783,1.0,0.05,0.8,vera_balanced_envelope,False,,,0.0,True,NA,False,False,False,True
learning_curve|Bios|seed=9|fraction=0.1|gamma=1|tau=0.05|lambda=0.8,learning_curve,Bios,9,0.1,783,1.0,0.05,0.8,external_balanced_oracle,False,,,0.0,True,NA,False,False,False,True
learning_curve|Bios|seed=9|fraction=0.1|gamma=1|tau=0.1|lambda=0.6,learning_curve,Bios,9,0.1,783,1.0,0.1,0.6,always_deploy_balanced,True,TaCo::components_removed=5,TaCo,0.0,True,False,True,False,False,True
learning_curve|Bios|seed=9|fraction=0.1|gamma=1|tau=0.1|lambda=0.6,learning_curve,Bios,9,0.1,783,1.0,0.1,0.6,point_selection_balanced,False,,,0.0,True,NA,False,False,False,True
learning_curve|Bios|seed=9|fraction=0.1|gamma=1|tau=0.1|lambda=0.6,learning_curve,Bios,9,0.1,783,1.0,0.1,0.6,vera_balanced_iut,False,,,0.0,True,NA,False,False,False,True
learning_curve|Bios|seed=9|fraction=0.1|gamma=1|tau=0.1|lambda=0.6,learning_curve,Bios,9,0.1,783,1.0,0.1,0.6,vera_balanced_envelope,False,,,0.0,True,NA,False,False,False,True
learning_curve|Bios|seed=9|fraction=0.1|gamma=1|tau=0.1|lambda=0.6,learning_curve,Bios,9,0.1,783,1.0,0.1,0.6,external_balanced_oracle,False,,,0.0,True,NA,False,False,False,True
learning_curve|Bios|seed=9|fraction=0.1|gamma=1|tau=0.1|lambda=0.7,learning_curve,Bios,9,0.1,783,1.0,0.1,0.7,always_deploy_balanced,True,TaCo::components_removed=5,TaCo,0.0,True,False,True,False,False,True
learning_curve|Bios|seed=9|fraction=0.1|gamma=1|tau=0.1|lambda=0.7,learning_curve,Bios,9,0.1,783,1.0,0.1,0.7,point_selection_balanced,False,,,0.0,True,NA,False,False,False,True
learning_curve|Bios|seed=9|fraction=0.1|gamma=1|tau=0.1|lambda=0.7,learning_curve,Bios,9,0.1,783,1.0,0.1,0.7,vera_balanced_iut,False,,,0.0,True,NA,False,False,False,True
learning_curve|Bios|seed=9|fraction=0.1|gamma=1|tau=0.1|lambda=0.7,learning_curve,Bios,9,0.1,783,1.0,0.1,0.7,vera_balanced_envelope,False,,,0.0,True,NA,False,False,False,True
learning_curve|Bios|seed=9|fraction=0.1|gamma=1|tau=0.1|lambda=0.7,learning_curve,Bios,9,0.1,783,1.0,0.1,0.7,external_balanced_oracle,False,,,0.0,True,NA,False,False,False,True
learning_curve|Bios|seed=9|fraction=0.1|gamma=1|tau=0.1|lambda=0.8,learning_curve,Bios,9,0.1,783,1.0,0.1,0.8,always_deploy_balanced,True,TaCo::components_removed=5,TaCo,0.0,True,False,True,False,False,True
learning_curve|Bios|seed=9|fraction=0.1|gamma=1|tau=0.1|lambda=0.8,learning_curve,Bios,9,0.1,783,1.0,0.1,0.8,point_selection_balanced,False,,,0.0,True,NA,False,False,False,True
learning_curve|Bios|seed=9|fraction=0.1|gamma=1|tau=0.1|lambda=0.8,learning_curve,Bios,9,0.1,783,1.0,0.1,0.8,vera_balanced_iut,False,,,0.0,True,NA,False,False,False,True
learning_curve|Bios|seed=9|fraction=0.1|gamma=1|tau=0.1|lambda=0.8,learning_curve,Bios,9,0.1,783,1.0,0.1,0.8,vera_balanced_envelope,False,,,0.0,True,NA,False,False,False,True
learning_curve|Bios|seed=9|fraction=0.1|gamma=1|tau=0.1|lambda=0.8,learning_curve,Bios,9,0.1,783,1.0,0.1,0.8,external_balanced_oracle,False,,,0.0,True,NA,False,False,False,True
learning_curve|Bios|seed=9|fraction=0.1|gamma=1|tau=0.2|lambda=0.6,learning_curve,Bios,9,0.1,783,1.0,0.2,0.6,always_deploy_balanced,True,TaCo::components_removed=5,TaCo,0.0,True,False,True,False,False,True
learning_curve|Bios|seed=9|fraction=0.1|gamma=1|tau=0.2|lambda=0.6,learning_curve,Bios,9,0.1,783,1.0,0.2,0.6,point_selection_balanced,False,,,0.0,True,NA,False,False,False,True
learning_curve|Bios|seed=9|fraction=0.1|gamma=1|tau=0.2|lambda=0.6,learning_curve,Bios,9,0.1,783,1.0,0.2,0.6,vera_balanced_iut,False,,,0.0,True,NA,False,False,False,True
learning_curve|Bios|seed=9|fraction=0.1|gamma=1|tau=0.2|lambda=0.6,learning_curve,Bios,9,0.1,783,1.0,0.2,0.6,vera_balanced_envelope,False,,,0.0,True,NA,False,False,False,True
learning_curve|Bios|seed=9|fraction=0.1|gamma=1|tau=0.2|lambda=0.6,learning_curve,Bios,9,0.1,783,1.0,0.2,0.6,external_balanced_oracle,False,,,0.0,True,NA,False,False,False,True
learning_curve|Bios|seed=9|fraction=0.1|gamma=1|tau=0.2|lambda=0.7,learning_curve,Bios,9,0.1,783,1.0,0.2,0.7,always_deploy_balanced,True,TaCo::components_removed=5,TaCo,0.0,True,False,True,False,False,True
learning_curve|Bios|seed=9|fraction=0.1|gamma=1|tau=0.2|lambda=0.7,learning_curve,Bios,9,0.1,783,1.0,0.2,0.7,point_selection_balanced,False,,,0.0,True,NA,False,False,False,True
learning_curve|Bios|seed=9|fraction=0.1|gamma=1|tau=0.2|lambda=0.7,learning_curve,Bios,9,0.1,783,1.0,0.2,0.7,vera_balanced_iut,False,,,0.0,True,NA,False,False,False,True
learning_curve|Bios|seed=9|fraction=0.1|gamma=1|tau=0.2|lambda=0.7,learning_curve,Bios,9,0.1,783,1.0,0.2,0.7,vera_balanced_envelope,False,,,0.0,True,NA,False,False,False,True
learning_curve|Bios|seed=9|fraction=0.1|gamma=1|tau=0.2|lambda=0.7,learning_curve,Bios,9,0.1,783,1.0,0.2,0.7,external_balanced_oracle,False,,,0.0,True,NA,False,False,False,True
learning_curve|Bios|seed=9|fraction=0.1|gamma=1|tau=0.2|lambda=0.8,learning_curve,Bios,9,0.1,783,1.0,0.2,0.8,always_deploy_balanced,True,TaCo::components_removed=5,TaCo,0.0,True,False,True,False,False,True
learning_curve|Bios|seed=9|fraction=0.1|gamma=1|tau=0.2|lambda=0.8,learning_curve,Bios,9,0.1,783,1.0,0.2,0.8,point_selection_balanced,False,,,0.0,True,NA,False,False,False,True
learning_curve|Bios|seed=9|fraction=0.1|gamma=1|tau=0.2|lambda=0.8,learning_curve,Bios,9,0.1,783,1.0,0.2,0.8,vera_balanced_iut,False,,,0.0,True,NA,False,False,False,True
learning_curve|Bios|seed=9|fraction=0.1|gamma=1|tau=0.2|lambda=0.8,learning_curve,Bios,9,0.1,783,1.0,0.2,0.8,vera_balanced_envelope,False,,,0.0,True,NA,False,False,False,True
learning_curve|Bios|seed=9|fraction=0.1|gamma=1|tau=0.2|lambda=0.8,learning_curve,Bios,9,0.1,783,1.0,0.2,0.8,external_balanced_oracle,False,,,0.0,True,NA,False,False,False,True
learning_curve|Bios|seed=9|fraction=0.25|gamma=1|tau=0.05|lambda=0.6,learning_curve,Bios,9,0.25,1977,1.0,0.05,0.6,always_deploy_balanced,True,TaCo::components_removed=5,TaCo,0.0,True,False,True,False,False,True
learning_curve|Bios|seed=9|fraction=0.25|gamma=1|tau=0.05|lambda=0.6,learning_curve,Bios,9,0.25,1977,1.0,0.05,0.6,point_selection_balanced,False,,,0.0,True,NA,False,False,False,True
learning_curve|Bios|seed=9|fraction=0.25|gamma=1|tau=0.05|lambda=0.6,learning_curve,Bios,9,0.25,1977,1.0,0.05,0.6,vera_balanced_iut,False,,,0.0,True,NA,False,False,False,True
learning_curve|Bios|seed=9|fraction=0.25|gamma=1|tau=0.05|lambda=0.6,learning_curve,Bios,9,0.25,1977,1.0,0.05,0.6,vera_balanced_envelope,False,,,0.0,True,NA,False,False,False,True
learning_curve|Bios|seed=9|fraction=0.25|gamma=1|tau=0.05|lambda=0.6,learning_curve,Bios,9,0.25,1977,1.0,0.05,0.6,external_balanced_oracle,False,,,0.0,True,NA,False,False,False,True
learning_curve|Bios|seed=9|fraction=0.25|gamma=1|tau=0.05|lambda=0.7,learning_curve,Bios,9,0.25,1977,1.0,0.05,0.7,always_deploy_balanced,True,TaCo::components_removed=5,TaCo,0.0,True,False,True,False,False,True
learning_curve|Bios|seed=9|fraction=0.25|gamma=1|tau=0.05|lambda=0.7,learning_curve,Bios,9,0.25,1977,1.0,0.05,0.7,point_selection_balanced,False,,,0.0,True,NA,False,False,False,True
learning_curve|Bios|seed=9|fraction=0.25|gamma=1|tau=0.05|lambda=0.7,learning_curve,Bios,9,0.25,1977,1.0,0.05,0.7,vera_balanced_iut,False,,,0.0,True,NA,False,False,False,True
learning_curve|Bios|seed=9|fraction=0.25|gamma=1|tau=0.05|lambda=0.7,learning_curve,Bios,9,0.25,1977,1.0,0.05,0.7,vera_balanced_envelope,False,,,0.0,True,NA,False,False,False,True
learning_curve|Bios|seed=9|fraction=0.25|gamma=1|tau=0.05|lambda=0.7,learning_curve,Bios,9,0.25,1977,1.0,0.05,0.7,external_balanced_oracle,False,,,0.0,True,NA,False,False,False,True
learning_curve|Bios|seed=9|fraction=0.25|gamma=1|tau=0.05|lambda=0.8,learning_curve,Bios,9,0.25,1977,1.0,0.05,0.8,always_deploy_balanced,True,TaCo::components_removed=5,TaCo,0.0,True,False,True,False,False,True
learning_curve|Bios|seed=9|fraction=0.25|gamma=1|tau=0.05|lambda=0.8,learning_curve,Bios,9,0.25,1977,1.0,0.05,0.8,point_selection_balanced,False,,,0.0,True,NA,False,False,False,True
learning_curve|Bios|seed=9|fraction=0.25|gamma=1|tau=0.05|lambda=0.8,learning_curve,Bios,9,0.25,1977,1.0,0.05,0.8,vera_balanced_iut,False,,,0.0,True,NA,False,False,False,True
learning_curve|Bios|seed=9|fraction=0.25|gamma=1|tau=0.05|lambda=0.8,learning_curve,Bios,9,0.25,1977,1.0,0.05,0.8,vera_balanced_envelope,False,,,0.0,True,NA,False,False,False,True
learning_curve|Bios|seed=9|fraction=0.25|gamma=1|tau=0.05|lambda=0.8,learning_curve,Bios,9,0.25,1977,1.0,0.05,0.8,external_balanced_oracle,False,,,0.0,True,NA,False,False,False,True
learning_curve|Bios|seed=9|fraction=0.25|gamma=1|tau=0.1|lambda=0.6,learning_curve,Bios,9,0.25,1977,1.0,0.1,0.6,always_deploy_balanced,True,TaCo::components_removed=5,TaCo,0.0,True,False,True,False,False,True
learning_curve|Bios|seed=9|fraction=0.25|gamma=1|tau=0.1|lambda=0.6,learning_curve,Bios,9,0.25,1977,1.0,0.1,0.6,point_selection_balanced,False,,,0.0,True,NA,False,False,False,True
learning_curve|Bios|seed=9|fraction=0.25|gamma=1|tau=0.1|lambda=0.6,learning_curve,Bios,9,0.25,1977,1.0,0.1,0.6,vera_balanced_iut,False,,,0.0,True,NA,False,False,False,True
learning_curve|Bios|seed=9|fraction=0.25|gamma=1|tau=0.1|lambda=0.6,learning_curve,Bios,9,0.25,1977,1.0,0.1,0.6,vera_balanced_envelope,False,,,0.0,True,NA,False,False,False,True
learning_curve|Bios|seed=9|fraction=0.25|gamma=1|tau=0.1|lambda=0.6,learning_curve,Bios,9,0.25,1977,1.0,0.1,0.6,external_balanced_oracle,False,,,0.0,True,NA,False,False,False,True
learning_curve|Bios|seed=9|fraction=0.25|gamma=1|tau=0.1|lambda=0.7,learning_curve,Bios,9,0.25,1977,1.0,0.1,0.7,always_deploy_balanced,True,TaCo::components_removed=5,TaCo,0.0,True,False,True,False,False,True
learning_curve|Bios|seed=9|fraction=0.25|gamma=1|tau=0.1|lambda=0.7,learning_curve,Bios,9,0.25,1977,1.0,0.1,0.7,point_selection_balanced,False,,,0.0,True,NA,False,False,False,True
learning_curve|Bios|seed=9|fraction=0.25|gamma=1|tau=0.1|lambda=0.7,learning_curve,Bios,9,0.25,1977,1.0,0.1,0.7,vera_balanced_iut,False,,,0.0,True,NA,False,False,False,True
learning_curve|Bios|seed=9|fraction=0.25|gamma=1|tau=0.1|lambda=0.7,learning_curve,Bios,9,0.25,1977,1.0,0.1,0.7,vera_balanced_envelope,False,,,0.0,True,NA,False,False,False,True
learning_curve|Bios|seed=9|fraction=0.25|gamma=1|tau=0.1|lambda=0.7,learning_curve,Bios,9,0.25,1977,1.0,0.1,0.7,external_balanced_oracle,False,,,0.0,True,NA,False,False,False,True
learning_curve|Bios|seed=9|fraction=0.25|gamma=1|tau=0.1|lambda=0.8,learning_curve,Bios,9,0.25,1977,1.0,0.1,0.8,always_deploy_balanced,True,TaCo::components_removed=5,TaCo,0.0,True,False,True,False,False,True
learning_curve|Bios|seed=9|fraction=0.25|gamma=1|tau=0.1|lambda=0.8,learning_curve,Bios,9,0.25,1977,1.0,0.1,0.8,point_selection_balanced,False,,,0.0,True,NA,False,False,False,True
learning_curve|Bios|seed=9|fraction=0.25|gamma=1|tau=0.1|lambda=0.8,learning_curve,Bios,9,0.25,1977,1.0,0.1,0.8,vera_balanced_iut,False,,,0.0,True,NA,False,False,False,True
learning_curve|Bios|seed=9|fraction=0.25|gamma=1|tau=0.1|lambda=0.8,learning_curve,Bios,9,0.25,1977,1.0,0.1,0.8,vera_balanced_envelope,False,,,0.0,True,NA,False,False,False,True
learning_curve|Bios|seed=9|fraction=0.25|gamma=1|tau=0.1|lambda=0.8,learning_curve,Bios,9,0.25,1977,1.0,0.1,0.8,external_balanced_oracle,False,,,0.0,True,NA,False,False,False,True
learning_curve|Bios|seed=9|fraction=0.25|gamma=1|tau=0.2|lambda=0.6,learning_curve,Bios,9,0.25,1977,1.0,0.2,0.6,always_deploy_balanced,True,TaCo::components_removed=5,TaCo,0.0,True,False,True,False,False,True
learning_curve|Bios|seed=9|fraction=0.25|gamma=1|tau=0.2|lambda=0.6,learning_curve,Bios,9,0.25,1977,1.0,0.2,0.6,point_selection_balanced,False,,,0.0,True,NA,False,False,False,True
learning_curve|Bios|seed=9|fraction=0.25|gamma=1|tau=0.2|lambda=0.6,learning_curve,Bios,9,0.25,1977,1.0,0.2,0.6,vera_balanced_iut,False,,,0.0,True,NA,False,False,False,True
learning_curve|Bios|seed=9|fraction=0.25|gamma=1|tau=0.2|lambda=0.6,learning_curve,Bios,9,0.25,1977,1.0,0.2,0.6,vera_balanced_envelope,False,,,0.0,True,NA,False,False,False,True
learning_curve|Bios|seed=9|fraction=0.25|gamma=1|tau=0.2|lambda=0.6,learning_curve,Bios,9,0.25,1977,1.0,0.2,0.6,external_balanced_oracle,False,,,0.0,True,NA,False,False,False,True
learning_curve|Bios|seed=9|fraction=0.25|gamma=1|tau=0.2|lambda=0.7,learning_curve,Bios,9,0.25,1977,1.0,0.2,0.7,always_deploy_balanced,True,TaCo::components_removed=5,TaCo,0.0,True,False,True,False,False,True
learning_curve|Bios|seed=9|fraction=0.25|gamma=1|tau=0.2|lambda=0.7,learning_curve,Bios,9,0.25,1977,1.0,0.2,0.7,point_selection_balanced,False,,,0.0,True,NA,False,False,False,True
learning_curve|Bios|seed=9|fraction=0.25|gamma=1|tau=0.2|lambda=0.7,learning_curve,Bios,9,0.25,1977,1.0,0.2,0.7,vera_balanced_iut,False,,,0.0,True,NA,False,False,False,True
learning_curve|Bios|seed=9|fraction=0.25|gamma=1|tau=0.2|lambda=0.7,learning_curve,Bios,9,0.25,1977,1.0,0.2,0.7,vera_balanced_envelope,False,,,0.0,True,NA,False,False,False,True
learning_curve|Bios|seed=9|fraction=0.25|gamma=1|tau=0.2|lambda=0.7,learning_curve,Bios,9,0.25,1977,1.0,0.2,0.7,external_balanced_oracle,False,,,0.0,True,NA,False,False,False,True
learning_curve|Bios|seed=9|fraction=0.25|gamma=1|tau=0.2|lambda=0.8,learning_curve,Bios,9,0.25,1977,1.0,0.2,0.8,always_deploy_balanced,True,TaCo::components_removed=5,TaCo,0.0,True,False,True,False,False,True
learning_curve|Bios|seed=9|fraction=0.25|gamma=1|tau=0.2|lambda=0.8,learning_curve,Bios,9,0.25,1977,1.0,0.2,0.8,point_selection_balanced,False,,,0.0,True,NA,False,False,False,True
learning_curve|Bios|seed=9|fraction=0.25|gamma=1|tau=0.2|lambda=0.8,learning_curve,Bios,9,0.25,1977,1.0,0.2,0.8,vera_balanced_iut,False,,,0.0,True,NA,False,False,False,True
learning_curve|Bios|seed=9|fraction=0.25|gamma=1|tau=0.2|lambda=0.8,learning_curve,Bios,9,0.25,1977,1.0,0.2,0.8,vera_balanced_envelope,False,,,0.0,True,NA,False,False,False,True
learning_curve|Bios|seed=9|fraction=0.25|gamma=1|tau=0.2|lambda=0.8,learning_curve,Bios,9,0.25,1977,1.0,0.2,0.8,external_balanced_oracle,False,,,0.0,True,NA,False,False,False,True
learning_curve|Bios|seed=9|fraction=0.5|gamma=1|tau=0.05|lambda=0.6,learning_curve,Bios,9,0.5,3987,1.0,0.05,0.6,always_deploy_balanced,True,TaCo::components_removed=5,TaCo,0.0,True,False,True,False,False,True
learning_curve|Bios|seed=9|fraction=0.5|gamma=1|tau=0.05|lambda=0.6,learning_curve,Bios,9,0.5,3987,1.0,0.05,0.6,point_selection_balanced,False,,,0.0,True,NA,False,False,False,True
learning_curve|Bios|seed=9|fraction=0.5|gamma=1|tau=0.05|lambda=0.6,learning_curve,Bios,9,0.5,3987,1.0,0.05,0.6,vera_balanced_iut,False,,,0.0,True,NA,False,False,False,True
learning_curve|Bios|seed=9|fraction=0.5|gamma=1|tau=0.05|lambda=0.6,learning_curve,Bios,9,0.5,3987,1.0,0.05,0.6,vera_balanced_envelope,False,,,0.0,True,NA,False,False,False,True
learning_curve|Bios|seed=9|fraction=0.5|gamma=1|tau=0.05|lambda=0.6,learning_curve,Bios,9,0.5,3987,1.0,0.05,0.6,external_balanced_oracle,False,,,0.0,True,NA,False,False,False,True
learning_curve|Bios|seed=9|fraction=0.5|gamma=1|tau=0.05|lambda=0.7,learning_curve,Bios,9,0.5,3987,1.0,0.05,0.7,always_deploy_balanced,True,TaCo::components_removed=5,TaCo,0.0,True,False,True,False,False,True
learning_curve|Bios|seed=9|fraction=0.5|gamma=1|tau=0.05|lambda=0.7,learning_curve,Bios,9,0.5,3987,1.0,0.05,0.7,point_selection_balanced,False,,,0.0,True,NA,False,False,False,True
learning_curve|Bios|seed=9|fraction=0.5|gamma=1|tau=0.05|lambda=0.7,learning_curve,Bios,9,0.5,3987,1.0,0.05,0.7,vera_balanced_iut,False,,,0.0,True,NA,False,False,False,True
learning_curve|Bios|seed=9|fraction=0.5|gamma=1|tau=0.05|lambda=0.7,learning_curve,Bios,9,0.5,3987,1.0,0.05,0.7,vera_balanced_envelope,False,,,0.0,True,NA,False,False,False,True
learning_curve|Bios|seed=9|fraction=0.5|gamma=1|tau=0.05|lambda=0.7,learning_curve,Bios,9,0.5,3987,1.0,0.05,0.7,external_balanced_oracle,False,,,0.0,True,NA,False,False,False,True
learning_curve|Bios|seed=9|fraction=0.5|gamma=1|tau=0.05|lambda=0.8,learning_curve,Bios,9,0.5,3987,1.0,0.05,0.8,always_deploy_balanced,True,TaCo::components_removed=5,TaCo,0.0,True,False,True,False,False,True
learning_curve|Bios|seed=9|fraction=0.5|gamma=1|tau=0.05|lambda=0.8,learning_curve,Bios,9,0.5,3987,1.0,0.05,0.8,point_selection_balanced,False,,,0.0,True,NA,False,False,False,True
learning_curve|Bios|seed=9|fraction=0.5|gamma=1|tau=0.05|lambda=0.8,learning_curve,Bios,9,0.5,3987,1.0,0.05,0.8,vera_balanced_iut,False,,,0.0,True,NA,False,False,False,True
learning_curve|Bios|seed=9|fraction=0.5|gamma=1|tau=0.05|lambda=0.8,learning_curve,Bios,9,0.5,3987,1.0,0.05,0.8,vera_balanced_envelope,False,,,0.0,True,NA,False,False,False,True
learning_curve|Bios|seed=9|fraction=0.5|gamma=1|tau=0.05|lambda=0.8,learning_curve,Bios,9,0.5,3987,1.0,0.05,0.8,external_balanced_oracle,False,,,0.0,True,NA,False,False,False,True
learning_curve|Bios|seed=9|fraction=0.5|gamma=1|tau=0.1|lambda=0.6,learning_curve,Bios,9,0.5,3987,1.0,0.1,0.6,always_deploy_balanced,True,TaCo::components_removed=5,TaCo,0.0,True,False,True,False,False,True
learning_curve|Bios|seed=9|fraction=0.5|gamma=1|tau=0.1|lambda=0.6,learning_curve,Bios,9,0.5,3987,1.0,0.1,0.6,point_selection_balanced,False,,,0.0,True,NA,False,False,False,True
learning_curve|Bios|seed=9|fraction=0.5|gamma=1|tau=0.1|lambda=0.6,learning_curve,Bios,9,0.5,3987,1.0,0.1,0.6,vera_balanced_iut,False,,,0.0,True,NA,False,False,False,True
learning_curve|Bios|seed=9|fraction=0.5|gamma=1|tau=0.1|lambda=0.6,learning_curve,Bios,9,0.5,3987,1.0,0.1,0.6,vera_balanced_envelope,False,,,0.0,True,NA,False,False,False,True
learning_curve|Bios|seed=9|fraction=0.5|gamma=1|tau=0.1|lambda=0.6,learning_curve,Bios,9,0.5,3987,1.0,0.1,0.6,external_balanced_oracle,False,,,0.0,True,NA,False,False,False,True
learning_curve|Bios|seed=9|fraction=0.5|gamma=1|tau=0.1|lambda=0.7,learning_curve,Bios,9,0.5,3987,1.0,0.1,0.7,always_deploy_balanced,True,TaCo::components_removed=5,TaCo,0.0,True,False,True,False,False,True
learning_curve|Bios|seed=9|fraction=0.5|gamma=1|tau=0.1|lambda=0.7,learning_curve,Bios,9,0.5,3987,1.0,0.1,0.7,point_selection_balanced,False,,,0.0,True,NA,False,False,False,True
learning_curve|Bios|seed=9|fraction=0.5|gamma=1|tau=0.1|lambda=0.7,learning_curve,Bios,9,0.5,3987,1.0,0.1,0.7,vera_balanced_iut,False,,,0.0,True,NA,False,False,False,True
learning_curve|Bios|seed=9|fraction=0.5|gamma=1|tau=0.1|lambda=0.7,learning_curve,Bios,9,0.5,3987,1.0,0.1,0.7,vera_balanced_envelope,False,,,0.0,True,NA,False,False,False,True
learning_curve|Bios|seed=9|fraction=0.5|gamma=1|tau=0.1|lambda=0.7,learning_curve,Bios,9,0.5,3987,1.0,0.1,0.7,external_balanced_oracle,False,,,0.0,True,NA,False,False,False,True
learning_curve|Bios|seed=9|fraction=0.5|gamma=1|tau=0.1|lambda=0.8,learning_curve,Bios,9,0.5,3987,1.0,0.1,0.8,always_deploy_balanced,True,TaCo::components_removed=5,TaCo,0.0,True,False,True,False,False,True
learning_curve|Bios|seed=9|fraction=0.5|gamma=1|tau=0.1|lambda=0.8,learning_curve,Bios,9,0.5,3987,1.0,0.1,0.8,point_selection_balanced,False,,,0.0,True,NA,False,False,False,True
learning_curve|Bios|seed=9|fraction=0.5|gamma=1|tau=0.1|lambda=0.8,learning_curve,Bios,9,0.5,3987,1.0,0.1,0.8,vera_balanced_iut,False,,,0.0,True,NA,False,False,False,True
learning_curve|Bios|seed=9|fraction=0.5|gamma=1|tau=0.1|lambda=0.8,learning_curve,Bios,9,0.5,3987,1.0,0.1,0.8,vera_balanced_envelope,False,,,0.0,True,NA,False,False,False,True
learning_curve|Bios|seed=9|fraction=0.5|gamma=1|tau=0.1|lambda=0.8,learning_curve,Bios,9,0.5,3987,1.0,0.1,0.8,external_balanced_oracle,False,,,0.0,True,NA,False,False,False,True
learning_curve|Bios|seed=9|fraction=0.5|gamma=1|tau=0.2|lambda=0.6,learning_curve,Bios,9,0.5,3987,1.0,0.2,0.6,always_deploy_balanced,True,TaCo::components_removed=5,TaCo,0.0,True,False,True,False,False,True
learning_curve|Bios|seed=9|fraction=0.5|gamma=1|tau=0.2|lambda=0.6,learning_curve,Bios,9,0.5,3987,1.0,0.2,0.6,point_selection_balanced,False,,,0.0,True,NA,False,False,False,True
learning_curve|Bios|seed=9|fraction=0.5|gamma=1|tau=0.2|lambda=0.6,learning_curve,Bios,9,0.5,3987,1.0,0.2,0.6,vera_balanced_iut,False,,,0.0,True,NA,False,False,False,True
learning_curve|Bios|seed=9|fraction=0.5|gamma=1|tau=0.2|lambda=0.6,learning_curve,Bios,9,0.5,3987,1.0,0.2,0.6,vera_balanced_envelope,False,,,0.0,True,NA,False,False,False,True
learning_curve|Bios|seed=9|fraction=0.5|gamma=1|tau=0.2|lambda=0.6,learning_curve,Bios,9,0.5,3987,1.0,0.2,0.6,external_balanced_oracle,False,,,0.0,True,NA,False,False,False,True
learning_curve|Bios|seed=9|fraction=0.5|gamma=1|tau=0.2|lambda=0.7,learning_curve,Bios,9,0.5,3987,1.0,0.2,0.7,always_deploy_balanced,True,TaCo::components_removed=5,TaCo,0.0,True,False,True,False,False,True
learning_curve|Bios|seed=9|fraction=0.5|gamma=1|tau=0.2|lambda=0.7,learning_curve,Bios,9,0.5,3987,1.0,0.2,0.7,point_selection_balanced,False,,,0.0,True,NA,False,False,False,True
learning_curve|Bios|seed=9|fraction=0.5|gamma=1|tau=0.2|lambda=0.7,learning_curve,Bios,9,0.5,3987,1.0,0.2,0.7,vera_balanced_iut,False,,,0.0,True,NA,False,False,False,True
learning_curve|Bios|seed=9|fraction=0.5|gamma=1|tau=0.2|lambda=0.7,learning_curve,Bios,9,0.5,3987,1.0,0.2,0.7,vera_balanced_envelope,False,,,0.0,True,NA,False,False,False,True
learning_curve|Bios|seed=9|fraction=0.5|gamma=1|tau=0.2|lambda=0.7,learning_curve,Bios,9,0.5,3987,1.0,0.2,0.7,external_balanced_oracle,False,,,0.0,True,NA,False,False,False,True
learning_curve|Bios|seed=9|fraction=0.5|gamma=1|tau=0.2|lambda=0.8,learning_curve,Bios,9,0.5,3987,1.0,0.2,0.8,always_deploy_balanced,True,TaCo::components_removed=5,TaCo,0.0,True,False,True,False,False,True
learning_curve|Bios|seed=9|fraction=0.5|gamma=1|tau=0.2|lambda=0.8,learning_curve,Bios,9,0.5,3987,1.0,0.2,0.8,point_selection_balanced,False,,,0.0,True,NA,False,False,False,True
learning_curve|Bios|seed=9|fraction=0.5|gamma=1|tau=0.2|lambda=0.8,learning_curve,Bios,9,0.5,3987,1.0,0.2,0.8,vera_balanced_iut,False,,,0.0,True,NA,False,False,False,True
learning_curve|Bios|seed=9|fraction=0.5|gamma=1|tau=0.2|lambda=0.8,learning_curve,Bios,9,0.5,3987,1.0,0.2,0.8,vera_balanced_envelope,False,,,0.0,True,NA,False,False,False,True
learning_curve|Bios|seed=9|fraction=0.5|gamma=1|tau=0.2|lambda=0.8,learning_curve,Bios,9,0.5,3987,1.0,0.2,0.8,external_balanced_oracle,False,,,0.0,True,NA,False,False,False,True
primary|Bios|seed=9|fraction=1|gamma=1|tau=0.05|lambda=0.6,primary,Bios,9,1.0,8000,1.0,0.05,0.6,always_deploy_balanced,True,TaCo::components_removed=5,TaCo,0.0,True,False,True,False,False,True
primary|Bios|seed=9|fraction=1|gamma=1|tau=0.05|lambda=0.6,primary,Bios,9,1.0,8000,1.0,0.05,0.6,point_selection_balanced,False,,,0.0,True,NA,False,False,False,True
primary|Bios|seed=9|fraction=1|gamma=1|tau=0.05|lambda=0.6,primary,Bios,9,1.0,8000,1.0,0.05,0.6,vera_balanced_iut,False,,,0.0,True,NA,False,False,False,True
primary|Bios|seed=9|fraction=1|gamma=1|tau=0.05|lambda=0.6,primary,Bios,9,1.0,8000,1.0,0.05,0.6,vera_balanced_envelope,False,,,0.0,True,NA,False,False,False,True
primary|Bios|seed=9|fraction=1|gamma=1|tau=0.05|lambda=0.6,primary,Bios,9,1.0,8000,1.0,0.05,0.6,external_balanced_oracle,False,,,0.0,True,NA,False,False,False,True
primary|Bios|seed=9|fraction=1|gamma=1|tau=0.05|lambda=0.7,primary,Bios,9,1.0,8000,1.0,0.05,0.7,always_deploy_balanced,True,TaCo::components_removed=5,TaCo,0.0,True,False,True,False,False,True
primary|Bios|seed=9|fraction=1|gamma=1|tau=0.05|lambda=0.7,primary,Bios,9,1.0,8000,1.0,0.05,0.7,point_selection_balanced,False,,,0.0,True,NA,False,False,False,True
primary|Bios|seed=9|fraction=1|gamma=1|tau=0.05|lambda=0.7,primary,Bios,9,1.0,8000,1.0,0.05,0.7,vera_balanced_iut,False,,,0.0,True,NA,False,False,False,True
primary|Bios|seed=9|fraction=1|gamma=1|tau=0.05|lambda=0.7,primary,Bios,9,1.0,8000,1.0,0.05,0.7,vera_balanced_envelope,False,,,0.0,True,NA,False,False,False,True
primary|Bios|seed=9|fraction=1|gamma=1|tau=0.05|lambda=0.7,primary,Bios,9,1.0,8000,1.0,0.05,0.7,external_balanced_oracle,False,,,0.0,True,NA,False,False,False,True
primary|Bios|seed=9|fraction=1|gamma=1|tau=0.05|lambda=0.8,primary,Bios,9,1.0,8000,1.0,0.05,0.8,always_deploy_balanced,True,TaCo::components_removed=5,TaCo,0.0,True,False,True,False,False,True
primary|Bios|seed=9|fraction=1|gamma=1|tau=0.05|lambda=0.8,primary,Bios,9,1.0,8000,1.0,0.05,0.8,point_selection_balanced,False,,,0.0,True,NA,False,False,False,True
primary|Bios|seed=9|fraction=1|gamma=1|tau=0.05|lambda=0.8,primary,Bios,9,1.0,8000,1.0,0.05,0.8,vera_balanced_iut,False,,,0.0,True,NA,False,False,False,True
primary|Bios|seed=9|fraction=1|gamma=1|tau=0.05|lambda=0.8,primary,Bios,9,1.0,8000,1.0,0.05,0.8,vera_balanced_envelope,False,,,0.0,True,NA,False,False,False,True
primary|Bios|seed=9|fraction=1|gamma=1|tau=0.05|lambda=0.8,primary,Bios,9,1.0,8000,1.0,0.05,0.8,external_balanced_oracle,False,,,0.0,True,NA,False,False,False,True
primary|Bios|seed=9|fraction=1|gamma=1|tau=0.1|lambda=0.6,primary,Bios,9,1.0,8000,1.0,0.1,0.6,always_deploy_balanced,True,TaCo::components_removed=5,TaCo,0.0,True,False,True,False,False,True
primary|Bios|seed=9|fraction=1|gamma=1|tau=0.1|lambda=0.6,primary,Bios,9,1.0,8000,1.0,0.1,0.6,point_selection_balanced,False,,,0.0,True,NA,False,False,False,True
primary|Bios|seed=9|fraction=1|gamma=1|tau=0.1|lambda=0.6,primary,Bios,9,1.0,8000,1.0,0.1,0.6,vera_balanced_iut,False,,,0.0,True,NA,False,False,False,True
primary|Bios|seed=9|fraction=1|gamma=1|tau=0.1|lambda=0.6,primary,Bios,9,1.0,8000,1.0,0.1,0.6,vera_balanced_envelope,False,,,0.0,True,NA,False,False,False,True
primary|Bios|seed=9|fraction=1|gamma=1|tau=0.1|lambda=0.6,primary,Bios,9,1.0,8000,1.0,0.1,0.6,external_balanced_oracle,False,,,0.0,True,NA,False,False,False,True
primary|Bios|seed=9|fraction=1|gamma=1|tau=0.1|lambda=0.7,primary,Bios,9,1.0,8000,1.0,0.1,0.7,always_deploy_balanced,True,TaCo::components_removed=5,TaCo,0.0,True,False,True,False,False,True
primary|Bios|seed=9|fraction=1|gamma=1|tau=0.1|lambda=0.7,primary,Bios,9,1.0,8000,1.0,0.1,0.7,point_selection_balanced,False,,,0.0,True,NA,False,False,False,True
primary|Bios|seed=9|fraction=1|gamma=1|tau=0.1|lambda=0.7,primary,Bios,9,1.0,8000,1.0,0.1,0.7,vera_balanced_iut,False,,,0.0,True,NA,False,False,False,True
primary|Bios|seed=9|fraction=1|gamma=1|tau=0.1|lambda=0.7,primary,Bios,9,1.0,8000,1.0,0.1,0.7,vera_balanced_envelope,False,,,0.0,True,NA,False,False,False,True
primary|Bios|seed=9|fraction=1|gamma=1|tau=0.1|lambda=0.7,primary,Bios,9,1.0,8000,1.0,0.1,0.7,external_balanced_oracle,False,,,0.0,True,NA,False,False,False,True
primary|Bios|seed=9|fraction=1|gamma=1|tau=0.1|lambda=0.8,primary,Bios,9,1.0,8000,1.0,0.1,0.8,always_deploy_balanced,True,TaCo::components_removed=5,TaCo,0.0,True,False,True,False,False,True
primary|Bios|seed=9|fraction=1|gamma=1|tau=0.1|lambda=0.8,primary,Bios,9,1.0,8000,1.0,0.1,0.8,point_selection_balanced,False,,,0.0,True,NA,False,False,False,True
primary|Bios|seed=9|fraction=1|gamma=1|tau=0.1|lambda=0.8,primary,Bios,9,1.0,8000,1.0,0.1,0.8,vera_balanced_iut,False,,,0.0,True,NA,False,False,False,True
primary|Bios|seed=9|fraction=1|gamma=1|tau=0.1|lambda=0.8,primary,Bios,9,1.0,8000,1.0,0.1,0.8,vera_balanced_envelope,False,,,0.0,True,NA,False,False,False,True
primary|Bios|seed=9|fraction=1|gamma=1|tau=0.1|lambda=0.8,primary,Bios,9,1.0,8000,1.0,0.1,0.8,external_balanced_oracle,False,,,0.0,True,NA,False,False,False,True
primary|Bios|seed=9|fraction=1|gamma=1|tau=0.2|lambda=0.6,primary,Bios,9,1.0,8000,1.0,0.2,0.6,always_deploy_balanced,True,TaCo::components_removed=5,TaCo,0.0,True,False,True,False,False,True
primary|Bios|seed=9|fraction=1|gamma=1|tau=0.2|lambda=0.6,primary,Bios,9,1.0,8000,1.0,0.2,0.6,point_selection_balanced,False,,,0.0,True,NA,False,False,False,True
primary|Bios|seed=9|fraction=1|gamma=1|tau=0.2|lambda=0.6,primary,Bios,9,1.0,8000,1.0,0.2,0.6,vera_balanced_iut,False,,,0.0,True,NA,False,False,False,True
primary|Bios|seed=9|fraction=1|gamma=1|tau=0.2|lambda=0.6,primary,Bios,9,1.0,8000,1.0,0.2,0.6,vera_balanced_envelope,False,,,0.0,True,NA,False,False,False,True
primary|Bios|seed=9|fraction=1|gamma=1|tau=0.2|lambda=0.6,primary,Bios,9,1.0,8000,1.0,0.2,0.6,external_balanced_oracle,False,,,0.0,True,NA,False,False,False,True
primary|Bios|seed=9|fraction=1|gamma=1|tau=0.2|lambda=0.7,primary,Bios,9,1.0,8000,1.0,0.2,0.7,always_deploy_balanced,True,TaCo::components_removed=5,TaCo,0.0,True,False,True,False,False,True
primary|Bios|seed=9|fraction=1|gamma=1|tau=0.2|lambda=0.7,primary,Bios,9,1.0,8000,1.0,0.2,0.7,point_selection_balanced,False,,,0.0,True,NA,False,False,False,True
primary|Bios|seed=9|fraction=1|gamma=1|tau=0.2|lambda=0.7,primary,Bios,9,1.0,8000,1.0,0.2,0.7,vera_balanced_iut,False,,,0.0,True,NA,False,False,False,True
primary|Bios|seed=9|fraction=1|gamma=1|tau=0.2|lambda=0.7,primary,Bios,9,1.0,8000,1.0,0.2,0.7,vera_balanced_envelope,False,,,0.0,True,NA,False,False,False,True
primary|Bios|seed=9|fraction=1|gamma=1|tau=0.2|lambda=0.7,primary,Bios,9,1.0,8000,1.0,0.2,0.7,external_balanced_oracle,False,,,0.0,True,NA,False,False,False,True
primary|Bios|seed=9|fraction=1|gamma=1|tau=0.2|lambda=0.8,primary,Bios,9,1.0,8000,1.0,0.2,0.8,always_deploy_balanced,True,TaCo::components_removed=5,TaCo,0.0,True,False,True,False,False,True
primary|Bios|seed=9|fraction=1|gamma=1|tau=0.2|lambda=0.8,primary,Bios,9,1.0,8000,1.0,0.2,0.8,point_selection_balanced,False,,,0.0,True,NA,False,False,False,True
primary|Bios|seed=9|fraction=1|gamma=1|tau=0.2|lambda=0.8,primary,Bios,9,1.0,8000,1.0,0.2,0.8,vera_balanced_iut,False,,,0.0,True,NA,False,False,False,True
primary|Bios|seed=9|fraction=1|gamma=1|tau=0.2|lambda=0.8,primary,Bios,9,1.0,8000,1.0,0.2,0.8,vera_balanced_envelope,False,,,0.0,True,NA,False,False,False,True
primary|Bios|seed=9|fraction=1|gamma=1|tau=0.2|lambda=0.8,primary,Bios,9,1.0,8000,1.0,0.2,0.8,external_balanced_oracle,False,,,0.0,True,NA,False,False,False,True
shifted_sensitivity|Bios|seed=9|fraction=1|gamma=1.01|tau=0.05|lambda=0.6,shifted_sensitivity,Bios,9,1.0,8000,1.01,0.05,0.6,always_deploy_balanced,True,TaCo::components_removed=5,TaCo,0.0,True,False,True,False,False,True
shifted_sensitivity|Bios|seed=9|fraction=1|gamma=1.01|tau=0.05|lambda=0.6,shifted_sensitivity,Bios,9,1.0,8000,1.01,0.05,0.6,point_selection_balanced,False,,,0.0,True,NA,False,False,False,True
shifted_sensitivity|Bios|seed=9|fraction=1|gamma=1.01|tau=0.05|lambda=0.6,shifted_sensitivity,Bios,9,1.0,8000,1.01,0.05,0.6,vera_balanced_iut,False,,,0.0,True,NA,False,False,False,True
shifted_sensitivity|Bios|seed=9|fraction=1|gamma=1.01|tau=0.05|lambda=0.6,shifted_sensitivity,Bios,9,1.0,8000,1.01,0.05,0.6,vera_balanced_envelope,False,,,0.0,True,NA,False,False,False,True
shifted_sensitivity|Bios|seed=9|fraction=1|gamma=1.01|tau=0.05|lambda=0.6,shifted_sensitivity,Bios,9,1.0,8000,1.01,0.05,0.6,external_balanced_oracle,False,,,0.0,True,NA,False,False,False,True
shifted_sensitivity|Bios|seed=9|fraction=1|gamma=1.01|tau=0.05|lambda=0.7,shifted_sensitivity,Bios,9,1.0,8000,1.01,0.05,0.7,always_deploy_balanced,True,TaCo::components_removed=5,TaCo,0.0,True,False,True,False,False,True
shifted_sensitivity|Bios|seed=9|fraction=1|gamma=1.01|tau=0.05|lambda=0.7,shifted_sensitivity,Bios,9,1.0,8000,1.01,0.05,0.7,point_selection_balanced,False,,,0.0,True,NA,False,False,False,True
shifted_sensitivity|Bios|seed=9|fraction=1|gamma=1.01|tau=0.05|lambda=0.7,shifted_sensitivity,Bios,9,1.0,8000,1.01,0.05,0.7,vera_balanced_iut,False,,,0.0,True,NA,False,False,False,True
shifted_sensitivity|Bios|seed=9|fraction=1|gamma=1.01|tau=0.05|lambda=0.7,shifted_sensitivity,Bios,9,1.0,8000,1.01,0.05,0.7,vera_balanced_envelope,False,,,0.0,True,NA,False,False,False,True
shifted_sensitivity|Bios|seed=9|fraction=1|gamma=1.01|tau=0.05|lambda=0.7,shifted_sensitivity,Bios,9,1.0,8000,1.01,0.05,0.7,external_balanced_oracle,False,,,0.0,True,NA,False,False,False,True
shifted_sensitivity|Bios|seed=9|fraction=1|gamma=1.01|tau=0.05|lambda=0.8,shifted_sensitivity,Bios,9,1.0,8000,1.01,0.05,0.8,always_deploy_balanced,True,TaCo::components_removed=5,TaCo,0.0,True,False,True,False,False,True
shifted_sensitivity|Bios|seed=9|fraction=1|gamma=1.01|tau=0.05|lambda=0.8,shifted_sensitivity,Bios,9,1.0,8000,1.01,0.05,0.8,point_selection_balanced,False,,,0.0,True,NA,False,False,False,True
shifted_sensitivity|Bios|seed=9|fraction=1|gamma=1.01|tau=0.05|lambda=0.8,shifted_sensitivity,Bios,9,1.0,8000,1.01,0.05,0.8,vera_balanced_iut,False,,,0.0,True,NA,False,False,False,True
shifted_sensitivity|Bios|seed=9|fraction=1|gamma=1.01|tau=0.05|lambda=0.8,shifted_sensitivity,Bios,9,1.0,8000,1.01,0.05,0.8,vera_balanced_envelope,False,,,0.0,True,NA,False,False,False,True
shifted_sensitivity|Bios|seed=9|fraction=1|gamma=1.01|tau=0.05|lambda=0.8,shifted_sensitivity,Bios,9,1.0,8000,1.01,0.05,0.8,external_balanced_oracle,False,,,0.0,True,NA,False,False,False,True
shifted_sensitivity|Bios|seed=9|fraction=1|gamma=1.01|tau=0.1|lambda=0.6,shifted_sensitivity,Bios,9,1.0,8000,1.01,0.1,0.6,always_deploy_balanced,True,TaCo::components_removed=5,TaCo,0.0,True,False,True,False,False,True
shifted_sensitivity|Bios|seed=9|fraction=1|gamma=1.01|tau=0.1|lambda=0.6,shifted_sensitivity,Bios,9,1.0,8000,1.01,0.1,0.6,point_selection_balanced,False,,,0.0,True,NA,False,False,False,True
shifted_sensitivity|Bios|seed=9|fraction=1|gamma=1.01|tau=0.1|lambda=0.6,shifted_sensitivity,Bios,9,1.0,8000,1.01,0.1,0.6,vera_balanced_iut,False,,,0.0,True,NA,False,False,False,True
shifted_sensitivity|Bios|seed=9|fraction=1|gamma=1.01|tau=0.1|lambda=0.6,shifted_sensitivity,Bios,9,1.0,8000,1.01,0.1,0.6,vera_balanced_envelope,False,,,0.0,True,NA,False,False,False,True
shifted_sensitivity|Bios|seed=9|fraction=1|gamma=1.01|tau=0.1|lambda=0.6,shifted_sensitivity,Bios,9,1.0,8000,1.01,0.1,0.6,external_balanced_oracle,False,,,0.0,True,NA,False,False,False,True
shifted_sensitivity|Bios|seed=9|fraction=1|gamma=1.01|tau=0.1|lambda=0.7,shifted_sensitivity,Bios,9,1.0,8000,1.01,0.1,0.7,always_deploy_balanced,True,TaCo::components_removed=5,TaCo,0.0,True,False,True,False,False,True
shifted_sensitivity|Bios|seed=9|fraction=1|gamma=1.01|tau=0.1|lambda=0.7,shifted_sensitivity,Bios,9,1.0,8000,1.01,0.1,0.7,point_selection_balanced,False,,,0.0,True,NA,False,False,False,True
shifted_sensitivity|Bios|seed=9|fraction=1|gamma=1.01|tau=0.1|lambda=0.7,shifted_sensitivity,Bios,9,1.0,8000,1.01,0.1,0.7,vera_balanced_iut,False,,,0.0,True,NA,False,False,False,True
shifted_sensitivity|Bios|seed=9|fraction=1|gamma=1.01|tau=0.1|lambda=0.7,shifted_sensitivity,Bios,9,1.0,8000,1.01,0.1,0.7,vera_balanced_envelope,False,,,0.0,True,NA,False,False,False,True
shifted_sensitivity|Bios|seed=9|fraction=1|gamma=1.01|tau=0.1|lambda=0.7,shifted_sensitivity,Bios,9,1.0,8000,1.01,0.1,0.7,external_balanced_oracle,False,,,0.0,True,NA,False,False,False,True
shifted_sensitivity|Bios|seed=9|fraction=1|gamma=1.01|tau=0.1|lambda=0.8,shifted_sensitivity,Bios,9,1.0,8000,1.01,0.1,0.8,always_deploy_balanced,True,TaCo::components_removed=5,TaCo,0.0,True,False,True,False,False,True
shifted_sensitivity|Bios|seed=9|fraction=1|gamma=1.01|tau=0.1|lambda=0.8,shifted_sensitivity,Bios,9,1.0,8000,1.01,0.1,0.8,point_selection_balanced,False,,,0.0,True,NA,False,False,False,True
shifted_sensitivity|Bios|seed=9|fraction=1|gamma=1.01|tau=0.1|lambda=0.8,shifted_sensitivity,Bios,9,1.0,8000,1.01,0.1,0.8,vera_balanced_iut,False,,,0.0,True,NA,False,False,False,True
shifted_sensitivity|Bios|seed=9|fraction=1|gamma=1.01|tau=0.1|lambda=0.8,shifted_sensitivity,Bios,9,1.0,8000,1.01,0.1,0.8,vera_balanced_envelope,False,,,0.0,True,NA,False,False,False,True
shifted_sensitivity|Bios|seed=9|fraction=1|gamma=1.01|tau=0.1|lambda=0.8,shifted_sensitivity,Bios,9,1.0,8000,1.01,0.1,0.8,external_balanced_oracle,False,,,0.0,True,NA,False,False,False,True
shifted_sensitivity|Bios|seed=9|fraction=1|gamma=1.01|tau=0.2|lambda=0.6,shifted_sensitivity,Bios,9,1.0,8000,1.01,0.2,0.6,always_deploy_balanced,True,TaCo::components_removed=5,TaCo,0.0,True,False,True,False,False,True
shifted_sensitivity|Bios|seed=9|fraction=1|gamma=1.01|tau=0.2|lambda=0.6,shifted_sensitivity,Bios,9,1.0,8000,1.01,0.2,0.6,point_selection_balanced,False,,,0.0,True,NA,False,False,False,True
shifted_sensitivity|Bios|seed=9|fraction=1|gamma=1.01|tau=0.2|lambda=0.6,shifted_sensitivity,Bios,9,1.0,8000,1.01,0.2,0.6,vera_balanced_iut,False,,,0.0,True,NA,False,False,False,True
shifted_sensitivity|Bios|seed=9|fraction=1|gamma=1.01|tau=0.2|lambda=0.6,shifted_sensitivity,Bios,9,1.0,8000,1.01,0.2,0.6,vera_balanced_envelope,False,,,0.0,True,NA,False,False,False,True
shifted_sensitivity|Bios|seed=9|fraction=1|gamma=1.01|tau=0.2|lambda=0.6,shifted_sensitivity,Bios,9,1.0,8000,1.01,0.2,0.6,external_balanced_oracle,False,,,0.0,True,NA,False,False,False,True
shifted_sensitivity|Bios|seed=9|fraction=1|gamma=1.01|tau=0.2|lambda=0.7,shifted_sensitivity,Bios,9,1.0,8000,1.01,0.2,0.7,always_deploy_balanced,True,TaCo::components_removed=5,TaCo,0.0,True,False,True,False,False,True
shifted_sensitivity|Bios|seed=9|fraction=1|gamma=1.01|tau=0.2|lambda=0.7,shifted_sensitivity,Bios,9,1.0,8000,1.01,0.2,0.7,point_selection_balanced,False,,,0.0,True,NA,False,False,False,True
shifted_sensitivity|Bios|seed=9|fraction=1|gamma=1.01|tau=0.2|lambda=0.7,shifted_sensitivity,Bios,9,1.0,8000,1.01,0.2,0.7,vera_balanced_iut,False,,,0.0,True,NA,False,False,False,True
shifted_sensitivity|Bios|seed=9|fraction=1|gamma=1.01|tau=0.2|lambda=0.7,shifted_sensitivity,Bios,9,1.0,8000,1.01,0.2,0.7,vera_balanced_envelope,False,,,0.0,True,NA,False,False,False,True
shifted_sensitivity|Bios|seed=9|fraction=1|gamma=1.01|tau=0.2|lambda=0.7,shifted_sensitivity,Bios,9,1.0,8000,1.01,0.2,0.7,external_balanced_oracle,False,,,0.0,True,NA,False,False,False,True
shifted_sensitivity|Bios|seed=9|fraction=1|gamma=1.01|tau=0.2|lambda=0.8,shifted_sensitivity,Bios,9,1.0,8000,1.01,0.2,0.8,always_deploy_balanced,True,TaCo::components_removed=5,TaCo,0.0,True,False,True,False,False,True
shifted_sensitivity|Bios|seed=9|fraction=1|gamma=1.01|tau=0.2|lambda=0.8,shifted_sensitivity,Bios,9,1.0,8000,1.01,0.2,0.8,point_selection_balanced,False,,,0.0,True,NA,False,False,False,True
shifted_sensitivity|Bios|seed=9|fraction=1|gamma=1.01|tau=0.2|lambda=0.8,shifted_sensitivity,Bios,9,1.0,8000,1.01,0.2,0.8,vera_balanced_iut,False,,,0.0,True,NA,False,False,False,True
shifted_sensitivity|Bios|seed=9|fraction=1|gamma=1.01|tau=0.2|lambda=0.8,shifted_sensitivity,Bios,9,1.0,8000,1.01,0.2,0.8,vera_balanced_envelope,False,,,0.0,True,NA,False,False,False,True
shifted_sensitivity|Bios|seed=9|fraction=1|gamma=1.01|tau=0.2|lambda=0.8,shifted_sensitivity,Bios,9,1.0,8000,1.01,0.2,0.8,external_balanced_oracle,False,,,0.0,True,NA,False,False,False,True
learning_curve|Bios|seed=10|fraction=0.05|gamma=1|tau=0.05|lambda=0.6,learning_curve,Bios,10,0.05,383,1.0,0.05,0.6,always_deploy_balanced,True,TaCo::components_removed=5,TaCo,0.0,True,False,True,False,False,True
learning_curve|Bios|seed=10|fraction=0.05|gamma=1|tau=0.05|lambda=0.6,learning_curve,Bios,10,0.05,383,1.0,0.05,0.6,point_selection_balanced,False,,,0.0,True,NA,False,False,False,True
learning_curve|Bios|seed=10|fraction=0.05|gamma=1|tau=0.05|lambda=0.6,learning_curve,Bios,10,0.05,383,1.0,0.05,0.6,vera_balanced_iut,False,,,0.0,True,NA,False,False,False,True
learning_curve|Bios|seed=10|fraction=0.05|gamma=1|tau=0.05|lambda=0.6,learning_curve,Bios,10,0.05,383,1.0,0.05,0.6,vera_balanced_envelope,False,,,0.0,True,NA,False,False,False,True
learning_curve|Bios|seed=10|fraction=0.05|gamma=1|tau=0.05|lambda=0.6,learning_curve,Bios,10,0.05,383,1.0,0.05,0.6,external_balanced_oracle,False,,,0.0,True,NA,False,False,False,True
learning_curve|Bios|seed=10|fraction=0.05|gamma=1|tau=0.05|lambda=0.7,learning_curve,Bios,10,0.05,383,1.0,0.05,0.7,always_deploy_balanced,True,TaCo::components_removed=5,TaCo,0.0,True,False,True,False,False,True
learning_curve|Bios|seed=10|fraction=0.05|gamma=1|tau=0.05|lambda=0.7,learning_curve,Bios,10,0.05,383,1.0,0.05,0.7,point_selection_balanced,False,,,0.0,True,NA,False,False,False,True
learning_curve|Bios|seed=10|fraction=0.05|gamma=1|tau=0.05|lambda=0.7,learning_curve,Bios,10,0.05,383,1.0,0.05,0.7,vera_balanced_iut,False,,,0.0,True,NA,False,False,False,True
learning_curve|Bios|seed=10|fraction=0.05|gamma=1|tau=0.05|lambda=0.7,learning_curve,Bios,10,0.05,383,1.0,0.05,0.7,vera_balanced_envelope,False,,,0.0,True,NA,False,False,False,True
learning_curve|Bios|seed=10|fraction=0.05|gamma=1|tau=0.05|lambda=0.7,learning_curve,Bios,10,0.05,383,1.0,0.05,0.7,external_balanced_oracle,False,,,0.0,True,NA,False,False,False,True
learning_curve|Bios|seed=10|fraction=0.05|gamma=1|tau=0.05|lambda=0.8,learning_curve,Bios,10,0.05,383,1.0,0.05,0.8,always_deploy_balanced,True,TaCo::components_removed=5,TaCo,0.0,True,False,True,False,False,True
learning_curve|Bios|seed=10|fraction=0.05|gamma=1|tau=0.05|lambda=0.8,learning_curve,Bios,10,0.05,383,1.0,0.05,0.8,point_selection_balanced,False,,,0.0,True,NA,False,False,False,True
learning_curve|Bios|seed=10|fraction=0.05|gamma=1|tau=0.05|lambda=0.8,learning_curve,Bios,10,0.05,383,1.0,0.05,0.8,vera_balanced_iut,False,,,0.0,True,NA,False,False,False,True
learning_curve|Bios|seed=10|fraction=0.05|gamma=1|tau=0.05|lambda=0.8,learning_curve,Bios,10,0.05,383,1.0,0.05,0.8,vera_balanced_envelope,False,,,0.0,True,NA,False,False,False,True
learning_curve|Bios|seed=10|fraction=0.05|gamma=1|tau=0.05|lambda=0.8,learning_curve,Bios,10,0.05,383,1.0,0.05,0.8,external_balanced_oracle,False,,,0.0,True,NA,False,False,False,True
learning_curve|Bios|seed=10|fraction=0.05|gamma=1|tau=0.1|lambda=0.6,learning_curve,Bios,10,0.05,383,1.0,0.1,0.6,always_deploy_balanced,True,TaCo::components_removed=5,TaCo,0.0,True,False,True,False,False,True
learning_curve|Bios|seed=10|fraction=0.05|gamma=1|tau=0.1|lambda=0.6,learning_curve,Bios,10,0.05,383,1.0,0.1,0.6,point_selection_balanced,False,,,0.0,True,NA,False,False,False,True
learning_curve|Bios|seed=10|fraction=0.05|gamma=1|tau=0.1|lambda=0.6,learning_curve,Bios,10,0.05,383,1.0,0.1,0.6,vera_balanced_iut,False,,,0.0,True,NA,False,False,False,True
learning_curve|Bios|seed=10|fraction=0.05|gamma=1|tau=0.1|lambda=0.6,learning_curve,Bios,10,0.05,383,1.0,0.1,0.6,vera_balanced_envelope,False,,,0.0,True,NA,False,False,False,True
learning_curve|Bios|seed=10|fraction=0.05|gamma=1|tau=0.1|lambda=0.6,learning_curve,Bios,10,0.05,383,1.0,0.1,0.6,external_balanced_oracle,False,,,0.0,True,NA,False,False,False,True
learning_curve|Bios|seed=10|fraction=0.05|gamma=1|tau=0.1|lambda=0.7,learning_curve,Bios,10,0.05,383,1.0,0.1,0.7,always_deploy_balanced,True,TaCo::components_removed=5,TaCo,0.0,True,False,True,False,False,True
learning_curve|Bios|seed=10|fraction=0.05|gamma=1|tau=0.1|lambda=0.7,learning_curve,Bios,10,0.05,383,1.0,0.1,0.7,point_selection_balanced,False,,,0.0,True,NA,False,False,False,True
learning_curve|Bios|seed=10|fraction=0.05|gamma=1|tau=0.1|lambda=0.7,learning_curve,Bios,10,0.05,383,1.0,0.1,0.7,vera_balanced_iut,False,,,0.0,True,NA,False,False,False,True
learning_curve|Bios|seed=10|fraction=0.05|gamma=1|tau=0.1|lambda=0.7,learning_curve,Bios,10,0.05,383,1.0,0.1,0.7,vera_balanced_envelope,False,,,0.0,True,NA,False,False,False,True
learning_curve|Bios|seed=10|fraction=0.05|gamma=1|tau=0.1|lambda=0.7,learning_curve,Bios,10,0.05,383,1.0,0.1,0.7,external_balanced_oracle,False,,,0.0,True,NA,False,False,False,True
learning_curve|Bios|seed=10|fraction=0.05|gamma=1|tau=0.1|lambda=0.8,learning_curve,Bios,10,0.05,383,1.0,0.1,0.8,always_deploy_balanced,True,TaCo::components_removed=5,TaCo,0.0,True,False,True,False,False,True
learning_curve|Bios|seed=10|fraction=0.05|gamma=1|tau=0.1|lambda=0.8,learning_curve,Bios,10,0.05,383,1.0,0.1,0.8,point_selection_balanced,False,,,0.0,True,NA,False,False,False,True
learning_curve|Bios|seed=10|fraction=0.05|gamma=1|tau=0.1|lambda=0.8,learning_curve,Bios,10,0.05,383,1.0,0.1,0.8,vera_balanced_iut,False,,,0.0,True,NA,False,False,False,True
learning_curve|Bios|seed=10|fraction=0.05|gamma=1|tau=0.1|lambda=0.8,learning_curve,Bios,10,0.05,383,1.0,0.1,0.8,vera_balanced_envelope,False,,,0.0,True,NA,False,False,False,True
learning_curve|Bios|seed=10|fraction=0.05|gamma=1|tau=0.1|lambda=0.8,learning_curve,Bios,10,0.05,383,1.0,0.1,0.8,external_balanced_oracle,False,,,0.0,True,NA,False,False,False,True
learning_curve|Bios|seed=10|fraction=0.05|gamma=1|tau=0.2|lambda=0.6,learning_curve,Bios,10,0.05,383,1.0,0.2,0.6,always_deploy_balanced,True,TaCo::components_removed=5,TaCo,0.0,True,False,True,False,False,True
learning_curve|Bios|seed=10|fraction=0.05|gamma=1|tau=0.2|lambda=0.6,learning_curve,Bios,10,0.05,383,1.0,0.2,0.6,point_selection_balanced,False,,,0.0,True,NA,False,False,False,True
learning_curve|Bios|seed=10|fraction=0.05|gamma=1|tau=0.2|lambda=0.6,learning_curve,Bios,10,0.05,383,1.0,0.2,0.6,vera_balanced_iut,False,,,0.0,True,NA,False,False,False,True
learning_curve|Bios|seed=10|fraction=0.05|gamma=1|tau=0.2|lambda=0.6,learning_curve,Bios,10,0.05,383,1.0,0.2,0.6,vera_balanced_envelope,False,,,0.0,True,NA,False,False,False,True
learning_curve|Bios|seed=10|fraction=0.05|gamma=1|tau=0.2|lambda=0.6,learning_curve,Bios,10,0.05,383,1.0,0.2,0.6,external_balanced_oracle,False,,,0.0,True,NA,False,False,False,True
learning_curve|Bios|seed=10|fraction=0.05|gamma=1|tau=0.2|lambda=0.7,learning_curve,Bios,10,0.05,383,1.0,0.2,0.7,always_deploy_balanced,True,TaCo::components_removed=5,TaCo,0.0,True,False,True,False,False,True
learning_curve|Bios|seed=10|fraction=0.05|gamma=1|tau=0.2|lambda=0.7,learning_curve,Bios,10,0.05,383,1.0,0.2,0.7,point_selection_balanced,False,,,0.0,True,NA,False,False,False,True
learning_curve|Bios|seed=10|fraction=0.05|gamma=1|tau=0.2|lambda=0.7,learning_curve,Bios,10,0.05,383,1.0,0.2,0.7,vera_balanced_iut,False,,,0.0,True,NA,False,False,False,True
learning_curve|Bios|seed=10|fraction=0.05|gamma=1|tau=0.2|lambda=0.7,learning_curve,Bios,10,0.05,383,1.0,0.2,0.7,vera_balanced_envelope,False,,,0.0,True,NA,False,False,False,True
learning_curve|Bios|seed=10|fraction=0.05|gamma=1|tau=0.2|lambda=0.7,learning_curve,Bios,10,0.05,383,1.0,0.2,0.7,external_balanced_oracle,False,,,0.0,True,NA,False,False,False,True
learning_curve|Bios|seed=10|fraction=0.05|gamma=1|tau=0.2|lambda=0.8,learning_curve,Bios,10,0.05,383,1.0,0.2,0.8,always_deploy_balanced,True,TaCo::components_removed=5,TaCo,0.0,True,False,True,False,False,True
learning_curve|Bios|seed=10|fraction=0.05|gamma=1|tau=0.2|lambda=0.8,learning_curve,Bios,10,0.05,383,1.0,0.2,0.8,point_selection_balanced,False,,,0.0,True,NA,False,False,False,True
learning_curve|Bios|seed=10|fraction=0.05|gamma=1|tau=0.2|lambda=0.8,learning_curve,Bios,10,0.05,383,1.0,0.2,0.8,vera_balanced_iut,False,,,0.0,True,NA,False,False,False,True
learning_curve|Bios|seed=10|fraction=0.05|gamma=1|tau=0.2|lambda=0.8,learning_curve,Bios,10,0.05,383,1.0,0.2,0.8,vera_balanced_envelope,False,,,0.0,True,NA,False,False,False,True
learning_curve|Bios|seed=10|fraction=0.05|gamma=1|tau=0.2|lambda=0.8,learning_curve,Bios,10,0.05,383,1.0,0.2,0.8,external_balanced_oracle,False,,,0.0,True,NA,False,False,False,True
learning_curve|Bios|seed=10|fraction=0.1|gamma=1|tau=0.05|lambda=0.6,learning_curve,Bios,10,0.1,780,1.0,0.05,0.6,always_deploy_balanced,True,TaCo::components_removed=5,TaCo,0.0,True,False,True,False,False,True
learning_curve|Bios|seed=10|fraction=0.1|gamma=1|tau=0.05|lambda=0.6,learning_curve,Bios,10,0.1,780,1.0,0.05,0.6,point_selection_balanced,False,,,0.0,True,NA,False,False,False,True
learning_curve|Bios|seed=10|fraction=0.1|gamma=1|tau=0.05|lambda=0.6,learning_curve,Bios,10,0.1,780,1.0,0.05,0.6,vera_balanced_iut,False,,,0.0,True,NA,False,False,False,True
learning_curve|Bios|seed=10|fraction=0.1|gamma=1|tau=0.05|lambda=0.6,learning_curve,Bios,10,0.1,780,1.0,0.05,0.6,vera_balanced_envelope,False,,,0.0,True,NA,False,False,False,True
learning_curve|Bios|seed=10|fraction=0.1|gamma=1|tau=0.05|lambda=0.6,learning_curve,Bios,10,0.1,780,1.0,0.05,0.6,external_balanced_oracle,False,,,0.0,True,NA,False,False,False,True
learning_curve|Bios|seed=10|fraction=0.1|gamma=1|tau=0.05|lambda=0.7,learning_curve,Bios,10,0.1,780,1.0,0.05,0.7,always_deploy_balanced,True,TaCo::components_removed=5,TaCo,0.0,True,False,True,False,False,True
learning_curve|Bios|seed=10|fraction=0.1|gamma=1|tau=0.05|lambda=0.7,learning_curve,Bios,10,0.1,780,1.0,0.05,0.7,point_selection_balanced,False,,,0.0,True,NA,False,False,False,True
learning_curve|Bios|seed=10|fraction=0.1|gamma=1|tau=0.05|lambda=0.7,learning_curve,Bios,10,0.1,780,1.0,0.05,0.7,vera_balanced_iut,False,,,0.0,True,NA,False,False,False,True
learning_curve|Bios|seed=10|fraction=0.1|gamma=1|tau=0.05|lambda=0.7,learning_curve,Bios,10,0.1,780,1.0,0.05,0.7,vera_balanced_envelope,False,,,0.0,True,NA,False,False,False,True
learning_curve|Bios|seed=10|fraction=0.1|gamma=1|tau=0.05|lambda=0.7,learning_curve,Bios,10,0.1,780,1.0,0.05,0.7,external_balanced_oracle,False,,,0.0,True,NA,False,False,False,True
learning_curve|Bios|seed=10|fraction=0.1|gamma=1|tau=0.05|lambda=0.8,learning_curve,Bios,10,0.1,780,1.0,0.05,0.8,always_deploy_balanced,True,TaCo::components_removed=5,TaCo,0.0,True,False,True,False,False,True
learning_curve|Bios|seed=10|fraction=0.1|gamma=1|tau=0.05|lambda=0.8,learning_curve,Bios,10,0.1,780,1.0,0.05,0.8,point_selection_balanced,False,,,0.0,True,NA,False,False,False,True
learning_curve|Bios|seed=10|fraction=0.1|gamma=1|tau=0.05|lambda=0.8,learning_curve,Bios,10,0.1,780,1.0,0.05,0.8,vera_balanced_iut,False,,,0.0,True,NA,False,False,False,True
learning_curve|Bios|seed=10|fraction=0.1|gamma=1|tau=0.05|lambda=0.8,learning_curve,Bios,10,0.1,780,1.0,0.05,0.8,vera_balanced_envelope,False,,,0.0,True,NA,False,False,False,True
learning_curve|Bios|seed=10|fraction=0.1|gamma=1|tau=0.05|lambda=0.8,learning_curve,Bios,10,0.1,780,1.0,0.05,0.8,external_balanced_oracle,False,,,0.0,True,NA,False,False,False,True
learning_curve|Bios|seed=10|fraction=0.1|gamma=1|tau=0.1|lambda=0.6,learning_curve,Bios,10,0.1,780,1.0,0.1,0.6,always_deploy_balanced,True,TaCo::components_removed=5,TaCo,0.0,True,False,True,False,False,True
learning_curve|Bios|seed=10|fraction=0.1|gamma=1|tau=0.1|lambda=0.6,learning_curve,Bios,10,0.1,780,1.0,0.1,0.6,point_selection_balanced,False,,,0.0,True,NA,False,False,False,True
learning_curve|Bios|seed=10|fraction=0.1|gamma=1|tau=0.1|lambda=0.6,learning_curve,Bios,10,0.1,780,1.0,0.1,0.6,vera_balanced_iut,False,,,0.0,True,NA,False,False,False,True
learning_curve|Bios|seed=10|fraction=0.1|gamma=1|tau=0.1|lambda=0.6,learning_curve,Bios,10,0.1,780,1.0,0.1,0.6,vera_balanced_envelope,False,,,0.0,True,NA,False,False,False,True
learning_curve|Bios|seed=10|fraction=0.1|gamma=1|tau=0.1|lambda=0.6,learning_curve,Bios,10,0.1,780,1.0,0.1,0.6,external_balanced_oracle,False,,,0.0,True,NA,False,False,False,True
learning_curve|Bios|seed=10|fraction=0.1|gamma=1|tau=0.1|lambda=0.7,learning_curve,Bios,10,0.1,780,1.0,0.1,0.7,always_deploy_balanced,True,TaCo::components_removed=5,TaCo,0.0,True,False,True,False,False,True
learning_curve|Bios|seed=10|fraction=0.1|gamma=1|tau=0.1|lambda=0.7,learning_curve,Bios,10,0.1,780,1.0,0.1,0.7,point_selection_balanced,False,,,0.0,True,NA,False,False,False,True
learning_curve|Bios|seed=10|fraction=0.1|gamma=1|tau=0.1|lambda=0.7,learning_curve,Bios,10,0.1,780,1.0,0.1,0.7,vera_balanced_iut,False,,,0.0,True,NA,False,False,False,True
learning_curve|Bios|seed=10|fraction=0.1|gamma=1|tau=0.1|lambda=0.7,learning_curve,Bios,10,0.1,780,1.0,0.1,0.7,vera_balanced_envelope,False,,,0.0,True,NA,False,False,False,True
learning_curve|Bios|seed=10|fraction=0.1|gamma=1|tau=0.1|lambda=0.7,learning_curve,Bios,10,0.1,780,1.0,0.1,0.7,external_balanced_oracle,False,,,0.0,True,NA,False,False,False,True
learning_curve|Bios|seed=10|fraction=0.1|gamma=1|tau=0.1|lambda=0.8,learning_curve,Bios,10,0.1,780,1.0,0.1,0.8,always_deploy_balanced,True,TaCo::components_removed=5,TaCo,0.0,True,False,True,False,False,True
learning_curve|Bios|seed=10|fraction=0.1|gamma=1|tau=0.1|lambda=0.8,learning_curve,Bios,10,0.1,780,1.0,0.1,0.8,point_selection_balanced,False,,,0.0,True,NA,False,False,False,True
learning_curve|Bios|seed=10|fraction=0.1|gamma=1|tau=0.1|lambda=0.8,learning_curve,Bios,10,0.1,780,1.0,0.1,0.8,vera_balanced_iut,False,,,0.0,True,NA,False,False,False,True
learning_curve|Bios|seed=10|fraction=0.1|gamma=1|tau=0.1|lambda=0.8,learning_curve,Bios,10,0.1,780,1.0,0.1,0.8,vera_balanced_envelope,False,,,0.0,True,NA,False,False,False,True
learning_curve|Bios|seed=10|fraction=0.1|gamma=1|tau=0.1|lambda=0.8,learning_curve,Bios,10,0.1,780,1.0,0.1,0.8,external_balanced_oracle,False,,,0.0,True,NA,False,False,False,True
learning_curve|Bios|seed=10|fraction=0.1|gamma=1|tau=0.2|lambda=0.6,learning_curve,Bios,10,0.1,780,1.0,0.2,0.6,always_deploy_balanced,True,TaCo::components_removed=5,TaCo,0.0,True,False,True,False,False,True
learning_curve|Bios|seed=10|fraction=0.1|gamma=1|tau=0.2|lambda=0.6,learning_curve,Bios,10,0.1,780,1.0,0.2,0.6,point_selection_balanced,False,,,0.0,True,NA,False,False,False,True
learning_curve|Bios|seed=10|fraction=0.1|gamma=1|tau=0.2|lambda=0.6,learning_curve,Bios,10,0.1,780,1.0,0.2,0.6,vera_balanced_iut,False,,,0.0,True,NA,False,False,False,True
learning_curve|Bios|seed=10|fraction=0.1|gamma=1|tau=0.2|lambda=0.6,learning_curve,Bios,10,0.1,780,1.0,0.2,0.6,vera_balanced_envelope,False,,,0.0,True,NA,False,False,False,True
learning_curve|Bios|seed=10|fraction=0.1|gamma=1|tau=0.2|lambda=0.6,learning_curve,Bios,10,0.1,780,1.0,0.2,0.6,external_balanced_oracle,False,,,0.0,True,NA,False,False,False,True
learning_curve|Bios|seed=10|fraction=0.1|gamma=1|tau=0.2|lambda=0.7,learning_curve,Bios,10,0.1,780,1.0,0.2,0.7,always_deploy_balanced,True,TaCo::components_removed=5,TaCo,0.0,True,False,True,False,False,True
learning_curve|Bios|seed=10|fraction=0.1|gamma=1|tau=0.2|lambda=0.7,learning_curve,Bios,10,0.1,780,1.0,0.2,0.7,point_selection_balanced,False,,,0.0,True,NA,False,False,False,True
learning_curve|Bios|seed=10|fraction=0.1|gamma=1|tau=0.2|lambda=0.7,learning_curve,Bios,10,0.1,780,1.0,0.2,0.7,vera_balanced_iut,False,,,0.0,True,NA,False,False,False,True
learning_curve|Bios|seed=10|fraction=0.1|gamma=1|tau=0.2|lambda=0.7,learning_curve,Bios,10,0.1,780,1.0,0.2,0.7,vera_balanced_envelope,False,,,0.0,True,NA,False,False,False,True
learning_curve|Bios|seed=10|fraction=0.1|gamma=1|tau=0.2|lambda=0.7,learning_curve,Bios,10,0.1,780,1.0,0.2,0.7,external_balanced_oracle,False,,,0.0,True,NA,False,False,False,True
learning_curve|Bios|seed=10|fraction=0.1|gamma=1|tau=0.2|lambda=0.8,learning_curve,Bios,10,0.1,780,1.0,0.2,0.8,always_deploy_balanced,True,TaCo::components_removed=5,TaCo,0.0,True,False,True,False,False,True
learning_curve|Bios|seed=10|fraction=0.1|gamma=1|tau=0.2|lambda=0.8,learning_curve,Bios,10,0.1,780,1.0,0.2,0.8,point_selection_balanced,False,,,0.0,True,NA,False,False,False,True
learning_curve|Bios|seed=10|fraction=0.1|gamma=1|tau=0.2|lambda=0.8,learning_curve,Bios,10,0.1,780,1.0,0.2,0.8,vera_balanced_iut,False,,,0.0,True,NA,False,False,False,True
learning_curve|Bios|seed=10|fraction=0.1|gamma=1|tau=0.2|lambda=0.8,learning_curve,Bios,10,0.1,780,1.0,0.2,0.8,vera_balanced_envelope,False,,,0.0,True,NA,False,False,False,True
learning_curve|Bios|seed=10|fraction=0.1|gamma=1|tau=0.2|lambda=0.8,learning_curve,Bios,10,0.1,780,1.0,0.2,0.8,external_balanced_oracle,False,,,0.0,True,NA,False,False,False,True
learning_curve|Bios|seed=10|fraction=0.25|gamma=1|tau=0.05|lambda=0.6,learning_curve,Bios,10,0.25,1978,1.0,0.05,0.6,always_deploy_balanced,True,TaCo::components_removed=5,TaCo,0.0,True,False,True,False,False,True
learning_curve|Bios|seed=10|fraction=0.25|gamma=1|tau=0.05|lambda=0.6,learning_curve,Bios,10,0.25,1978,1.0,0.05,0.6,point_selection_balanced,False,,,0.0,True,NA,False,False,False,True
learning_curve|Bios|seed=10|fraction=0.25|gamma=1|tau=0.05|lambda=0.6,learning_curve,Bios,10,0.25,1978,1.0,0.05,0.6,vera_balanced_iut,False,,,0.0,True,NA,False,False,False,True
learning_curve|Bios|seed=10|fraction=0.25|gamma=1|tau=0.05|lambda=0.6,learning_curve,Bios,10,0.25,1978,1.0,0.05,0.6,vera_balanced_envelope,False,,,0.0,True,NA,False,False,False,True
learning_curve|Bios|seed=10|fraction=0.25|gamma=1|tau=0.05|lambda=0.6,learning_curve,Bios,10,0.25,1978,1.0,0.05,0.6,external_balanced_oracle,False,,,0.0,True,NA,False,False,False,True
learning_curve|Bios|seed=10|fraction=0.25|gamma=1|tau=0.05|lambda=0.7,learning_curve,Bios,10,0.25,1978,1.0,0.05,0.7,always_deploy_balanced,True,TaCo::components_removed=5,TaCo,0.0,True,False,True,False,False,True
learning_curve|Bios|seed=10|fraction=0.25|gamma=1|tau=0.05|lambda=0.7,learning_curve,Bios,10,0.25,1978,1.0,0.05,0.7,point_selection_balanced,False,,,0.0,True,NA,False,False,False,True
learning_curve|Bios|seed=10|fraction=0.25|gamma=1|tau=0.05|lambda=0.7,learning_curve,Bios,10,0.25,1978,1.0,0.05,0.7,vera_balanced_iut,False,,,0.0,True,NA,False,False,False,True
learning_curve|Bios|seed=10|fraction=0.25|gamma=1|tau=0.05|lambda=0.7,learning_curve,Bios,10,0.25,1978,1.0,0.05,0.7,vera_balanced_envelope,False,,,0.0,True,NA,False,False,False,True
learning_curve|Bios|seed=10|fraction=0.25|gamma=1|tau=0.05|lambda=0.7,learning_curve,Bios,10,0.25,1978,1.0,0.05,0.7,external_balanced_oracle,False,,,0.0,True,NA,False,False,False,True
learning_curve|Bios|seed=10|fraction=0.25|gamma=1|tau=0.05|lambda=0.8,learning_curve,Bios,10,0.25,1978,1.0,0.05,0.8,always_deploy_balanced,True,TaCo::components_removed=5,TaCo,0.0,True,False,True,False,False,True
learning_curve|Bios|seed=10|fraction=0.25|gamma=1|tau=0.05|lambda=0.8,learning_curve,Bios,10,0.25,1978,1.0,0.05,0.8,point_selection_balanced,False,,,0.0,True,NA,False,False,False,True
learning_curve|Bios|seed=10|fraction=0.25|gamma=1|tau=0.05|lambda=0.8,learning_curve,Bios,10,0.25,1978,1.0,0.05,0.8,vera_balanced_iut,False,,,0.0,True,NA,False,False,False,True
learning_curve|Bios|seed=10|fraction=0.25|gamma=1|tau=0.05|lambda=0.8,learning_curve,Bios,10,0.25,1978,1.0,0.05,0.8,vera_balanced_envelope,False,,,0.0,True,NA,False,False,False,True
learning_curve|Bios|seed=10|fraction=0.25|gamma=1|tau=0.05|lambda=0.8,learning_curve,Bios,10,0.25,1978,1.0,0.05,0.8,external_balanced_oracle,False,,,0.0,True,NA,False,False,False,True
learning_curve|Bios|seed=10|fraction=0.25|gamma=1|tau=0.1|lambda=0.6,learning_curve,Bios,10,0.25,1978,1.0,0.1,0.6,always_deploy_balanced,True,TaCo::components_removed=5,TaCo,0.0,True,False,True,False,False,True
learning_curve|Bios|seed=10|fraction=0.25|gamma=1|tau=0.1|lambda=0.6,learning_curve,Bios,10,0.25,1978,1.0,0.1,0.6,point_selection_balanced,False,,,0.0,True,NA,False,False,False,True
learning_curve|Bios|seed=10|fraction=0.25|gamma=1|tau=0.1|lambda=0.6,learning_curve,Bios,10,0.25,1978,1.0,0.1,0.6,vera_balanced_iut,False,,,0.0,True,NA,False,False,False,True
learning_curve|Bios|seed=10|fraction=0.25|gamma=1|tau=0.1|lambda=0.6,learning_curve,Bios,10,0.25,1978,1.0,0.1,0.6,vera_balanced_envelope,False,,,0.0,True,NA,False,False,False,True
learning_curve|Bios|seed=10|fraction=0.25|gamma=1|tau=0.1|lambda=0.6,learning_curve,Bios,10,0.25,1978,1.0,0.1,0.6,external_balanced_oracle,False,,,0.0,True,NA,False,False,False,True
learning_curve|Bios|seed=10|fraction=0.25|gamma=1|tau=0.1|lambda=0.7,learning_curve,Bios,10,0.25,1978,1.0,0.1,0.7,always_deploy_balanced,True,TaCo::components_removed=5,TaCo,0.0,True,False,True,False,False,True
learning_curve|Bios|seed=10|fraction=0.25|gamma=1|tau=0.1|lambda=0.7,learning_curve,Bios,10,0.25,1978,1.0,0.1,0.7,point_selection_balanced,False,,,0.0,True,NA,False,False,False,True
learning_curve|Bios|seed=10|fraction=0.25|gamma=1|tau=0.1|lambda=0.7,learning_curve,Bios,10,0.25,1978,1.0,0.1,0.7,vera_balanced_iut,False,,,0.0,True,NA,False,False,False,True
learning_curve|Bios|seed=10|fraction=0.25|gamma=1|tau=0.1|lambda=0.7,learning_curve,Bios,10,0.25,1978,1.0,0.1,0.7,vera_balanced_envelope,False,,,0.0,True,NA,False,False,False,True
learning_curve|Bios|seed=10|fraction=0.25|gamma=1|tau=0.1|lambda=0.7,learning_curve,Bios,10,0.25,1978,1.0,0.1,0.7,external_balanced_oracle,False,,,0.0,True,NA,False,False,False,True
learning_curve|Bios|seed=10|fraction=0.25|gamma=1|tau=0.1|lambda=0.8,learning_curve,Bios,10,0.25,1978,1.0,0.1,0.8,always_deploy_balanced,True,TaCo::components_removed=5,TaCo,0.0,True,False,True,False,False,True
learning_curve|Bios|seed=10|fraction=0.25|gamma=1|tau=0.1|lambda=0.8,learning_curve,Bios,10,0.25,1978,1.0,0.1,0.8,point_selection_balanced,False,,,0.0,True,NA,False,False,False,True
learning_curve|Bios|seed=10|fraction=0.25|gamma=1|tau=0.1|lambda=0.8,learning_curve,Bios,10,0.25,1978,1.0,0.1,0.8,vera_balanced_iut,False,,,0.0,True,NA,False,False,False,True
learning_curve|Bios|seed=10|fraction=0.25|gamma=1|tau=0.1|lambda=0.8,learning_curve,Bios,10,0.25,1978,1.0,0.1,0.8,vera_balanced_envelope,False,,,0.0,True,NA,False,False,False,True
learning_curve|Bios|seed=10|fraction=0.25|gamma=1|tau=0.1|lambda=0.8,learning_curve,Bios,10,0.25,1978,1.0,0.1,0.8,external_balanced_oracle,False,,,0.0,True,NA,False,False,False,True
learning_curve|Bios|seed=10|fraction=0.25|gamma=1|tau=0.2|lambda=0.6,learning_curve,Bios,10,0.25,1978,1.0,0.2,0.6,always_deploy_balanced,True,TaCo::components_removed=5,TaCo,0.0,True,False,True,False,False,True
learning_curve|Bios|seed=10|fraction=0.25|gamma=1|tau=0.2|lambda=0.6,learning_curve,Bios,10,0.25,1978,1.0,0.2,0.6,point_selection_balanced,False,,,0.0,True,NA,False,False,False,True
learning_curve|Bios|seed=10|fraction=0.25|gamma=1|tau=0.2|lambda=0.6,learning_curve,Bios,10,0.25,1978,1.0,0.2,0.6,vera_balanced_iut,False,,,0.0,True,NA,False,False,False,True
learning_curve|Bios|seed=10|fraction=0.25|gamma=1|tau=0.2|lambda=0.6,learning_curve,Bios,10,0.25,1978,1.0,0.2,0.6,vera_balanced_envelope,False,,,0.0,True,NA,False,False,False,True
learning_curve|Bios|seed=10|fraction=0.25|gamma=1|tau=0.2|lambda=0.6,learning_curve,Bios,10,0.25,1978,1.0,0.2,0.6,external_balanced_oracle,False,,,0.0,True,NA,False,False,False,True
learning_curve|Bios|seed=10|fraction=0.25|gamma=1|tau=0.2|lambda=0.7,learning_curve,Bios,10,0.25,1978,1.0,0.2,0.7,always_deploy_balanced,True,TaCo::components_removed=5,TaCo,0.0,True,False,True,False,False,True
learning_curve|Bios|seed=10|fraction=0.25|gamma=1|tau=0.2|lambda=0.7,learning_curve,Bios,10,0.25,1978,1.0,0.2,0.7,point_selection_balanced,False,,,0.0,True,NA,False,False,False,True
learning_curve|Bios|seed=10|fraction=0.25|gamma=1|tau=0.2|lambda=0.7,learning_curve,Bios,10,0.25,1978,1.0,0.2,0.7,vera_balanced_iut,False,,,0.0,True,NA,False,False,False,True
learning_curve|Bios|seed=10|fraction=0.25|gamma=1|tau=0.2|lambda=0.7,learning_curve,Bios,10,0.25,1978,1.0,0.2,0.7,vera_balanced_envelope,False,,,0.0,True,NA,False,False,False,True
learning_curve|Bios|seed=10|fraction=0.25|gamma=1|tau=0.2|lambda=0.7,learning_curve,Bios,10,0.25,1978,1.0,0.2,0.7,external_balanced_oracle,False,,,0.0,True,NA,False,False,False,True
learning_curve|Bios|seed=10|fraction=0.25|gamma=1|tau=0.2|lambda=0.8,learning_curve,Bios,10,0.25,1978,1.0,0.2,0.8,always_deploy_balanced,True,TaCo::components_removed=5,TaCo,0.0,True,False,True,False,False,True
learning_curve|Bios|seed=10|fraction=0.25|gamma=1|tau=0.2|lambda=0.8,learning_curve,Bios,10,0.25,1978,1.0,0.2,0.8,point_selection_balanced,False,,,0.0,True,NA,False,False,False,True
learning_curve|Bios|seed=10|fraction=0.25|gamma=1|tau=0.2|lambda=0.8,learning_curve,Bios,10,0.25,1978,1.0,0.2,0.8,vera_balanced_iut,False,,,0.0,True,NA,False,False,False,True
learning_curve|Bios|seed=10|fraction=0.25|gamma=1|tau=0.2|lambda=0.8,learning_curve,Bios,10,0.25,1978,1.0,0.2,0.8,vera_balanced_envelope,False,,,0.0,True,NA,False,False,False,True
learning_curve|Bios|seed=10|fraction=0.25|gamma=1|tau=0.2|lambda=0.8,learning_curve,Bios,10,0.25,1978,1.0,0.2,0.8,external_balanced_oracle,False,,,0.0,True,NA,False,False,False,True
learning_curve|Bios|seed=10|fraction=0.5|gamma=1|tau=0.05|lambda=0.6,learning_curve,Bios,10,0.5,3986,1.0,0.05,0.6,always_deploy_balanced,True,TaCo::components_removed=5,TaCo,0.0,True,False,True,False,False,True
learning_curve|Bios|seed=10|fraction=0.5|gamma=1|tau=0.05|lambda=0.6,learning_curve,Bios,10,0.5,3986,1.0,0.05,0.6,point_selection_balanced,False,,,0.0,True,NA,False,False,False,True
learning_curve|Bios|seed=10|fraction=0.5|gamma=1|tau=0.05|lambda=0.6,learning_curve,Bios,10,0.5,3986,1.0,0.05,0.6,vera_balanced_iut,False,,,0.0,True,NA,False,False,False,True
learning_curve|Bios|seed=10|fraction=0.5|gamma=1|tau=0.05|lambda=0.6,learning_curve,Bios,10,0.5,3986,1.0,0.05,0.6,vera_balanced_envelope,False,,,0.0,True,NA,False,False,False,True
learning_curve|Bios|seed=10|fraction=0.5|gamma=1|tau=0.05|lambda=0.6,learning_curve,Bios,10,0.5,3986,1.0,0.05,0.6,external_balanced_oracle,False,,,0.0,True,NA,False,False,False,True
learning_curve|Bios|seed=10|fraction=0.5|gamma=1|tau=0.05|lambda=0.7,learning_curve,Bios,10,0.5,3986,1.0,0.05,0.7,always_deploy_balanced,True,TaCo::components_removed=5,TaCo,0.0,True,False,True,False,False,True
learning_curve|Bios|seed=10|fraction=0.5|gamma=1|tau=0.05|lambda=0.7,learning_curve,Bios,10,0.5,3986,1.0,0.05,0.7,point_selection_balanced,False,,,0.0,True,NA,False,False,False,True
learning_curve|Bios|seed=10|fraction=0.5|gamma=1|tau=0.05|lambda=0.7,learning_curve,Bios,10,0.5,3986,1.0,0.05,0.7,vera_balanced_iut,False,,,0.0,True,NA,False,False,False,True
learning_curve|Bios|seed=10|fraction=0.5|gamma=1|tau=0.05|lambda=0.7,learning_curve,Bios,10,0.5,3986,1.0,0.05,0.7,vera_balanced_envelope,False,,,0.0,True,NA,False,False,False,True
learning_curve|Bios|seed=10|fraction=0.5|gamma=1|tau=0.05|lambda=0.7,learning_curve,Bios,10,0.5,3986,1.0,0.05,0.7,external_balanced_oracle,False,,,0.0,True,NA,False,False,False,True
learning_curve|Bios|seed=10|fraction=0.5|gamma=1|tau=0.05|lambda=0.8,learning_curve,Bios,10,0.5,3986,1.0,0.05,0.8,always_deploy_balanced,True,TaCo::components_removed=5,TaCo,0.0,True,False,True,False,False,True
learning_curve|Bios|seed=10|fraction=0.5|gamma=1|tau=0.05|lambda=0.8,learning_curve,Bios,10,0.5,3986,1.0,0.05,0.8,point_selection_balanced,False,,,0.0,True,NA,False,False,False,True
learning_curve|Bios|seed=10|fraction=0.5|gamma=1|tau=0.05|lambda=0.8,learning_curve,Bios,10,0.5,3986,1.0,0.05,0.8,vera_balanced_iut,False,,,0.0,True,NA,False,False,False,True
learning_curve|Bios|seed=10|fraction=0.5|gamma=1|tau=0.05|lambda=0.8,learning_curve,Bios,10,0.5,3986,1.0,0.05,0.8,vera_balanced_envelope,False,,,0.0,True,NA,False,False,False,True
learning_curve|Bios|seed=10|fraction=0.5|gamma=1|tau=0.05|lambda=0.8,learning_curve,Bios,10,0.5,3986,1.0,0.05,0.8,external_balanced_oracle,False,,,0.0,True,NA,False,False,False,True
learning_curve|Bios|seed=10|fraction=0.5|gamma=1|tau=0.1|lambda=0.6,learning_curve,Bios,10,0.5,3986,1.0,0.1,0.6,always_deploy_balanced,True,TaCo::components_removed=5,TaCo,0.0,True,False,True,False,False,True
learning_curve|Bios|seed=10|fraction=0.5|gamma=1|tau=0.1|lambda=0.6,learning_curve,Bios,10,0.5,3986,1.0,0.1,0.6,point_selection_balanced,False,,,0.0,True,NA,False,False,False,True
learning_curve|Bios|seed=10|fraction=0.5|gamma=1|tau=0.1|lambda=0.6,learning_curve,Bios,10,0.5,3986,1.0,0.1,0.6,vera_balanced_iut,False,,,0.0,True,NA,False,False,False,True
learning_curve|Bios|seed=10|fraction=0.5|gamma=1|tau=0.1|lambda=0.6,learning_curve,Bios,10,0.5,3986,1.0,0.1,0.6,vera_balanced_envelope,False,,,0.0,True,NA,False,False,False,True
learning_curve|Bios|seed=10|fraction=0.5|gamma=1|tau=0.1|lambda=0.6,learning_curve,Bios,10,0.5,3986,1.0,0.1,0.6,external_balanced_oracle,False,,,0.0,True,NA,False,False,False,True
learning_curve|Bios|seed=10|fraction=0.5|gamma=1|tau=0.1|lambda=0.7,learning_curve,Bios,10,0.5,3986,1.0,0.1,0.7,always_deploy_balanced,True,TaCo::components_removed=5,TaCo,0.0,True,False,True,False,False,True
learning_curve|Bios|seed=10|fraction=0.5|gamma=1|tau=0.1|lambda=0.7,learning_curve,Bios,10,0.5,3986,1.0,0.1,0.7,point_selection_balanced,False,,,0.0,True,NA,False,False,False,True
learning_curve|Bios|seed=10|fraction=0.5|gamma=1|tau=0.1|lambda=0.7,learning_curve,Bios,10,0.5,3986,1.0,0.1,0.7,vera_balanced_iut,False,,,0.0,True,NA,False,False,False,True
learning_curve|Bios|seed=10|fraction=0.5|gamma=1|tau=0.1|lambda=0.7,learning_curve,Bios,10,0.5,3986,1.0,0.1,0.7,vera_balanced_envelope,False,,,0.0,True,NA,False,False,False,True
learning_curve|Bios|seed=10|fraction=0.5|gamma=1|tau=0.1|lambda=0.7,learning_curve,Bios,10,0.5,3986,1.0,0.1,0.7,external_balanced_oracle,False,,,0.0,True,NA,False,False,False,True
learning_curve|Bios|seed=10|fraction=0.5|gamma=1|tau=0.1|lambda=0.8,learning_curve,Bios,10,0.5,3986,1.0,0.1,0.8,always_deploy_balanced,True,TaCo::components_removed=5,TaCo,0.0,True,False,True,False,False,True
learning_curve|Bios|seed=10|fraction=0.5|gamma=1|tau=0.1|lambda=0.8,learning_curve,Bios,10,0.5,3986,1.0,0.1,0.8,point_selection_balanced,False,,,0.0,True,NA,False,False,False,True
learning_curve|Bios|seed=10|fraction=0.5|gamma=1|tau=0.1|lambda=0.8,learning_curve,Bios,10,0.5,3986,1.0,0.1,0.8,vera_balanced_iut,False,,,0.0,True,NA,False,False,False,True
learning_curve|Bios|seed=10|fraction=0.5|gamma=1|tau=0.1|lambda=0.8,learning_curve,Bios,10,0.5,3986,1.0,0.1,0.8,vera_balanced_envelope,False,,,0.0,True,NA,False,False,False,True
learning_curve|Bios|seed=10|fraction=0.5|gamma=1|tau=0.1|lambda=0.8,learning_curve,Bios,10,0.5,3986,1.0,0.1,0.8,external_balanced_oracle,False,,,0.0,True,NA,False,False,False,True
learning_curve|Bios|seed=10|fraction=0.5|gamma=1|tau=0.2|lambda=0.6,learning_curve,Bios,10,0.5,3986,1.0,0.2,0.6,always_deploy_balanced,True,TaCo::components_removed=5,TaCo,0.0,True,False,True,False,False,True
learning_curve|Bios|seed=10|fraction=0.5|gamma=1|tau=0.2|lambda=0.6,learning_curve,Bios,10,0.5,3986,1.0,0.2,0.6,point_selection_balanced,False,,,0.0,True,NA,False,False,False,True
learning_curve|Bios|seed=10|fraction=0.5|gamma=1|tau=0.2|lambda=0.6,learning_curve,Bios,10,0.5,3986,1.0,0.2,0.6,vera_balanced_iut,False,,,0.0,True,NA,False,False,False,True
learning_curve|Bios|seed=10|fraction=0.5|gamma=1|tau=0.2|lambda=0.6,learning_curve,Bios,10,0.5,3986,1.0,0.2,0.6,vera_balanced_envelope,False,,,0.0,True,NA,False,False,False,True
learning_curve|Bios|seed=10|fraction=0.5|gamma=1|tau=0.2|lambda=0.6,learning_curve,Bios,10,0.5,3986,1.0,0.2,0.6,external_balanced_oracle,False,,,0.0,True,NA,False,False,False,True
learning_curve|Bios|seed=10|fraction=0.5|gamma=1|tau=0.2|lambda=0.7,learning_curve,Bios,10,0.5,3986,1.0,0.2,0.7,always_deploy_balanced,True,TaCo::components_removed=5,TaCo,0.0,True,False,True,False,False,True
learning_curve|Bios|seed=10|fraction=0.5|gamma=1|tau=0.2|lambda=0.7,learning_curve,Bios,10,0.5,3986,1.0,0.2,0.7,point_selection_balanced,False,,,0.0,True,NA,False,False,False,True
learning_curve|Bios|seed=10|fraction=0.5|gamma=1|tau=0.2|lambda=0.7,learning_curve,Bios,10,0.5,3986,1.0,0.2,0.7,vera_balanced_iut,False,,,0.0,True,NA,False,False,False,True
learning_curve|Bios|seed=10|fraction=0.5|gamma=1|tau=0.2|lambda=0.7,learning_curve,Bios,10,0.5,3986,1.0,0.2,0.7,vera_balanced_envelope,False,,,0.0,True,NA,False,False,False,True
learning_curve|Bios|seed=10|fraction=0.5|gamma=1|tau=0.2|lambda=0.7,learning_curve,Bios,10,0.5,3986,1.0,0.2,0.7,external_balanced_oracle,False,,,0.0,True,NA,False,False,False,True
learning_curve|Bios|seed=10|fraction=0.5|gamma=1|tau=0.2|lambda=0.8,learning_curve,Bios,10,0.5,3986,1.0,0.2,0.8,always_deploy_balanced,True,TaCo::components_removed=5,TaCo,0.0,True,False,True,False,False,True
learning_curve|Bios|seed=10|fraction=0.5|gamma=1|tau=0.2|lambda=0.8,learning_curve,Bios,10,0.5,3986,1.0,0.2,0.8,point_selection_balanced,False,,,0.0,True,NA,False,False,False,True
learning_curve|Bios|seed=10|fraction=0.5|gamma=1|tau=0.2|lambda=0.8,learning_curve,Bios,10,0.5,3986,1.0,0.2,0.8,vera_balanced_iut,False,,,0.0,True,NA,False,False,False,True
learning_curve|Bios|seed=10|fraction=0.5|gamma=1|tau=0.2|lambda=0.8,learning_curve,Bios,10,0.5,3986,1.0,0.2,0.8,vera_balanced_envelope,False,,,0.0,True,NA,False,False,False,True
learning_curve|Bios|seed=10|fraction=0.5|gamma=1|tau=0.2|lambda=0.8,learning_curve,Bios,10,0.5,3986,1.0,0.2,0.8,external_balanced_oracle,False,,,0.0,True,NA,False,False,False,True
primary|Bios|seed=10|fraction=1|gamma=1|tau=0.05|lambda=0.6,primary,Bios,10,1.0,8000,1.0,0.05,0.6,always_deploy_balanced,True,TaCo::components_removed=5,TaCo,0.0,True,False,True,False,False,True
primary|Bios|seed=10|fraction=1|gamma=1|tau=0.05|lambda=0.6,primary,Bios,10,1.0,8000,1.0,0.05,0.6,point_selection_balanced,False,,,0.0,True,NA,False,False,False,True
primary|Bios|seed=10|fraction=1|gamma=1|tau=0.05|lambda=0.6,primary,Bios,10,1.0,8000,1.0,0.05,0.6,vera_balanced_iut,False,,,0.0,True,NA,False,False,False,True
primary|Bios|seed=10|fraction=1|gamma=1|tau=0.05|lambda=0.6,primary,Bios,10,1.0,8000,1.0,0.05,0.6,vera_balanced_envelope,False,,,0.0,True,NA,False,False,False,True
primary|Bios|seed=10|fraction=1|gamma=1|tau=0.05|lambda=0.6,primary,Bios,10,1.0,8000,1.0,0.05,0.6,external_balanced_oracle,False,,,0.0,True,NA,False,False,False,True
primary|Bios|seed=10|fraction=1|gamma=1|tau=0.05|lambda=0.7,primary,Bios,10,1.0,8000,1.0,0.05,0.7,always_deploy_balanced,True,TaCo::components_removed=5,TaCo,0.0,True,False,True,False,False,True
primary|Bios|seed=10|fraction=1|gamma=1|tau=0.05|lambda=0.7,primary,Bios,10,1.0,8000,1.0,0.05,0.7,point_selection_balanced,False,,,0.0,True,NA,False,False,False,True
primary|Bios|seed=10|fraction=1|gamma=1|tau=0.05|lambda=0.7,primary,Bios,10,1.0,8000,1.0,0.05,0.7,vera_balanced_iut,False,,,0.0,True,NA,False,False,False,True
primary|Bios|seed=10|fraction=1|gamma=1|tau=0.05|lambda=0.7,primary,Bios,10,1.0,8000,1.0,0.05,0.7,vera_balanced_envelope,False,,,0.0,True,NA,False,False,False,True
primary|Bios|seed=10|fraction=1|gamma=1|tau=0.05|lambda=0.7,primary,Bios,10,1.0,8000,1.0,0.05,0.7,external_balanced_oracle,False,,,0.0,True,NA,False,False,False,True
primary|Bios|seed=10|fraction=1|gamma=1|tau=0.05|lambda=0.8,primary,Bios,10,1.0,8000,1.0,0.05,0.8,always_deploy_balanced,True,TaCo::components_removed=5,TaCo,0.0,True,False,True,False,False,True
primary|Bios|seed=10|fraction=1|gamma=1|tau=0.05|lambda=0.8,primary,Bios,10,1.0,8000,1.0,0.05,0.8,point_selection_balanced,False,,,0.0,True,NA,False,False,False,True
primary|Bios|seed=10|fraction=1|gamma=1|tau=0.05|lambda=0.8,primary,Bios,10,1.0,8000,1.0,0.05,0.8,vera_balanced_iut,False,,,0.0,True,NA,False,False,False,True
primary|Bios|seed=10|fraction=1|gamma=1|tau=0.05|lambda=0.8,primary,Bios,10,1.0,8000,1.0,0.05,0.8,vera_balanced_envelope,False,,,0.0,True,NA,False,False,False,True
primary|Bios|seed=10|fraction=1|gamma=1|tau=0.05|lambda=0.8,primary,Bios,10,1.0,8000,1.0,0.05,0.8,external_balanced_oracle,False,,,0.0,True,NA,False,False,False,True
primary|Bios|seed=10|fraction=1|gamma=1|tau=0.1|lambda=0.6,primary,Bios,10,1.0,8000,1.0,0.1,0.6,always_deploy_balanced,True,TaCo::components_removed=5,TaCo,0.0,True,False,True,False,False,True
primary|Bios|seed=10|fraction=1|gamma=1|tau=0.1|lambda=0.6,primary,Bios,10,1.0,8000,1.0,0.1,0.6,point_selection_balanced,False,,,0.0,True,NA,False,False,False,True
primary|Bios|seed=10|fraction=1|gamma=1|tau=0.1|lambda=0.6,primary,Bios,10,1.0,8000,1.0,0.1,0.6,vera_balanced_iut,False,,,0.0,True,NA,False,False,False,True
primary|Bios|seed=10|fraction=1|gamma=1|tau=0.1|lambda=0.6,primary,Bios,10,1.0,8000,1.0,0.1,0.6,vera_balanced_envelope,False,,,0.0,True,NA,False,False,False,True
primary|Bios|seed=10|fraction=1|gamma=1|tau=0.1|lambda=0.6,primary,Bios,10,1.0,8000,1.0,0.1,0.6,external_balanced_oracle,False,,,0.0,True,NA,False,False,False,True
primary|Bios|seed=10|fraction=1|gamma=1|tau=0.1|lambda=0.7,primary,Bios,10,1.0,8000,1.0,0.1,0.7,always_deploy_balanced,True,TaCo::components_removed=5,TaCo,0.0,True,False,True,False,False,True
primary|Bios|seed=10|fraction=1|gamma=1|tau=0.1|lambda=0.7,primary,Bios,10,1.0,8000,1.0,0.1,0.7,point_selection_balanced,False,,,0.0,True,NA,False,False,False,True
primary|Bios|seed=10|fraction=1|gamma=1|tau=0.1|lambda=0.7,primary,Bios,10,1.0,8000,1.0,0.1,0.7,vera_balanced_iut,False,,,0.0,True,NA,False,False,False,True
primary|Bios|seed=10|fraction=1|gamma=1|tau=0.1|lambda=0.7,primary,Bios,10,1.0,8000,1.0,0.1,0.7,vera_balanced_envelope,False,,,0.0,True,NA,False,False,False,True
primary|Bios|seed=10|fraction=1|gamma=1|tau=0.1|lambda=0.7,primary,Bios,10,1.0,8000,1.0,0.1,0.7,external_balanced_oracle,False,,,0.0,True,NA,False,False,False,True
primary|Bios|seed=10|fraction=1|gamma=1|tau=0.1|lambda=0.8,primary,Bios,10,1.0,8000,1.0,0.1,0.8,always_deploy_balanced,True,TaCo::components_removed=5,TaCo,0.0,True,False,True,False,False,True
primary|Bios|seed=10|fraction=1|gamma=1|tau=0.1|lambda=0.8,primary,Bios,10,1.0,8000,1.0,0.1,0.8,point_selection_balanced,False,,,0.0,True,NA,False,False,False,True
primary|Bios|seed=10|fraction=1|gamma=1|tau=0.1|lambda=0.8,primary,Bios,10,1.0,8000,1.0,0.1,0.8,vera_balanced_iut,False,,,0.0,True,NA,False,False,False,True
primary|Bios|seed=10|fraction=1|gamma=1|tau=0.1|lambda=0.8,primary,Bios,10,1.0,8000,1.0,0.1,0.8,vera_balanced_envelope,False,,,0.0,True,NA,False,False,False,True
primary|Bios|seed=10|fraction=1|gamma=1|tau=0.1|lambda=0.8,primary,Bios,10,1.0,8000,1.0,0.1,0.8,external_balanced_oracle,False,,,0.0,True,NA,False,False,False,True
primary|Bios|seed=10|fraction=1|gamma=1|tau=0.2|lambda=0.6,primary,Bios,10,1.0,8000,1.0,0.2,0.6,always_deploy_balanced,True,TaCo::components_removed=5,TaCo,0.0,True,False,True,False,False,True
primary|Bios|seed=10|fraction=1|gamma=1|tau=0.2|lambda=0.6,primary,Bios,10,1.0,8000,1.0,0.2,0.6,point_selection_balanced,False,,,0.0,True,NA,False,False,False,True
primary|Bios|seed=10|fraction=1|gamma=1|tau=0.2|lambda=0.6,primary,Bios,10,1.0,8000,1.0,0.2,0.6,vera_balanced_iut,False,,,0.0,True,NA,False,False,False,True
primary|Bios|seed=10|fraction=1|gamma=1|tau=0.2|lambda=0.6,primary,Bios,10,1.0,8000,1.0,0.2,0.6,vera_balanced_envelope,False,,,0.0,True,NA,False,False,False,True
primary|Bios|seed=10|fraction=1|gamma=1|tau=0.2|lambda=0.6,primary,Bios,10,1.0,8000,1.0,0.2,0.6,external_balanced_oracle,False,,,0.0,True,NA,False,False,False,True
primary|Bios|seed=10|fraction=1|gamma=1|tau=0.2|lambda=0.7,primary,Bios,10,1.0,8000,1.0,0.2,0.7,always_deploy_balanced,True,TaCo::components_removed=5,TaCo,0.0,True,False,True,False,False,True
primary|Bios|seed=10|fraction=1|gamma=1|tau=0.2|lambda=0.7,primary,Bios,10,1.0,8000,1.0,0.2,0.7,point_selection_balanced,False,,,0.0,True,NA,False,False,False,True
primary|Bios|seed=10|fraction=1|gamma=1|tau=0.2|lambda=0.7,primary,Bios,10,1.0,8000,1.0,0.2,0.7,vera_balanced_iut,False,,,0.0,True,NA,False,False,False,True
primary|Bios|seed=10|fraction=1|gamma=1|tau=0.2|lambda=0.7,primary,Bios,10,1.0,8000,1.0,0.2,0.7,vera_balanced_envelope,False,,,0.0,True,NA,False,False,False,True
primary|Bios|seed=10|fraction=1|gamma=1|tau=0.2|lambda=0.7,primary,Bios,10,1.0,8000,1.0,0.2,0.7,external_balanced_oracle,False,,,0.0,True,NA,False,False,False,True
primary|Bios|seed=10|fraction=1|gamma=1|tau=0.2|lambda=0.8,primary,Bios,10,1.0,8000,1.0,0.2,0.8,always_deploy_balanced,True,TaCo::components_removed=5,TaCo,0.0,True,False,True,False,False,True
primary|Bios|seed=10|fraction=1|gamma=1|tau=0.2|lambda=0.8,primary,Bios,10,1.0,8000,1.0,0.2,0.8,point_selection_balanced,False,,,0.0,True,NA,False,False,False,True
primary|Bios|seed=10|fraction=1|gamma=1|tau=0.2|lambda=0.8,primary,Bios,10,1.0,8000,1.0,0.2,0.8,vera_balanced_iut,False,,,0.0,True,NA,False,False,False,True
primary|Bios|seed=10|fraction=1|gamma=1|tau=0.2|lambda=0.8,primary,Bios,10,1.0,8000,1.0,0.2,0.8,vera_balanced_envelope,False,,,0.0,True,NA,False,False,False,True
primary|Bios|seed=10|fraction=1|gamma=1|tau=0.2|lambda=0.8,primary,Bios,10,1.0,8000,1.0,0.2,0.8,external_balanced_oracle,False,,,0.0,True,NA,False,False,False,True
shifted_sensitivity|Bios|seed=10|fraction=1|gamma=1.01|tau=0.05|lambda=0.6,shifted_sensitivity,Bios,10,1.0,8000,1.01,0.05,0.6,always_deploy_balanced,True,TaCo::components_removed=5,TaCo,0.0,True,False,True,False,False,True
shifted_sensitivity|Bios|seed=10|fraction=1|gamma=1.01|tau=0.05|lambda=0.6,shifted_sensitivity,Bios,10,1.0,8000,1.01,0.05,0.6,point_selection_balanced,False,,,0.0,True,NA,False,False,False,True
shifted_sensitivity|Bios|seed=10|fraction=1|gamma=1.01|tau=0.05|lambda=0.6,shifted_sensitivity,Bios,10,1.0,8000,1.01,0.05,0.6,vera_balanced_iut,False,,,0.0,True,NA,False,False,False,True
shifted_sensitivity|Bios|seed=10|fraction=1|gamma=1.01|tau=0.05|lambda=0.6,shifted_sensitivity,Bios,10,1.0,8000,1.01,0.05,0.6,vera_balanced_envelope,False,,,0.0,True,NA,False,False,False,True
shifted_sensitivity|Bios|seed=10|fraction=1|gamma=1.01|tau=0.05|lambda=0.6,shifted_sensitivity,Bios,10,1.0,8000,1.01,0.05,0.6,external_balanced_oracle,False,,,0.0,True,NA,False,False,False,True
shifted_sensitivity|Bios|seed=10|fraction=1|gamma=1.01|tau=0.05|lambda=0.7,shifted_sensitivity,Bios,10,1.0,8000,1.01,0.05,0.7,always_deploy_balanced,True,TaCo::components_removed=5,TaCo,0.0,True,False,True,False,False,True
shifted_sensitivity|Bios|seed=10|fraction=1|gamma=1.01|tau=0.05|lambda=0.7,shifted_sensitivity,Bios,10,1.0,8000,1.01,0.05,0.7,point_selection_balanced,False,,,0.0,True,NA,False,False,False,True
shifted_sensitivity|Bios|seed=10|fraction=1|gamma=1.01|tau=0.05|lambda=0.7,shifted_sensitivity,Bios,10,1.0,8000,1.01,0.05,0.7,vera_balanced_iut,False,,,0.0,True,NA,False,False,False,True
shifted_sensitivity|Bios|seed=10|fraction=1|gamma=1.01|tau=0.05|lambda=0.7,shifted_sensitivity,Bios,10,1.0,8000,1.01,0.05,0.7,vera_balanced_envelope,False,,,0.0,True,NA,False,False,False,True
shifted_sensitivity|Bios|seed=10|fraction=1|gamma=1.01|tau=0.05|lambda=0.7,shifted_sensitivity,Bios,10,1.0,8000,1.01,0.05,0.7,external_balanced_oracle,False,,,0.0,True,NA,False,False,False,True
shifted_sensitivity|Bios|seed=10|fraction=1|gamma=1.01|tau=0.05|lambda=0.8,shifted_sensitivity,Bios,10,1.0,8000,1.01,0.05,0.8,always_deploy_balanced,True,TaCo::components_removed=5,TaCo,0.0,True,False,True,False,False,True
shifted_sensitivity|Bios|seed=10|fraction=1|gamma=1.01|tau=0.05|lambda=0.8,shifted_sensitivity,Bios,10,1.0,8000,1.01,0.05,0.8,point_selection_balanced,False,,,0.0,True,NA,False,False,False,True
shifted_sensitivity|Bios|seed=10|fraction=1|gamma=1.01|tau=0.05|lambda=0.8,shifted_sensitivity,Bios,10,1.0,8000,1.01,0.05,0.8,vera_balanced_iut,False,,,0.0,True,NA,False,False,False,True
shifted_sensitivity|Bios|seed=10|fraction=1|gamma=1.01|tau=0.05|lambda=0.8,shifted_sensitivity,Bios,10,1.0,8000,1.01,0.05,0.8,vera_balanced_envelope,False,,,0.0,True,NA,False,False,False,True
shifted_sensitivity|Bios|seed=10|fraction=1|gamma=1.01|tau=0.05|lambda=0.8,shifted_sensitivity,Bios,10,1.0,8000,1.01,0.05,0.8,external_balanced_oracle,False,,,0.0,True,NA,False,False,False,True
shifted_sensitivity|Bios|seed=10|fraction=1|gamma=1.01|tau=0.1|lambda=0.6,shifted_sensitivity,Bios,10,1.0,8000,1.01,0.1,0.6,always_deploy_balanced,True,TaCo::components_removed=5,TaCo,0.0,True,False,True,False,False,True
shifted_sensitivity|Bios|seed=10|fraction=1|gamma=1.01|tau=0.1|lambda=0.6,shifted_sensitivity,Bios,10,1.0,8000,1.01,0.1,0.6,point_selection_balanced,False,,,0.0,True,NA,False,False,False,True
shifted_sensitivity|Bios|seed=10|fraction=1|gamma=1.01|tau=0.1|lambda=0.6,shifted_sensitivity,Bios,10,1.0,8000,1.01,0.1,0.6,vera_balanced_iut,False,,,0.0,True,NA,False,False,False,True
shifted_sensitivity|Bios|seed=10|fraction=1|gamma=1.01|tau=0.1|lambda=0.6,shifted_sensitivity,Bios,10,1.0,8000,1.01,0.1,0.6,vera_balanced_envelope,False,,,0.0,True,NA,False,False,False,True
shifted_sensitivity|Bios|seed=10|fraction=1|gamma=1.01|tau=0.1|lambda=0.6,shifted_sensitivity,Bios,10,1.0,8000,1.01,0.1,0.6,external_balanced_oracle,False,,,0.0,True,NA,False,False,False,True
shifted_sensitivity|Bios|seed=10|fraction=1|gamma=1.01|tau=0.1|lambda=0.7,shifted_sensitivity,Bios,10,1.0,8000,1.01,0.1,0.7,always_deploy_balanced,True,TaCo::components_removed=5,TaCo,0.0,True,False,True,False,False,True
shifted_sensitivity|Bios|seed=10|fraction=1|gamma=1.01|tau=0.1|lambda=0.7,shifted_sensitivity,Bios,10,1.0,8000,1.01,0.1,0.7,point_selection_balanced,False,,,0.0,True,NA,False,False,False,True
shifted_sensitivity|Bios|seed=10|fraction=1|gamma=1.01|tau=0.1|lambda=0.7,shifted_sensitivity,Bios,10,1.0,8000,1.01,0.1,0.7,vera_balanced_iut,False,,,0.0,True,NA,False,False,False,True
shifted_sensitivity|Bios|seed=10|fraction=1|gamma=1.01|tau=0.1|lambda=0.7,shifted_sensitivity,Bios,10,1.0,8000,1.01,0.1,0.7,vera_balanced_envelope,False,,,0.0,True,NA,False,False,False,True
shifted_sensitivity|Bios|seed=10|fraction=1|gamma=1.01|tau=0.1|lambda=0.7,shifted_sensitivity,Bios,10,1.0,8000,1.01,0.1,0.7,external_balanced_oracle,False,,,0.0,True,NA,False,False,False,True
shifted_sensitivity|Bios|seed=10|fraction=1|gamma=1.01|tau=0.1|lambda=0.8,shifted_sensitivity,Bios,10,1.0,8000,1.01,0.1,0.8,always_deploy_balanced,True,TaCo::components_removed=5,TaCo,0.0,True,False,True,False,False,True
shifted_sensitivity|Bios|seed=10|fraction=1|gamma=1.01|tau=0.1|lambda=0.8,shifted_sensitivity,Bios,10,1.0,8000,1.01,0.1,0.8,point_selection_balanced,False,,,0.0,True,NA,False,False,False,True
shifted_sensitivity|Bios|seed=10|fraction=1|gamma=1.01|tau=0.1|lambda=0.8,shifted_sensitivity,Bios,10,1.0,8000,1.01,0.1,0.8,vera_balanced_iut,False,,,0.0,True,NA,False,False,False,True
shifted_sensitivity|Bios|seed=10|fraction=1|gamma=1.01|tau=0.1|lambda=0.8,shifted_sensitivity,Bios,10,1.0,8000,1.01,0.1,0.8,vera_balanced_envelope,False,,,0.0,True,NA,False,False,False,True
shifted_sensitivity|Bios|seed=10|fraction=1|gamma=1.01|tau=0.1|lambda=0.8,shifted_sensitivity,Bios,10,1.0,8000,1.01,0.1,0.8,external_balanced_oracle,False,,,0.0,True,NA,False,False,False,True
shifted_sensitivity|Bios|seed=10|fraction=1|gamma=1.01|tau=0.2|lambda=0.6,shifted_sensitivity,Bios,10,1.0,8000,1.01,0.2,0.6,always_deploy_balanced,True,TaCo::components_removed=5,TaCo,0.0,True,False,True,False,False,True
shifted_sensitivity|Bios|seed=10|fraction=1|gamma=1.01|tau=0.2|lambda=0.6,shifted_sensitivity,Bios,10,1.0,8000,1.01,0.2,0.6,point_selection_balanced,False,,,0.0,True,NA,False,False,False,True
shifted_sensitivity|Bios|seed=10|fraction=1|gamma=1.01|tau=0.2|lambda=0.6,shifted_sensitivity,Bios,10,1.0,8000,1.01,0.2,0.6,vera_balanced_iut,False,,,0.0,True,NA,False,False,False,True
shifted_sensitivity|Bios|seed=10|fraction=1|gamma=1.01|tau=0.2|lambda=0.6,shifted_sensitivity,Bios,10,1.0,8000,1.01,0.2,0.6,vera_balanced_envelope,False,,,0.0,True,NA,False,False,False,True
shifted_sensitivity|Bios|seed=10|fraction=1|gamma=1.01|tau=0.2|lambda=0.6,shifted_sensitivity,Bios,10,1.0,8000,1.01,0.2,0.6,external_balanced_oracle,False,,,0.0,True,NA,False,False,False,True
shifted_sensitivity|Bios|seed=10|fraction=1|gamma=1.01|tau=0.2|lambda=0.7,shifted_sensitivity,Bios,10,1.0,8000,1.01,0.2,0.7,always_deploy_balanced,True,TaCo::components_removed=5,TaCo,0.0,True,False,True,False,False,True
shifted_sensitivity|Bios|seed=10|fraction=1|gamma=1.01|tau=0.2|lambda=0.7,shifted_sensitivity,Bios,10,1.0,8000,1.01,0.2,0.7,point_selection_balanced,False,,,0.0,True,NA,False,False,False,True
shifted_sensitivity|Bios|seed=10|fraction=1|gamma=1.01|tau=0.2|lambda=0.7,shifted_sensitivity,Bios,10,1.0,8000,1.01,0.2,0.7,vera_balanced_iut,False,,,0.0,True,NA,False,False,False,True
shifted_sensitivity|Bios|seed=10|fraction=1|gamma=1.01|tau=0.2|lambda=0.7,shifted_sensitivity,Bios,10,1.0,8000,1.01,0.2,0.7,vera_balanced_envelope,False,,,0.0,True,NA,False,False,False,True
shifted_sensitivity|Bios|seed=10|fraction=1|gamma=1.01|tau=0.2|lambda=0.7,shifted_sensitivity,Bios,10,1.0,8000,1.01,0.2,0.7,external_balanced_oracle,False,,,0.0,True,NA,False,False,False,True
shifted_sensitivity|Bios|seed=10|fraction=1|gamma=1.01|tau=0.2|lambda=0.8,shifted_sensitivity,Bios,10,1.0,8000,1.01,0.2,0.8,always_deploy_balanced,True,TaCo::components_removed=5,TaCo,0.0,True,False,True,False,False,True
shifted_sensitivity|Bios|seed=10|fraction=1|gamma=1.01|tau=0.2|lambda=0.8,shifted_sensitivity,Bios,10,1.0,8000,1.01,0.2,0.8,point_selection_balanced,False,,,0.0,True,NA,False,False,False,True
shifted_sensitivity|Bios|seed=10|fraction=1|gamma=1.01|tau=0.2|lambda=0.8,shifted_sensitivity,Bios,10,1.0,8000,1.01,0.2,0.8,vera_balanced_iut,False,,,0.0,True,NA,False,False,False,True
shifted_sensitivity|Bios|seed=10|fraction=1|gamma=1.01|tau=0.2|lambda=0.8,shifted_sensitivity,Bios,10,1.0,8000,1.01,0.2,0.8,vera_balanced_envelope,False,,,0.0,True,NA,False,False,False,True
shifted_sensitivity|Bios|seed=10|fraction=1|gamma=1.01|tau=0.2|lambda=0.8,shifted_sensitivity,Bios,10,1.0,8000,1.01,0.2,0.8,external_balanced_oracle,False,,,0.0,True,NA,False,False,False,True
learning_curve|Bios|seed=11|fraction=0.05|gamma=1|tau=0.05|lambda=0.6,learning_curve,Bios,11,0.05,386,1.0,0.05,0.6,always_deploy_balanced,True,TaCo::components_removed=5,TaCo,0.0,True,False,True,False,False,True
learning_curve|Bios|seed=11|fraction=0.05|gamma=1|tau=0.05|lambda=0.6,learning_curve,Bios,11,0.05,386,1.0,0.05,0.6,point_selection_balanced,False,,,0.0,True,NA,False,False,False,True
learning_curve|Bios|seed=11|fraction=0.05|gamma=1|tau=0.05|lambda=0.6,learning_curve,Bios,11,0.05,386,1.0,0.05,0.6,vera_balanced_iut,False,,,0.0,True,NA,False,False,False,True
learning_curve|Bios|seed=11|fraction=0.05|gamma=1|tau=0.05|lambda=0.6,learning_curve,Bios,11,0.05,386,1.0,0.05,0.6,vera_balanced_envelope,False,,,0.0,True,NA,False,False,False,True
learning_curve|Bios|seed=11|fraction=0.05|gamma=1|tau=0.05|lambda=0.6,learning_curve,Bios,11,0.05,386,1.0,0.05,0.6,external_balanced_oracle,False,,,0.0,True,NA,False,False,False,True
learning_curve|Bios|seed=11|fraction=0.05|gamma=1|tau=0.05|lambda=0.7,learning_curve,Bios,11,0.05,386,1.0,0.05,0.7,always_deploy_balanced,True,TaCo::components_removed=5,TaCo,0.0,True,False,True,False,False,True
learning_curve|Bios|seed=11|fraction=0.05|gamma=1|tau=0.05|lambda=0.7,learning_curve,Bios,11,0.05,386,1.0,0.05,0.7,point_selection_balanced,False,,,0.0,True,NA,False,False,False,True
learning_curve|Bios|seed=11|fraction=0.05|gamma=1|tau=0.05|lambda=0.7,learning_curve,Bios,11,0.05,386,1.0,0.05,0.7,vera_balanced_iut,False,,,0.0,True,NA,False,False,False,True
learning_curve|Bios|seed=11|fraction=0.05|gamma=1|tau=0.05|lambda=0.7,learning_curve,Bios,11,0.05,386,1.0,0.05,0.7,vera_balanced_envelope,False,,,0.0,True,NA,False,False,False,True
learning_curve|Bios|seed=11|fraction=0.05|gamma=1|tau=0.05|lambda=0.7,learning_curve,Bios,11,0.05,386,1.0,0.05,0.7,external_balanced_oracle,False,,,0.0,True,NA,False,False,False,True
learning_curve|Bios|seed=11|fraction=0.05|gamma=1|tau=0.05|lambda=0.8,learning_curve,Bios,11,0.05,386,1.0,0.05,0.8,always_deploy_balanced,True,TaCo::components_removed=5,TaCo,0.0,True,False,True,False,False,True
learning_curve|Bios|seed=11|fraction=0.05|gamma=1|tau=0.05|lambda=0.8,learning_curve,Bios,11,0.05,386,1.0,0.05,0.8,point_selection_balanced,False,,,0.0,True,NA,False,False,False,True
learning_curve|Bios|seed=11|fraction=0.05|gamma=1|tau=0.05|lambda=0.8,learning_curve,Bios,11,0.05,386,1.0,0.05,0.8,vera_balanced_iut,False,,,0.0,True,NA,False,False,False,True
learning_curve|Bios|seed=11|fraction=0.05|gamma=1|tau=0.05|lambda=0.8,learning_curve,Bios,11,0.05,386,1.0,0.05,0.8,vera_balanced_envelope,False,,,0.0,True,NA,False,False,False,True
learning_curve|Bios|seed=11|fraction=0.05|gamma=1|tau=0.05|lambda=0.8,learning_curve,Bios,11,0.05,386,1.0,0.05,0.8,external_balanced_oracle,False,,,0.0,True,NA,False,False,False,True
learning_curve|Bios|seed=11|fraction=0.05|gamma=1|tau=0.1|lambda=0.6,learning_curve,Bios,11,0.05,386,1.0,0.1,0.6,always_deploy_balanced,True,TaCo::components_removed=5,TaCo,0.0,True,False,True,False,False,True
learning_curve|Bios|seed=11|fraction=0.05|gamma=1|tau=0.1|lambda=0.6,learning_curve,Bios,11,0.05,386,1.0,0.1,0.6,point_selection_balanced,False,,,0.0,True,NA,False,False,False,True
learning_curve|Bios|seed=11|fraction=0.05|gamma=1|tau=0.1|lambda=0.6,learning_curve,Bios,11,0.05,386,1.0,0.1,0.6,vera_balanced_iut,False,,,0.0,True,NA,False,False,False,True
learning_curve|Bios|seed=11|fraction=0.05|gamma=1|tau=0.1|lambda=0.6,learning_curve,Bios,11,0.05,386,1.0,0.1,0.6,vera_balanced_envelope,False,,,0.0,True,NA,False,False,False,True
learning_curve|Bios|seed=11|fraction=0.05|gamma=1|tau=0.1|lambda=0.6,learning_curve,Bios,11,0.05,386,1.0,0.1,0.6,external_balanced_oracle,False,,,0.0,True,NA,False,False,False,True
learning_curve|Bios|seed=11|fraction=0.05|gamma=1|tau=0.1|lambda=0.7,learning_curve,Bios,11,0.05,386,1.0,0.1,0.7,always_deploy_balanced,True,TaCo::components_removed=5,TaCo,0.0,True,False,True,False,False,True
learning_curve|Bios|seed=11|fraction=0.05|gamma=1|tau=0.1|lambda=0.7,learning_curve,Bios,11,0.05,386,1.0,0.1,0.7,point_selection_balanced,False,,,0.0,True,NA,False,False,False,True
learning_curve|Bios|seed=11|fraction=0.05|gamma=1|tau=0.1|lambda=0.7,learning_curve,Bios,11,0.05,386,1.0,0.1,0.7,vera_balanced_iut,False,,,0.0,True,NA,False,False,False,True
learning_curve|Bios|seed=11|fraction=0.05|gamma=1|tau=0.1|lambda=0.7,learning_curve,Bios,11,0.05,386,1.0,0.1,0.7,vera_balanced_envelope,False,,,0.0,True,NA,False,False,False,True
learning_curve|Bios|seed=11|fraction=0.05|gamma=1|tau=0.1|lambda=0.7,learning_curve,Bios,11,0.05,386,1.0,0.1,0.7,external_balanced_oracle,False,,,0.0,True,NA,False,False,False,True
learning_curve|Bios|seed=11|fraction=0.05|gamma=1|tau=0.1|lambda=0.8,learning_curve,Bios,11,0.05,386,1.0,0.1,0.8,always_deploy_balanced,True,TaCo::components_removed=5,TaCo,0.0,True,False,True,False,False,True
learning_curve|Bios|seed=11|fraction=0.05|gamma=1|tau=0.1|lambda=0.8,learning_curve,Bios,11,0.05,386,1.0,0.1,0.8,point_selection_balanced,False,,,0.0,True,NA,False,False,False,True
learning_curve|Bios|seed=11|fraction=0.05|gamma=1|tau=0.1|lambda=0.8,learning_curve,Bios,11,0.05,386,1.0,0.1,0.8,vera_balanced_iut,False,,,0.0,True,NA,False,False,False,True
learning_curve|Bios|seed=11|fraction=0.05|gamma=1|tau=0.1|lambda=0.8,learning_curve,Bios,11,0.05,386,1.0,0.1,0.8,vera_balanced_envelope,False,,,0.0,True,NA,False,False,False,True
learning_curve|Bios|seed=11|fraction=0.05|gamma=1|tau=0.1|lambda=0.8,learning_curve,Bios,11,0.05,386,1.0,0.1,0.8,external_balanced_oracle,False,,,0.0,True,NA,False,False,False,True
learning_curve|Bios|seed=11|fraction=0.05|gamma=1|tau=0.2|lambda=0.6,learning_curve,Bios,11,0.05,386,1.0,0.2,0.6,always_deploy_balanced,True,TaCo::components_removed=5,TaCo,0.0,True,False,True,False,False,True
learning_curve|Bios|seed=11|fraction=0.05|gamma=1|tau=0.2|lambda=0.6,learning_curve,Bios,11,0.05,386,1.0,0.2,0.6,point_selection_balanced,False,,,0.0,True,NA,False,False,False,True
learning_curve|Bios|seed=11|fraction=0.05|gamma=1|tau=0.2|lambda=0.6,learning_curve,Bios,11,0.05,386,1.0,0.2,0.6,vera_balanced_iut,False,,,0.0,True,NA,False,False,False,True
learning_curve|Bios|seed=11|fraction=0.05|gamma=1|tau=0.2|lambda=0.6,learning_curve,Bios,11,0.05,386,1.0,0.2,0.6,vera_balanced_envelope,False,,,0.0,True,NA,False,False,False,True
learning_curve|Bios|seed=11|fraction=0.05|gamma=1|tau=0.2|lambda=0.6,learning_curve,Bios,11,0.05,386,1.0,0.2,0.6,external_balanced_oracle,False,,,0.0,True,NA,False,False,False,True
learning_curve|Bios|seed=11|fraction=0.05|gamma=1|tau=0.2|lambda=0.7,learning_curve,Bios,11,0.05,386,1.0,0.2,0.7,always_deploy_balanced,True,TaCo::components_removed=5,TaCo,0.0,True,False,True,False,False,True
learning_curve|Bios|seed=11|fraction=0.05|gamma=1|tau=0.2|lambda=0.7,learning_curve,Bios,11,0.05,386,1.0,0.2,0.7,point_selection_balanced,False,,,0.0,True,NA,False,False,False,True
learning_curve|Bios|seed=11|fraction=0.05|gamma=1|tau=0.2|lambda=0.7,learning_curve,Bios,11,0.05,386,1.0,0.2,0.7,vera_balanced_iut,False,,,0.0,True,NA,False,False,False,True
learning_curve|Bios|seed=11|fraction=0.05|gamma=1|tau=0.2|lambda=0.7,learning_curve,Bios,11,0.05,386,1.0,0.2,0.7,vera_balanced_envelope,False,,,0.0,True,NA,False,False,False,True
learning_curve|Bios|seed=11|fraction=0.05|gamma=1|tau=0.2|lambda=0.7,learning_curve,Bios,11,0.05,386,1.0,0.2,0.7,external_balanced_oracle,False,,,0.0,True,NA,False,False,False,True
learning_curve|Bios|seed=11|fraction=0.05|gamma=1|tau=0.2|lambda=0.8,learning_curve,Bios,11,0.05,386,1.0,0.2,0.8,always_deploy_balanced,True,TaCo::components_removed=5,TaCo,0.0,True,False,True,False,False,True
learning_curve|Bios|seed=11|fraction=0.05|gamma=1|tau=0.2|lambda=0.8,learning_curve,Bios,11,0.05,386,1.0,0.2,0.8,point_selection_balanced,False,,,0.0,True,NA,False,False,False,True
learning_curve|Bios|seed=11|fraction=0.05|gamma=1|tau=0.2|lambda=0.8,learning_curve,Bios,11,0.05,386,1.0,0.2,0.8,vera_balanced_iut,False,,,0.0,True,NA,False,False,False,True
learning_curve|Bios|seed=11|fraction=0.05|gamma=1|tau=0.2|lambda=0.8,learning_curve,Bios,11,0.05,386,1.0,0.2,0.8,vera_balanced_envelope,False,,,0.0,True,NA,False,False,False,True
learning_curve|Bios|seed=11|fraction=0.05|gamma=1|tau=0.2|lambda=0.8,learning_curve,Bios,11,0.05,386,1.0,0.2,0.8,external_balanced_oracle,False,,,0.0,True,NA,False,False,False,True
learning_curve|Bios|seed=11|fraction=0.1|gamma=1|tau=0.05|lambda=0.6,learning_curve,Bios,11,0.1,783,1.0,0.05,0.6,always_deploy_balanced,True,TaCo::components_removed=5,TaCo,0.0,True,False,True,False,False,True
learning_curve|Bios|seed=11|fraction=0.1|gamma=1|tau=0.05|lambda=0.6,learning_curve,Bios,11,0.1,783,1.0,0.05,0.6,point_selection_balanced,False,,,0.0,True,NA,False,False,False,True
learning_curve|Bios|seed=11|fraction=0.1|gamma=1|tau=0.05|lambda=0.6,learning_curve,Bios,11,0.1,783,1.0,0.05,0.6,vera_balanced_iut,False,,,0.0,True,NA,False,False,False,True
learning_curve|Bios|seed=11|fraction=0.1|gamma=1|tau=0.05|lambda=0.6,learning_curve,Bios,11,0.1,783,1.0,0.05,0.6,vera_balanced_envelope,False,,,0.0,True,NA,False,False,False,True
learning_curve|Bios|seed=11|fraction=0.1|gamma=1|tau=0.05|lambda=0.6,learning_curve,Bios,11,0.1,783,1.0,0.05,0.6,external_balanced_oracle,False,,,0.0,True,NA,False,False,False,True
learning_curve|Bios|seed=11|fraction=0.1|gamma=1|tau=0.05|lambda=0.7,learning_curve,Bios,11,0.1,783,1.0,0.05,0.7,always_deploy_balanced,True,TaCo::components_removed=5,TaCo,0.0,True,False,True,False,False,True
learning_curve|Bios|seed=11|fraction=0.1|gamma=1|tau=0.05|lambda=0.7,learning_curve,Bios,11,0.1,783,1.0,0.05,0.7,point_selection_balanced,False,,,0.0,True,NA,False,False,False,True
learning_curve|Bios|seed=11|fraction=0.1|gamma=1|tau=0.05|lambda=0.7,learning_curve,Bios,11,0.1,783,1.0,0.05,0.7,vera_balanced_iut,False,,,0.0,True,NA,False,False,False,True
learning_curve|Bios|seed=11|fraction=0.1|gamma=1|tau=0.05|lambda=0.7,learning_curve,Bios,11,0.1,783,1.0,0.05,0.7,vera_balanced_envelope,False,,,0.0,True,NA,False,False,False,True
learning_curve|Bios|seed=11|fraction=0.1|gamma=1|tau=0.05|lambda=0.7,learning_curve,Bios,11,0.1,783,1.0,0.05,0.7,external_balanced_oracle,False,,,0.0,True,NA,False,False,False,True
learning_curve|Bios|seed=11|fraction=0.1|gamma=1|tau=0.05|lambda=0.8,learning_curve,Bios,11,0.1,783,1.0,0.05,0.8,always_deploy_balanced,True,TaCo::components_removed=5,TaCo,0.0,True,False,True,False,False,True
learning_curve|Bios|seed=11|fraction=0.1|gamma=1|tau=0.05|lambda=0.8,learning_curve,Bios,11,0.1,783,1.0,0.05,0.8,point_selection_balanced,False,,,0.0,True,NA,False,False,False,True
learning_curve|Bios|seed=11|fraction=0.1|gamma=1|tau=0.05|lambda=0.8,learning_curve,Bios,11,0.1,783,1.0,0.05,0.8,vera_balanced_iut,False,,,0.0,True,NA,False,False,False,True
learning_curve|Bios|seed=11|fraction=0.1|gamma=1|tau=0.05|lambda=0.8,learning_curve,Bios,11,0.1,783,1.0,0.05,0.8,vera_balanced_envelope,False,,,0.0,True,NA,False,False,False,True
learning_curve|Bios|seed=11|fraction=0.1|gamma=1|tau=0.05|lambda=0.8,learning_curve,Bios,11,0.1,783,1.0,0.05,0.8,external_balanced_oracle,False,,,0.0,True,NA,False,False,False,True
learning_curve|Bios|seed=11|fraction=0.1|gamma=1|tau=0.1|lambda=0.6,learning_curve,Bios,11,0.1,783,1.0,0.1,0.6,always_deploy_balanced,True,TaCo::components_removed=5,TaCo,0.0,True,False,True,False,False,True
learning_curve|Bios|seed=11|fraction=0.1|gamma=1|tau=0.1|lambda=0.6,learning_curve,Bios,11,0.1,783,1.0,0.1,0.6,point_selection_balanced,False,,,0.0,True,NA,False,False,False,True
learning_curve|Bios|seed=11|fraction=0.1|gamma=1|tau=0.1|lambda=0.6,learning_curve,Bios,11,0.1,783,1.0,0.1,0.6,vera_balanced_iut,False,,,0.0,True,NA,False,False,False,True
learning_curve|Bios|seed=11|fraction=0.1|gamma=1|tau=0.1|lambda=0.6,learning_curve,Bios,11,0.1,783,1.0,0.1,0.6,vera_balanced_envelope,False,,,0.0,True,NA,False,False,False,True
learning_curve|Bios|seed=11|fraction=0.1|gamma=1|tau=0.1|lambda=0.6,learning_curve,Bios,11,0.1,783,1.0,0.1,0.6,external_balanced_oracle,False,,,0.0,True,NA,False,False,False,True
learning_curve|Bios|seed=11|fraction=0.1|gamma=1|tau=0.1|lambda=0.7,learning_curve,Bios,11,0.1,783,1.0,0.1,0.7,always_deploy_balanced,True,TaCo::components_removed=5,TaCo,0.0,True,False,True,False,False,True
learning_curve|Bios|seed=11|fraction=0.1|gamma=1|tau=0.1|lambda=0.7,learning_curve,Bios,11,0.1,783,1.0,0.1,0.7,point_selection_balanced,False,,,0.0,True,NA,False,False,False,True
learning_curve|Bios|seed=11|fraction=0.1|gamma=1|tau=0.1|lambda=0.7,learning_curve,Bios,11,0.1,783,1.0,0.1,0.7,vera_balanced_iut,False,,,0.0,True,NA,False,False,False,True
learning_curve|Bios|seed=11|fraction=0.1|gamma=1|tau=0.1|lambda=0.7,learning_curve,Bios,11,0.1,783,1.0,0.1,0.7,vera_balanced_envelope,False,,,0.0,True,NA,False,False,False,True
learning_curve|Bios|seed=11|fraction=0.1|gamma=1|tau=0.1|lambda=0.7,learning_curve,Bios,11,0.1,783,1.0,0.1,0.7,external_balanced_oracle,False,,,0.0,True,NA,False,False,False,True
learning_curve|Bios|seed=11|fraction=0.1|gamma=1|tau=0.1|lambda=0.8,learning_curve,Bios,11,0.1,783,1.0,0.1,0.8,always_deploy_balanced,True,TaCo::components_removed=5,TaCo,0.0,True,False,True,False,False,True
learning_curve|Bios|seed=11|fraction=0.1|gamma=1|tau=0.1|lambda=0.8,learning_curve,Bios,11,0.1,783,1.0,0.1,0.8,point_selection_balanced,False,,,0.0,True,NA,False,False,False,True
learning_curve|Bios|seed=11|fraction=0.1|gamma=1|tau=0.1|lambda=0.8,learning_curve,Bios,11,0.1,783,1.0,0.1,0.8,vera_balanced_iut,False,,,0.0,True,NA,False,False,False,True
learning_curve|Bios|seed=11|fraction=0.1|gamma=1|tau=0.1|lambda=0.8,learning_curve,Bios,11,0.1,783,1.0,0.1,0.8,vera_balanced_envelope,False,,,0.0,True,NA,False,False,False,True
learning_curve|Bios|seed=11|fraction=0.1|gamma=1|tau=0.1|lambda=0.8,learning_curve,Bios,11,0.1,783,1.0,0.1,0.8,external_balanced_oracle,False,,,0.0,True,NA,False,False,False,True
learning_curve|Bios|seed=11|fraction=0.1|gamma=1|tau=0.2|lambda=0.6,learning_curve,Bios,11,0.1,783,1.0,0.2,0.6,always_deploy_balanced,True,TaCo::components_removed=5,TaCo,0.0,True,False,True,False,False,True
learning_curve|Bios|seed=11|fraction=0.1|gamma=1|tau=0.2|lambda=0.6,learning_curve,Bios,11,0.1,783,1.0,0.2,0.6,point_selection_balanced,False,,,0.0,True,NA,False,False,False,True
learning_curve|Bios|seed=11|fraction=0.1|gamma=1|tau=0.2|lambda=0.6,learning_curve,Bios,11,0.1,783,1.0,0.2,0.6,vera_balanced_iut,False,,,0.0,True,NA,False,False,False,True
learning_curve|Bios|seed=11|fraction=0.1|gamma=1|tau=0.2|lambda=0.6,learning_curve,Bios,11,0.1,783,1.0,0.2,0.6,vera_balanced_envelope,False,,,0.0,True,NA,False,False,False,True
learning_curve|Bios|seed=11|fraction=0.1|gamma=1|tau=0.2|lambda=0.6,learning_curve,Bios,11,0.1,783,1.0,0.2,0.6,external_balanced_oracle,False,,,0.0,True,NA,False,False,False,True
learning_curve|Bios|seed=11|fraction=0.1|gamma=1|tau=0.2|lambda=0.7,learning_curve,Bios,11,0.1,783,1.0,0.2,0.7,always_deploy_balanced,True,TaCo::components_removed=5,TaCo,0.0,True,False,True,False,False,True
learning_curve|Bios|seed=11|fraction=0.1|gamma=1|tau=0.2|lambda=0.7,learning_curve,Bios,11,0.1,783,1.0,0.2,0.7,point_selection_balanced,False,,,0.0,True,NA,False,False,False,True
learning_curve|Bios|seed=11|fraction=0.1|gamma=1|tau=0.2|lambda=0.7,learning_curve,Bios,11,0.1,783,1.0,0.2,0.7,vera_balanced_iut,False,,,0.0,True,NA,False,False,False,True
learning_curve|Bios|seed=11|fraction=0.1|gamma=1|tau=0.2|lambda=0.7,learning_curve,Bios,11,0.1,783,1.0,0.2,0.7,vera_balanced_envelope,False,,,0.0,True,NA,False,False,False,True
learning_curve|Bios|seed=11|fraction=0.1|gamma=1|tau=0.2|lambda=0.7,learning_curve,Bios,11,0.1,783,1.0,0.2,0.7,external_balanced_oracle,False,,,0.0,True,NA,False,False,False,True
learning_curve|Bios|seed=11|fraction=0.1|gamma=1|tau=0.2|lambda=0.8,learning_curve,Bios,11,0.1,783,1.0,0.2,0.8,always_deploy_balanced,True,TaCo::components_removed=5,TaCo,0.0,True,False,True,False,False,True
learning_curve|Bios|seed=11|fraction=0.1|gamma=1|tau=0.2|lambda=0.8,learning_curve,Bios,11,0.1,783,1.0,0.2,0.8,point_selection_balanced,False,,,0.0,True,NA,False,False,False,True
learning_curve|Bios|seed=11|fraction=0.1|gamma=1|tau=0.2|lambda=0.8,learning_curve,Bios,11,0.1,783,1.0,0.2,0.8,vera_balanced_iut,False,,,0.0,True,NA,False,False,False,True
learning_curve|Bios|seed=11|fraction=0.1|gamma=1|tau=0.2|lambda=0.8,learning_curve,Bios,11,0.1,783,1.0,0.2,0.8,vera_balanced_envelope,False,,,0.0,True,NA,False,False,False,True
learning_curve|Bios|seed=11|fraction=0.1|gamma=1|tau=0.2|lambda=0.8,learning_curve,Bios,11,0.1,783,1.0,0.2,0.8,external_balanced_oracle,False,,,0.0,True,NA,False,False,False,True
learning_curve|Bios|seed=11|fraction=0.25|gamma=1|tau=0.05|lambda=0.6,learning_curve,Bios,11,0.25,1983,1.0,0.05,0.6,always_deploy_balanced,True,TaCo::components_removed=5,TaCo,0.0,True,False,True,False,False,True
learning_curve|Bios|seed=11|fraction=0.25|gamma=1|tau=0.05|lambda=0.6,learning_curve,Bios,11,0.25,1983,1.0,0.05,0.6,point_selection_balanced,False,,,0.0,True,NA,False,False,False,True
learning_curve|Bios|seed=11|fraction=0.25|gamma=1|tau=0.05|lambda=0.6,learning_curve,Bios,11,0.25,1983,1.0,0.05,0.6,vera_balanced_iut,False,,,0.0,True,NA,False,False,False,True
learning_curve|Bios|seed=11|fraction=0.25|gamma=1|tau=0.05|lambda=0.6,learning_curve,Bios,11,0.25,1983,1.0,0.05,0.6,vera_balanced_envelope,False,,,0.0,True,NA,False,False,False,True
learning_curve|Bios|seed=11|fraction=0.25|gamma=1|tau=0.05|lambda=0.6,learning_curve,Bios,11,0.25,1983,1.0,0.05,0.6,external_balanced_oracle,False,,,0.0,True,NA,False,False,False,True
learning_curve|Bios|seed=11|fraction=0.25|gamma=1|tau=0.05|lambda=0.7,learning_curve,Bios,11,0.25,1983,1.0,0.05,0.7,always_deploy_balanced,True,TaCo::components_removed=5,TaCo,0.0,True,False,True,False,False,True
learning_curve|Bios|seed=11|fraction=0.25|gamma=1|tau=0.05|lambda=0.7,learning_curve,Bios,11,0.25,1983,1.0,0.05,0.7,point_selection_balanced,False,,,0.0,True,NA,False,False,False,True
learning_curve|Bios|seed=11|fraction=0.25|gamma=1|tau=0.05|lambda=0.7,learning_curve,Bios,11,0.25,1983,1.0,0.05,0.7,vera_balanced_iut,False,,,0.0,True,NA,False,False,False,True
learning_curve|Bios|seed=11|fraction=0.25|gamma=1|tau=0.05|lambda=0.7,learning_curve,Bios,11,0.25,1983,1.0,0.05,0.7,vera_balanced_envelope,False,,,0.0,True,NA,False,False,False,True
learning_curve|Bios|seed=11|fraction=0.25|gamma=1|tau=0.05|lambda=0.7,learning_curve,Bios,11,0.25,1983,1.0,0.05,0.7,external_balanced_oracle,False,,,0.0,True,NA,False,False,False,True
learning_curve|Bios|seed=11|fraction=0.25|gamma=1|tau=0.05|lambda=0.8,learning_curve,Bios,11,0.25,1983,1.0,0.05,0.8,always_deploy_balanced,True,TaCo::components_removed=5,TaCo,0.0,True,False,True,False,False,True
learning_curve|Bios|seed=11|fraction=0.25|gamma=1|tau=0.05|lambda=0.8,learning_curve,Bios,11,0.25,1983,1.0,0.05,0.8,point_selection_balanced,False,,,0.0,True,NA,False,False,False,True
learning_curve|Bios|seed=11|fraction=0.25|gamma=1|tau=0.05|lambda=0.8,learning_curve,Bios,11,0.25,1983,1.0,0.05,0.8,vera_balanced_iut,False,,,0.0,True,NA,False,False,False,True
learning_curve|Bios|seed=11|fraction=0.25|gamma=1|tau=0.05|lambda=0.8,learning_curve,Bios,11,0.25,1983,1.0,0.05,0.8,vera_balanced_envelope,False,,,0.0,True,NA,False,False,False,True
learning_curve|Bios|seed=11|fraction=0.25|gamma=1|tau=0.05|lambda=0.8,learning_curve,Bios,11,0.25,1983,1.0,0.05,0.8,external_balanced_oracle,False,,,0.0,True,NA,False,False,False,True
learning_curve|Bios|seed=11|fraction=0.25|gamma=1|tau=0.1|lambda=0.6,learning_curve,Bios,11,0.25,1983,1.0,0.1,0.6,always_deploy_balanced,True,TaCo::components_removed=5,TaCo,0.0,True,False,True,False,False,True
learning_curve|Bios|seed=11|fraction=0.25|gamma=1|tau=0.1|lambda=0.6,learning_curve,Bios,11,0.25,1983,1.0,0.1,0.6,point_selection_balanced,False,,,0.0,True,NA,False,False,False,True
learning_curve|Bios|seed=11|fraction=0.25|gamma=1|tau=0.1|lambda=0.6,learning_curve,Bios,11,0.25,1983,1.0,0.1,0.6,vera_balanced_iut,False,,,0.0,True,NA,False,False,False,True
learning_curve|Bios|seed=11|fraction=0.25|gamma=1|tau=0.1|lambda=0.6,learning_curve,Bios,11,0.25,1983,1.0,0.1,0.6,vera_balanced_envelope,False,,,0.0,True,NA,False,False,False,True
learning_curve|Bios|seed=11|fraction=0.25|gamma=1|tau=0.1|lambda=0.6,learning_curve,Bios,11,0.25,1983,1.0,0.1,0.6,external_balanced_oracle,False,,,0.0,True,NA,False,False,False,True
learning_curve|Bios|seed=11|fraction=0.25|gamma=1|tau=0.1|lambda=0.7,learning_curve,Bios,11,0.25,1983,1.0,0.1,0.7,always_deploy_balanced,True,TaCo::components_removed=5,TaCo,0.0,True,False,True,False,False,True
learning_curve|Bios|seed=11|fraction=0.25|gamma=1|tau=0.1|lambda=0.7,learning_curve,Bios,11,0.25,1983,1.0,0.1,0.7,point_selection_balanced,False,,,0.0,True,NA,False,False,False,True
learning_curve|Bios|seed=11|fraction=0.25|gamma=1|tau=0.1|lambda=0.7,learning_curve,Bios,11,0.25,1983,1.0,0.1,0.7,vera_balanced_iut,False,,,0.0,True,NA,False,False,False,True
learning_curve|Bios|seed=11|fraction=0.25|gamma=1|tau=0.1|lambda=0.7,learning_curve,Bios,11,0.25,1983,1.0,0.1,0.7,vera_balanced_envelope,False,,,0.0,True,NA,False,False,False,True
learning_curve|Bios|seed=11|fraction=0.25|gamma=1|tau=0.1|lambda=0.7,learning_curve,Bios,11,0.25,1983,1.0,0.1,0.7,external_balanced_oracle,False,,,0.0,True,NA,False,False,False,True
learning_curve|Bios|seed=11|fraction=0.25|gamma=1|tau=0.1|lambda=0.8,learning_curve,Bios,11,0.25,1983,1.0,0.1,0.8,always_deploy_balanced,True,TaCo::components_removed=5,TaCo,0.0,True,False,True,False,False,True
learning_curve|Bios|seed=11|fraction=0.25|gamma=1|tau=0.1|lambda=0.8,learning_curve,Bios,11,0.25,1983,1.0,0.1,0.8,point_selection_balanced,False,,,0.0,True,NA,False,False,False,True
learning_curve|Bios|seed=11|fraction=0.25|gamma=1|tau=0.1|lambda=0.8,learning_curve,Bios,11,0.25,1983,1.0,0.1,0.8,vera_balanced_iut,False,,,0.0,True,NA,False,False,False,True
learning_curve|Bios|seed=11|fraction=0.25|gamma=1|tau=0.1|lambda=0.8,learning_curve,Bios,11,0.25,1983,1.0,0.1,0.8,vera_balanced_envelope,False,,,0.0,True,NA,False,False,False,True
learning_curve|Bios|seed=11|fraction=0.25|gamma=1|tau=0.1|lambda=0.8,learning_curve,Bios,11,0.25,1983,1.0,0.1,0.8,external_balanced_oracle,False,,,0.0,True,NA,False,False,False,True
learning_curve|Bios|seed=11|fraction=0.25|gamma=1|tau=0.2|lambda=0.6,learning_curve,Bios,11,0.25,1983,1.0,0.2,0.6,always_deploy_balanced,True,TaCo::components_removed=5,TaCo,0.0,True,False,True,False,False,True
learning_curve|Bios|seed=11|fraction=0.25|gamma=1|tau=0.2|lambda=0.6,learning_curve,Bios,11,0.25,1983,1.0,0.2,0.6,point_selection_balanced,False,,,0.0,True,NA,False,False,False,True
learning_curve|Bios|seed=11|fraction=0.25|gamma=1|tau=0.2|lambda=0.6,learning_curve,Bios,11,0.25,1983,1.0,0.2,0.6,vera_balanced_iut,False,,,0.0,True,NA,False,False,False,True
learning_curve|Bios|seed=11|fraction=0.25|gamma=1|tau=0.2|lambda=0.6,learning_curve,Bios,11,0.25,1983,1.0,0.2,0.6,vera_balanced_envelope,False,,,0.0,True,NA,False,False,False,True
learning_curve|Bios|seed=11|fraction=0.25|gamma=1|tau=0.2|lambda=0.6,learning_curve,Bios,11,0.25,1983,1.0,0.2,0.6,external_balanced_oracle,False,,,0.0,True,NA,False,False,False,True
learning_curve|Bios|seed=11|fraction=0.25|gamma=1|tau=0.2|lambda=0.7,learning_curve,Bios,11,0.25,1983,1.0,0.2,0.7,always_deploy_balanced,True,TaCo::components_removed=5,TaCo,0.0,True,False,True,False,False,True
learning_curve|Bios|seed=11|fraction=0.25|gamma=1|tau=0.2|lambda=0.7,learning_curve,Bios,11,0.25,1983,1.0,0.2,0.7,point_selection_balanced,False,,,0.0,True,NA,False,False,False,True
learning_curve|Bios|seed=11|fraction=0.25|gamma=1|tau=0.2|lambda=0.7,learning_curve,Bios,11,0.25,1983,1.0,0.2,0.7,vera_balanced_iut,False,,,0.0,True,NA,False,False,False,True
learning_curve|Bios|seed=11|fraction=0.25|gamma=1|tau=0.2|lambda=0.7,learning_curve,Bios,11,0.25,1983,1.0,0.2,0.7,vera_balanced_envelope,False,,,0.0,True,NA,False,False,False,True
learning_curve|Bios|seed=11|fraction=0.25|gamma=1|tau=0.2|lambda=0.7,learning_curve,Bios,11,0.25,1983,1.0,0.2,0.7,external_balanced_oracle,False,,,0.0,True,NA,False,False,False,True
learning_curve|Bios|seed=11|fraction=0.25|gamma=1|tau=0.2|lambda=0.8,learning_curve,Bios,11,0.25,1983,1.0,0.2,0.8,always_deploy_balanced,True,TaCo::components_removed=5,TaCo,0.0,True,False,True,False,False,True
learning_curve|Bios|seed=11|fraction=0.25|gamma=1|tau=0.2|lambda=0.8,learning_curve,Bios,11,0.25,1983,1.0,0.2,0.8,point_selection_balanced,False,,,0.0,True,NA,False,False,False,True
learning_curve|Bios|seed=11|fraction=0.25|gamma=1|tau=0.2|lambda=0.8,learning_curve,Bios,11,0.25,1983,1.0,0.2,0.8,vera_balanced_iut,False,,,0.0,True,NA,False,False,False,True
learning_curve|Bios|seed=11|fraction=0.25|gamma=1|tau=0.2|lambda=0.8,learning_curve,Bios,11,0.25,1983,1.0,0.2,0.8,vera_balanced_envelope,False,,,0.0,True,NA,False,False,False,True
learning_curve|Bios|seed=11|fraction=0.25|gamma=1|tau=0.2|lambda=0.8,learning_curve,Bios,11,0.25,1983,1.0,0.2,0.8,external_balanced_oracle,False,,,0.0,True,NA,False,False,False,True
learning_curve|Bios|seed=11|fraction=0.5|gamma=1|tau=0.05|lambda=0.6,learning_curve,Bios,11,0.5,3985,1.0,0.05,0.6,always_deploy_balanced,True,TaCo::components_removed=5,TaCo,0.0,True,False,True,False,False,True
learning_curve|Bios|seed=11|fraction=0.5|gamma=1|tau=0.05|lambda=0.6,learning_curve,Bios,11,0.5,3985,1.0,0.05,0.6,point_selection_balanced,False,,,0.0,True,NA,False,False,False,True
learning_curve|Bios|seed=11|fraction=0.5|gamma=1|tau=0.05|lambda=0.6,learning_curve,Bios,11,0.5,3985,1.0,0.05,0.6,vera_balanced_iut,False,,,0.0,True,NA,False,False,False,True
learning_curve|Bios|seed=11|fraction=0.5|gamma=1|tau=0.05|lambda=0.6,learning_curve,Bios,11,0.5,3985,1.0,0.05,0.6,vera_balanced_envelope,False,,,0.0,True,NA,False,False,False,True
learning_curve|Bios|seed=11|fraction=0.5|gamma=1|tau=0.05|lambda=0.6,learning_curve,Bios,11,0.5,3985,1.0,0.05,0.6,external_balanced_oracle,False,,,0.0,True,NA,False,False,False,True
learning_curve|Bios|seed=11|fraction=0.5|gamma=1|tau=0.05|lambda=0.7,learning_curve,Bios,11,0.5,3985,1.0,0.05,0.7,always_deploy_balanced,True,TaCo::components_removed=5,TaCo,0.0,True,False,True,False,False,True
learning_curve|Bios|seed=11|fraction=0.5|gamma=1|tau=0.05|lambda=0.7,learning_curve,Bios,11,0.5,3985,1.0,0.05,0.7,point_selection_balanced,False,,,0.0,True,NA,False,False,False,True
learning_curve|Bios|seed=11|fraction=0.5|gamma=1|tau=0.05|lambda=0.7,learning_curve,Bios,11,0.5,3985,1.0,0.05,0.7,vera_balanced_iut,False,,,0.0,True,NA,False,False,False,True
learning_curve|Bios|seed=11|fraction=0.5|gamma=1|tau=0.05|lambda=0.7,learning_curve,Bios,11,0.5,3985,1.0,0.05,0.7,vera_balanced_envelope,False,,,0.0,True,NA,False,False,False,True
learning_curve|Bios|seed=11|fraction=0.5|gamma=1|tau=0.05|lambda=0.7,learning_curve,Bios,11,0.5,3985,1.0,0.05,0.7,external_balanced_oracle,False,,,0.0,True,NA,False,False,False,True
learning_curve|Bios|seed=11|fraction=0.5|gamma=1|tau=0.05|lambda=0.8,learning_curve,Bios,11,0.5,3985,1.0,0.05,0.8,always_deploy_balanced,True,TaCo::components_removed=5,TaCo,0.0,True,False,True,False,False,True
learning_curve|Bios|seed=11|fraction=0.5|gamma=1|tau=0.05|lambda=0.8,learning_curve,Bios,11,0.5,3985,1.0,0.05,0.8,point_selection_balanced,False,,,0.0,True,NA,False,False,False,True
learning_curve|Bios|seed=11|fraction=0.5|gamma=1|tau=0.05|lambda=0.8,learning_curve,Bios,11,0.5,3985,1.0,0.05,0.8,vera_balanced_iut,False,,,0.0,True,NA,False,False,False,True
learning_curve|Bios|seed=11|fraction=0.5|gamma=1|tau=0.05|lambda=0.8,learning_curve,Bios,11,0.5,3985,1.0,0.05,0.8,vera_balanced_envelope,False,,,0.0,True,NA,False,False,False,True
learning_curve|Bios|seed=11|fraction=0.5|gamma=1|tau=0.05|lambda=0.8,learning_curve,Bios,11,0.5,3985,1.0,0.05,0.8,external_balanced_oracle,False,,,0.0,True,NA,False,False,False,True
learning_curve|Bios|seed=11|fraction=0.5|gamma=1|tau=0.1|lambda=0.6,learning_curve,Bios,11,0.5,3985,1.0,0.1,0.6,always_deploy_balanced,True,TaCo::components_removed=5,TaCo,0.0,True,False,True,False,False,True
learning_curve|Bios|seed=11|fraction=0.5|gamma=1|tau=0.1|lambda=0.6,learning_curve,Bios,11,0.5,3985,1.0,0.1,0.6,point_selection_balanced,False,,,0.0,True,NA,False,False,False,True
learning_curve|Bios|seed=11|fraction=0.5|gamma=1|tau=0.1|lambda=0.6,learning_curve,Bios,11,0.5,3985,1.0,0.1,0.6,vera_balanced_iut,False,,,0.0,True,NA,False,False,False,True
learning_curve|Bios|seed=11|fraction=0.5|gamma=1|tau=0.1|lambda=0.6,learning_curve,Bios,11,0.5,3985,1.0,0.1,0.6,vera_balanced_envelope,False,,,0.0,True,NA,False,False,False,True
learning_curve|Bios|seed=11|fraction=0.5|gamma=1|tau=0.1|lambda=0.6,learning_curve,Bios,11,0.5,3985,1.0,0.1,0.6,external_balanced_oracle,False,,,0.0,True,NA,False,False,False,True
learning_curve|Bios|seed=11|fraction=0.5|gamma=1|tau=0.1|lambda=0.7,learning_curve,Bios,11,0.5,3985,1.0,0.1,0.7,always_deploy_balanced,True,TaCo::components_removed=5,TaCo,0.0,True,False,True,False,False,True
learning_curve|Bios|seed=11|fraction=0.5|gamma=1|tau=0.1|lambda=0.7,learning_curve,Bios,11,0.5,3985,1.0,0.1,0.7,point_selection_balanced,False,,,0.0,True,NA,False,False,False,True
learning_curve|Bios|seed=11|fraction=0.5|gamma=1|tau=0.1|lambda=0.7,learning_curve,Bios,11,0.5,3985,1.0,0.1,0.7,vera_balanced_iut,False,,,0.0,True,NA,False,False,False,True
learning_curve|Bios|seed=11|fraction=0.5|gamma=1|tau=0.1|lambda=0.7,learning_curve,Bios,11,0.5,3985,1.0,0.1,0.7,vera_balanced_envelope,False,,,0.0,True,NA,False,False,False,True
learning_curve|Bios|seed=11|fraction=0.5|gamma=1|tau=0.1|lambda=0.7,learning_curve,Bios,11,0.5,3985,1.0,0.1,0.7,external_balanced_oracle,False,,,0.0,True,NA,False,False,False,True
learning_curve|Bios|seed=11|fraction=0.5|gamma=1|tau=0.1|lambda=0.8,learning_curve,Bios,11,0.5,3985,1.0,0.1,0.8,always_deploy_balanced,True,TaCo::components_removed=5,TaCo,0.0,True,False,True,False,False,True
learning_curve|Bios|seed=11|fraction=0.5|gamma=1|tau=0.1|lambda=0.8,learning_curve,Bios,11,0.5,3985,1.0,0.1,0.8,point_selection_balanced,False,,,0.0,True,NA,False,False,False,True
learning_curve|Bios|seed=11|fraction=0.5|gamma=1|tau=0.1|lambda=0.8,learning_curve,Bios,11,0.5,3985,1.0,0.1,0.8,vera_balanced_iut,False,,,0.0,True,NA,False,False,False,True
learning_curve|Bios|seed=11|fraction=0.5|gamma=1|tau=0.1|lambda=0.8,learning_curve,Bios,11,0.5,3985,1.0,0.1,0.8,vera_balanced_envelope,False,,,0.0,True,NA,False,False,False,True
learning_curve|Bios|seed=11|fraction=0.5|gamma=1|tau=0.1|lambda=0.8,learning_curve,Bios,11,0.5,3985,1.0,0.1,0.8,external_balanced_oracle,False,,,0.0,True,NA,False,False,False,True
learning_curve|Bios|seed=11|fraction=0.5|gamma=1|tau=0.2|lambda=0.6,learning_curve,Bios,11,0.5,3985,1.0,0.2,0.6,always_deploy_balanced,True,TaCo::components_removed=5,TaCo,0.0,True,False,True,False,False,True
learning_curve|Bios|seed=11|fraction=0.5|gamma=1|tau=0.2|lambda=0.6,learning_curve,Bios,11,0.5,3985,1.0,0.2,0.6,point_selection_balanced,False,,,0.0,True,NA,False,False,False,True
learning_curve|Bios|seed=11|fraction=0.5|gamma=1|tau=0.2|lambda=0.6,learning_curve,Bios,11,0.5,3985,1.0,0.2,0.6,vera_balanced_iut,False,,,0.0,True,NA,False,False,False,True
learning_curve|Bios|seed=11|fraction=0.5|gamma=1|tau=0.2|lambda=0.6,learning_curve,Bios,11,0.5,3985,1.0,0.2,0.6,vera_balanced_envelope,False,,,0.0,True,NA,False,False,False,True
learning_curve|Bios|seed=11|fraction=0.5|gamma=1|tau=0.2|lambda=0.6,learning_curve,Bios,11,0.5,3985,1.0,0.2,0.6,external_balanced_oracle,False,,,0.0,True,NA,False,False,False,True
learning_curve|Bios|seed=11|fraction=0.5|gamma=1|tau=0.2|lambda=0.7,learning_curve,Bios,11,0.5,3985,1.0,0.2,0.7,always_deploy_balanced,True,TaCo::components_removed=5,TaCo,0.0,True,False,True,False,False,True
learning_curve|Bios|seed=11|fraction=0.5|gamma=1|tau=0.2|lambda=0.7,learning_curve,Bios,11,0.5,3985,1.0,0.2,0.7,point_selection_balanced,False,,,0.0,True,NA,False,False,False,True
learning_curve|Bios|seed=11|fraction=0.5|gamma=1|tau=0.2|lambda=0.7,learning_curve,Bios,11,0.5,3985,1.0,0.2,0.7,vera_balanced_iut,False,,,0.0,True,NA,False,False,False,True
learning_curve|Bios|seed=11|fraction=0.5|gamma=1|tau=0.2|lambda=0.7,learning_curve,Bios,11,0.5,3985,1.0,0.2,0.7,vera_balanced_envelope,False,,,0.0,True,NA,False,False,False,True
learning_curve|Bios|seed=11|fraction=0.5|gamma=1|tau=0.2|lambda=0.7,learning_curve,Bios,11,0.5,3985,1.0,0.2,0.7,external_balanced_oracle,False,,,0.0,True,NA,False,False,False,True
learning_curve|Bios|seed=11|fraction=0.5|gamma=1|tau=0.2|lambda=0.8,learning_curve,Bios,11,0.5,3985,1.0,0.2,0.8,always_deploy_balanced,True,TaCo::components_removed=5,TaCo,0.0,True,False,True,False,False,True
learning_curve|Bios|seed=11|fraction=0.5|gamma=1|tau=0.2|lambda=0.8,learning_curve,Bios,11,0.5,3985,1.0,0.2,0.8,point_selection_balanced,False,,,0.0,True,NA,False,False,False,True
learning_curve|Bios|seed=11|fraction=0.5|gamma=1|tau=0.2|lambda=0.8,learning_curve,Bios,11,0.5,3985,1.0,0.2,0.8,vera_balanced_iut,False,,,0.0,True,NA,False,False,False,True
learning_curve|Bios|seed=11|fraction=0.5|gamma=1|tau=0.2|lambda=0.8,learning_curve,Bios,11,0.5,3985,1.0,0.2,0.8,vera_balanced_envelope,False,,,0.0,True,NA,False,False,False,True
learning_curve|Bios|seed=11|fraction=0.5|gamma=1|tau=0.2|lambda=0.8,learning_curve,Bios,11,0.5,3985,1.0,0.2,0.8,external_balanced_oracle,False,,,0.0,True,NA,False,False,False,True
primary|Bios|seed=11|fraction=1|gamma=1|tau=0.05|lambda=0.6,primary,Bios,11,1.0,8000,1.0,0.05,0.6,always_deploy_balanced,True,TaCo::components_removed=5,TaCo,0.0,True,False,True,False,False,True
primary|Bios|seed=11|fraction=1|gamma=1|tau=0.05|lambda=0.6,primary,Bios,11,1.0,8000,1.0,0.05,0.6,point_selection_balanced,False,,,0.0,True,NA,False,False,False,True
primary|Bios|seed=11|fraction=1|gamma=1|tau=0.05|lambda=0.6,primary,Bios,11,1.0,8000,1.0,0.05,0.6,vera_balanced_iut,False,,,0.0,True,NA,False,False,False,True
primary|Bios|seed=11|fraction=1|gamma=1|tau=0.05|lambda=0.6,primary,Bios,11,1.0,8000,1.0,0.05,0.6,vera_balanced_envelope,False,,,0.0,True,NA,False,False,False,True
primary|Bios|seed=11|fraction=1|gamma=1|tau=0.05|lambda=0.6,primary,Bios,11,1.0,8000,1.0,0.05,0.6,external_balanced_oracle,False,,,0.0,True,NA,False,False,False,True
primary|Bios|seed=11|fraction=1|gamma=1|tau=0.05|lambda=0.7,primary,Bios,11,1.0,8000,1.0,0.05,0.7,always_deploy_balanced,True,TaCo::components_removed=5,TaCo,0.0,True,False,True,False,False,True
primary|Bios|seed=11|fraction=1|gamma=1|tau=0.05|lambda=0.7,primary,Bios,11,1.0,8000,1.0,0.05,0.7,point_selection_balanced,False,,,0.0,True,NA,False,False,False,True
primary|Bios|seed=11|fraction=1|gamma=1|tau=0.05|lambda=0.7,primary,Bios,11,1.0,8000,1.0,0.05,0.7,vera_balanced_iut,False,,,0.0,True,NA,False,False,False,True
primary|Bios|seed=11|fraction=1|gamma=1|tau=0.05|lambda=0.7,primary,Bios,11,1.0,8000,1.0,0.05,0.7,vera_balanced_envelope,False,,,0.0,True,NA,False,False,False,True
primary|Bios|seed=11|fraction=1|gamma=1|tau=0.05|lambda=0.7,primary,Bios,11,1.0,8000,1.0,0.05,0.7,external_balanced_oracle,False,,,0.0,True,NA,False,False,False,True
primary|Bios|seed=11|fraction=1|gamma=1|tau=0.05|lambda=0.8,primary,Bios,11,1.0,8000,1.0,0.05,0.8,always_deploy_balanced,True,TaCo::components_removed=5,TaCo,0.0,True,False,True,False,False,True
primary|Bios|seed=11|fraction=1|gamma=1|tau=0.05|lambda=0.8,primary,Bios,11,1.0,8000,1.0,0.05,0.8,point_selection_balanced,False,,,0.0,True,NA,False,False,False,True
primary|Bios|seed=11|fraction=1|gamma=1|tau=0.05|lambda=0.8,primary,Bios,11,1.0,8000,1.0,0.05,0.8,vera_balanced_iut,False,,,0.0,True,NA,False,False,False,True
primary|Bios|seed=11|fraction=1|gamma=1|tau=0.05|lambda=0.8,primary,Bios,11,1.0,8000,1.0,0.05,0.8,vera_balanced_envelope,False,,,0.0,True,NA,False,False,False,True
primary|Bios|seed=11|fraction=1|gamma=1|tau=0.05|lambda=0.8,primary,Bios,11,1.0,8000,1.0,0.05,0.8,external_balanced_oracle,False,,,0.0,True,NA,False,False,False,True
primary|Bios|seed=11|fraction=1|gamma=1|tau=0.1|lambda=0.6,primary,Bios,11,1.0,8000,1.0,0.1,0.6,always_deploy_balanced,True,TaCo::components_removed=5,TaCo,0.0,True,False,True,False,False,True
primary|Bios|seed=11|fraction=1|gamma=1|tau=0.1|lambda=0.6,primary,Bios,11,1.0,8000,1.0,0.1,0.6,point_selection_balanced,False,,,0.0,True,NA,False,False,False,True
primary|Bios|seed=11|fraction=1|gamma=1|tau=0.1|lambda=0.6,primary,Bios,11,1.0,8000,1.0,0.1,0.6,vera_balanced_iut,False,,,0.0,True,NA,False,False,False,True
primary|Bios|seed=11|fraction=1|gamma=1|tau=0.1|lambda=0.6,primary,Bios,11,1.0,8000,1.0,0.1,0.6,vera_balanced_envelope,False,,,0.0,True,NA,False,False,False,True
primary|Bios|seed=11|fraction=1|gamma=1|tau=0.1|lambda=0.6,primary,Bios,11,1.0,8000,1.0,0.1,0.6,external_balanced_oracle,False,,,0.0,True,NA,False,False,False,True
primary|Bios|seed=11|fraction=1|gamma=1|tau=0.1|lambda=0.7,primary,Bios,11,1.0,8000,1.0,0.1,0.7,always_deploy_balanced,True,TaCo::components_removed=5,TaCo,0.0,True,False,True,False,False,True
primary|Bios|seed=11|fraction=1|gamma=1|tau=0.1|lambda=0.7,primary,Bios,11,1.0,8000,1.0,0.1,0.7,point_selection_balanced,False,,,0.0,True,NA,False,False,False,True
primary|Bios|seed=11|fraction=1|gamma=1|tau=0.1|lambda=0.7,primary,Bios,11,1.0,8000,1.0,0.1,0.7,vera_balanced_iut,False,,,0.0,True,NA,False,False,False,True
primary|Bios|seed=11|fraction=1|gamma=1|tau=0.1|lambda=0.7,primary,Bios,11,1.0,8000,1.0,0.1,0.7,vera_balanced_envelope,False,,,0.0,True,NA,False,False,False,True
primary|Bios|seed=11|fraction=1|gamma=1|tau=0.1|lambda=0.7,primary,Bios,11,1.0,8000,1.0,0.1,0.7,external_balanced_oracle,False,,,0.0,True,NA,False,False,False,True
primary|Bios|seed=11|fraction=1|gamma=1|tau=0.1|lambda=0.8,primary,Bios,11,1.0,8000,1.0,0.1,0.8,always_deploy_balanced,True,TaCo::components_removed=5,TaCo,0.0,True,False,True,False,False,True
primary|Bios|seed=11|fraction=1|gamma=1|tau=0.1|lambda=0.8,primary,Bios,11,1.0,8000,1.0,0.1,0.8,point_selection_balanced,False,,,0.0,True,NA,False,False,False,True
primary|Bios|seed=11|fraction=1|gamma=1|tau=0.1|lambda=0.8,primary,Bios,11,1.0,8000,1.0,0.1,0.8,vera_balanced_iut,False,,,0.0,True,NA,False,False,False,True
primary|Bios|seed=11|fraction=1|gamma=1|tau=0.1|lambda=0.8,primary,Bios,11,1.0,8000,1.0,0.1,0.8,vera_balanced_envelope,False,,,0.0,True,NA,False,False,False,True
primary|Bios|seed=11|fraction=1|gamma=1|tau=0.1|lambda=0.8,primary,Bios,11,1.0,8000,1.0,0.1,0.8,external_balanced_oracle,False,,,0.0,True,NA,False,False,False,True
primary|Bios|seed=11|fraction=1|gamma=1|tau=0.2|lambda=0.6,primary,Bios,11,1.0,8000,1.0,0.2,0.6,always_deploy_balanced,True,TaCo::components_removed=5,TaCo,0.0,True,False,True,False,False,True
primary|Bios|seed=11|fraction=1|gamma=1|tau=0.2|lambda=0.6,primary,Bios,11,1.0,8000,1.0,0.2,0.6,point_selection_balanced,False,,,0.0,True,NA,False,False,False,True
primary|Bios|seed=11|fraction=1|gamma=1|tau=0.2|lambda=0.6,primary,Bios,11,1.0,8000,1.0,0.2,0.6,vera_balanced_iut,False,,,0.0,True,NA,False,False,False,True
primary|Bios|seed=11|fraction=1|gamma=1|tau=0.2|lambda=0.6,primary,Bios,11,1.0,8000,1.0,0.2,0.6,vera_balanced_envelope,False,,,0.0,True,NA,False,False,False,True
primary|Bios|seed=11|fraction=1|gamma=1|tau=0.2|lambda=0.6,primary,Bios,11,1.0,8000,1.0,0.2,0.6,external_balanced_oracle,False,,,0.0,True,NA,False,False,False,True
primary|Bios|seed=11|fraction=1|gamma=1|tau=0.2|lambda=0.7,primary,Bios,11,1.0,8000,1.0,0.2,0.7,always_deploy_balanced,True,TaCo::components_removed=5,TaCo,0.0,True,False,True,False,False,True
primary|Bios|seed=11|fraction=1|gamma=1|tau=0.2|lambda=0.7,primary,Bios,11,1.0,8000,1.0,0.2,0.7,point_selection_balanced,False,,,0.0,True,NA,False,False,False,True
primary|Bios|seed=11|fraction=1|gamma=1|tau=0.2|lambda=0.7,primary,Bios,11,1.0,8000,1.0,0.2,0.7,vera_balanced_iut,False,,,0.0,True,NA,False,False,False,True
primary|Bios|seed=11|fraction=1|gamma=1|tau=0.2|lambda=0.7,primary,Bios,11,1.0,8000,1.0,0.2,0.7,vera_balanced_envelope,False,,,0.0,True,NA,False,False,False,True
primary|Bios|seed=11|fraction=1|gamma=1|tau=0.2|lambda=0.7,primary,Bios,11,1.0,8000,1.0,0.2,0.7,external_balanced_oracle,False,,,0.0,True,NA,False,False,False,True
primary|Bios|seed=11|fraction=1|gamma=1|tau=0.2|lambda=0.8,primary,Bios,11,1.0,8000,1.0,0.2,0.8,always_deploy_balanced,True,TaCo::components_removed=5,TaCo,0.0,True,False,True,False,False,True
primary|Bios|seed=11|fraction=1|gamma=1|tau=0.2|lambda=0.8,primary,Bios,11,1.0,8000,1.0,0.2,0.8,point_selection_balanced,False,,,0.0,True,NA,False,False,False,True
primary|Bios|seed=11|fraction=1|gamma=1|tau=0.2|lambda=0.8,primary,Bios,11,1.0,8000,1.0,0.2,0.8,vera_balanced_iut,False,,,0.0,True,NA,False,False,False,True
primary|Bios|seed=11|fraction=1|gamma=1|tau=0.2|lambda=0.8,primary,Bios,11,1.0,8000,1.0,0.2,0.8,vera_balanced_envelope,False,,,0.0,True,NA,False,False,False,True
primary|Bios|seed=11|fraction=1|gamma=1|tau=0.2|lambda=0.8,primary,Bios,11,1.0,8000,1.0,0.2,0.8,external_balanced_oracle,False,,,0.0,True,NA,False,False,False,True
shifted_sensitivity|Bios|seed=11|fraction=1|gamma=1.01|tau=0.05|lambda=0.6,shifted_sensitivity,Bios,11,1.0,8000,1.01,0.05,0.6,always_deploy_balanced,True,TaCo::components_removed=5,TaCo,0.0,True,False,True,False,False,True
shifted_sensitivity|Bios|seed=11|fraction=1|gamma=1.01|tau=0.05|lambda=0.6,shifted_sensitivity,Bios,11,1.0,8000,1.01,0.05,0.6,point_selection_balanced,False,,,0.0,True,NA,False,False,False,True
shifted_sensitivity|Bios|seed=11|fraction=1|gamma=1.01|tau=0.05|lambda=0.6,shifted_sensitivity,Bios,11,1.0,8000,1.01,0.05,0.6,vera_balanced_iut,False,,,0.0,True,NA,False,False,False,True
shifted_sensitivity|Bios|seed=11|fraction=1|gamma=1.01|tau=0.05|lambda=0.6,shifted_sensitivity,Bios,11,1.0,8000,1.01,0.05,0.6,vera_balanced_envelope,False,,,0.0,True,NA,False,False,False,True
shifted_sensitivity|Bios|seed=11|fraction=1|gamma=1.01|tau=0.05|lambda=0.6,shifted_sensitivity,Bios,11,1.0,8000,1.01,0.05,0.6,external_balanced_oracle,False,,,0.0,True,NA,False,False,False,True
shifted_sensitivity|Bios|seed=11|fraction=1|gamma=1.01|tau=0.05|lambda=0.7,shifted_sensitivity,Bios,11,1.0,8000,1.01,0.05,0.7,always_deploy_balanced,True,TaCo::components_removed=5,TaCo,0.0,True,False,True,False,False,True
shifted_sensitivity|Bios|seed=11|fraction=1|gamma=1.01|tau=0.05|lambda=0.7,shifted_sensitivity,Bios,11,1.0,8000,1.01,0.05,0.7,point_selection_balanced,False,,,0.0,True,NA,False,False,False,True
shifted_sensitivity|Bios|seed=11|fraction=1|gamma=1.01|tau=0.05|lambda=0.7,shifted_sensitivity,Bios,11,1.0,8000,1.01,0.05,0.7,vera_balanced_iut,False,,,0.0,True,NA,False,False,False,True
shifted_sensitivity|Bios|seed=11|fraction=1|gamma=1.01|tau=0.05|lambda=0.7,shifted_sensitivity,Bios,11,1.0,8000,1.01,0.05,0.7,vera_balanced_envelope,False,,,0.0,True,NA,False,False,False,True
shifted_sensitivity|Bios|seed=11|fraction=1|gamma=1.01|tau=0.05|lambda=0.7,shifted_sensitivity,Bios,11,1.0,8000,1.01,0.05,0.7,external_balanced_oracle,False,,,0.0,True,NA,False,False,False,True
shifted_sensitivity|Bios|seed=11|fraction=1|gamma=1.01|tau=0.05|lambda=0.8,shifted_sensitivity,Bios,11,1.0,8000,1.01,0.05,0.8,always_deploy_balanced,True,TaCo::components_removed=5,TaCo,0.0,True,False,True,False,False,True
shifted_sensitivity|Bios|seed=11|fraction=1|gamma=1.01|tau=0.05|lambda=0.8,shifted_sensitivity,Bios,11,1.0,8000,1.01,0.05,0.8,point_selection_balanced,False,,,0.0,True,NA,False,False,False,True
shifted_sensitivity|Bios|seed=11|fraction=1|gamma=1.01|tau=0.05|lambda=0.8,shifted_sensitivity,Bios,11,1.0,8000,1.01,0.05,0.8,vera_balanced_iut,False,,,0.0,True,NA,False,False,False,True
shifted_sensitivity|Bios|seed=11|fraction=1|gamma=1.01|tau=0.05|lambda=0.8,shifted_sensitivity,Bios,11,1.0,8000,1.01,0.05,0.8,vera_balanced_envelope,False,,,0.0,True,NA,False,False,False,True
shifted_sensitivity|Bios|seed=11|fraction=1|gamma=1.01|tau=0.05|lambda=0.8,shifted_sensitivity,Bios,11,1.0,8000,1.01,0.05,0.8,external_balanced_oracle,False,,,0.0,True,NA,False,False,False,True
shifted_sensitivity|Bios|seed=11|fraction=1|gamma=1.01|tau=0.1|lambda=0.6,shifted_sensitivity,Bios,11,1.0,8000,1.01,0.1,0.6,always_deploy_balanced,True,TaCo::components_removed=5,TaCo,0.0,True,False,True,False,False,True
shifted_sensitivity|Bios|seed=11|fraction=1|gamma=1.01|tau=0.1|lambda=0.6,shifted_sensitivity,Bios,11,1.0,8000,1.01,0.1,0.6,point_selection_balanced,False,,,0.0,True,NA,False,False,False,True
shifted_sensitivity|Bios|seed=11|fraction=1|gamma=1.01|tau=0.1|lambda=0.6,shifted_sensitivity,Bios,11,1.0,8000,1.01,0.1,0.6,vera_balanced_iut,False,,,0.0,True,NA,False,False,False,True
shifted_sensitivity|Bios|seed=11|fraction=1|gamma=1.01|tau=0.1|lambda=0.6,shifted_sensitivity,Bios,11,1.0,8000,1.01,0.1,0.6,vera_balanced_envelope,False,,,0.0,True,NA,False,False,False,True
shifted_sensitivity|Bios|seed=11|fraction=1|gamma=1.01|tau=0.1|lambda=0.6,shifted_sensitivity,Bios,11,1.0,8000,1.01,0.1,0.6,external_balanced_oracle,False,,,0.0,True,NA,False,False,False,True
shifted_sensitivity|Bios|seed=11|fraction=1|gamma=1.01|tau=0.1|lambda=0.7,shifted_sensitivity,Bios,11,1.0,8000,1.01,0.1,0.7,always_deploy_balanced,True,TaCo::components_removed=5,TaCo,0.0,True,False,True,False,False,True
shifted_sensitivity|Bios|seed=11|fraction=1|gamma=1.01|tau=0.1|lambda=0.7,shifted_sensitivity,Bios,11,1.0,8000,1.01,0.1,0.7,point_selection_balanced,False,,,0.0,True,NA,False,False,False,True
shifted_sensitivity|Bios|seed=11|fraction=1|gamma=1.01|tau=0.1|lambda=0.7,shifted_sensitivity,Bios,11,1.0,8000,1.01,0.1,0.7,vera_balanced_iut,False,,,0.0,True,NA,False,False,False,True
shifted_sensitivity|Bios|seed=11|fraction=1|gamma=1.01|tau=0.1|lambda=0.7,shifted_sensitivity,Bios,11,1.0,8000,1.01,0.1,0.7,vera_balanced_envelope,False,,,0.0,True,NA,False,False,False,True
shifted_sensitivity|Bios|seed=11|fraction=1|gamma=1.01|tau=0.1|lambda=0.7,shifted_sensitivity,Bios,11,1.0,8000,1.01,0.1,0.7,external_balanced_oracle,False,,,0.0,True,NA,False,False,False,True
shifted_sensitivity|Bios|seed=11|fraction=1|gamma=1.01|tau=0.1|lambda=0.8,shifted_sensitivity,Bios,11,1.0,8000,1.01,0.1,0.8,always_deploy_balanced,True,TaCo::components_removed=5,TaCo,0.0,True,False,True,False,False,True
shifted_sensitivity|Bios|seed=11|fraction=1|gamma=1.01|tau=0.1|lambda=0.8,shifted_sensitivity,Bios,11,1.0,8000,1.01,0.1,0.8,point_selection_balanced,False,,,0.0,True,NA,False,False,False,True
shifted_sensitivity|Bios|seed=11|fraction=1|gamma=1.01|tau=0.1|lambda=0.8,shifted_sensitivity,Bios,11,1.0,8000,1.01,0.1,0.8,vera_balanced_iut,False,,,0.0,True,NA,False,False,False,True
shifted_sensitivity|Bios|seed=11|fraction=1|gamma=1.01|tau=0.1|lambda=0.8,shifted_sensitivity,Bios,11,1.0,8000,1.01,0.1,0.8,vera_balanced_envelope,False,,,0.0,True,NA,False,False,False,True
shifted_sensitivity|Bios|seed=11|fraction=1|gamma=1.01|tau=0.1|lambda=0.8,shifted_sensitivity,Bios,11,1.0,8000,1.01,0.1,0.8,external_balanced_oracle,False,,,0.0,True,NA,False,False,False,True
shifted_sensitivity|Bios|seed=11|fraction=1|gamma=1.01|tau=0.2|lambda=0.6,shifted_sensitivity,Bios,11,1.0,8000,1.01,0.2,0.6,always_deploy_balanced,True,TaCo::components_removed=5,TaCo,0.0,True,False,True,False,False,True
shifted_sensitivity|Bios|seed=11|fraction=1|gamma=1.01|tau=0.2|lambda=0.6,shifted_sensitivity,Bios,11,1.0,8000,1.01,0.2,0.6,point_selection_balanced,False,,,0.0,True,NA,False,False,False,True
shifted_sensitivity|Bios|seed=11|fraction=1|gamma=1.01|tau=0.2|lambda=0.6,shifted_sensitivity,Bios,11,1.0,8000,1.01,0.2,0.6,vera_balanced_iut,False,,,0.0,True,NA,False,False,False,True
shifted_sensitivity|Bios|seed=11|fraction=1|gamma=1.01|tau=0.2|lambda=0.6,shifted_sensitivity,Bios,11,1.0,8000,1.01,0.2,0.6,vera_balanced_envelope,False,,,0.0,True,NA,False,False,False,True
shifted_sensitivity|Bios|seed=11|fraction=1|gamma=1.01|tau=0.2|lambda=0.6,shifted_sensitivity,Bios,11,1.0,8000,1.01,0.2,0.6,external_balanced_oracle,False,,,0.0,True,NA,False,False,False,True
shifted_sensitivity|Bios|seed=11|fraction=1|gamma=1.01|tau=0.2|lambda=0.7,shifted_sensitivity,Bios,11,1.0,8000,1.01,0.2,0.7,always_deploy_balanced,True,TaCo::components_removed=5,TaCo,0.0,True,False,True,False,False,True
shifted_sensitivity|Bios|seed=11|fraction=1|gamma=1.01|tau=0.2|lambda=0.7,shifted_sensitivity,Bios,11,1.0,8000,1.01,0.2,0.7,point_selection_balanced,False,,,0.0,True,NA,False,False,False,True
shifted_sensitivity|Bios|seed=11|fraction=1|gamma=1.01|tau=0.2|lambda=0.7,shifted_sensitivity,Bios,11,1.0,8000,1.01,0.2,0.7,vera_balanced_iut,False,,,0.0,True,NA,False,False,False,True
shifted_sensitivity|Bios|seed=11|fraction=1|gamma=1.01|tau=0.2|lambda=0.7,shifted_sensitivity,Bios,11,1.0,8000,1.01,0.2,0.7,vera_balanced_envelope,False,,,0.0,True,NA,False,False,False,True
shifted_sensitivity|Bios|seed=11|fraction=1|gamma=1.01|tau=0.2|lambda=0.7,shifted_sensitivity,Bios,11,1.0,8000,1.01,0.2,0.7,external_balanced_oracle,False,,,0.0,True,NA,False,False,False,True
shifted_sensitivity|Bios|seed=11|fraction=1|gamma=1.01|tau=0.2|lambda=0.8,shifted_sensitivity,Bios,11,1.0,8000,1.01,0.2,0.8,always_deploy_balanced,True,TaCo::components_removed=5,TaCo,0.0,True,False,True,False,False,True
shifted_sensitivity|Bios|seed=11|fraction=1|gamma=1.01|tau=0.2|lambda=0.8,shifted_sensitivity,Bios,11,1.0,8000,1.01,0.2,0.8,point_selection_balanced,False,,,0.0,True,NA,False,False,False,True
shifted_sensitivity|Bios|seed=11|fraction=1|gamma=1.01|tau=0.2|lambda=0.8,shifted_sensitivity,Bios,11,1.0,8000,1.01,0.2,0.8,vera_balanced_iut,False,,,0.0,True,NA,False,False,False,True
shifted_sensitivity|Bios|seed=11|fraction=1|gamma=1.01|tau=0.2|lambda=0.8,shifted_sensitivity,Bios,11,1.0,8000,1.01,0.2,0.8,vera_balanced_envelope,False,,,0.0,True,NA,False,False,False,True
shifted_sensitivity|Bios|seed=11|fraction=1|gamma=1.01|tau=0.2|lambda=0.8,shifted_sensitivity,Bios,11,1.0,8000,1.01,0.2,0.8,external_balanced_oracle,False,,,0.0,True,NA,False,False,False,True
learning_curve|Bios|seed=12|fraction=0.05|gamma=1|tau=0.05|lambda=0.6,learning_curve,Bios,12,0.05,383,1.0,0.05,0.6,always_deploy_balanced,True,TaCo::components_removed=5,TaCo,0.0,True,False,True,False,False,True
learning_curve|Bios|seed=12|fraction=0.05|gamma=1|tau=0.05|lambda=0.6,learning_curve,Bios,12,0.05,383,1.0,0.05,0.6,point_selection_balanced,False,,,0.0,True,NA,False,False,False,True
learning_curve|Bios|seed=12|fraction=0.05|gamma=1|tau=0.05|lambda=0.6,learning_curve,Bios,12,0.05,383,1.0,0.05,0.6,vera_balanced_iut,False,,,0.0,True,NA,False,False,False,True
learning_curve|Bios|seed=12|fraction=0.05|gamma=1|tau=0.05|lambda=0.6,learning_curve,Bios,12,0.05,383,1.0,0.05,0.6,vera_balanced_envelope,False,,,0.0,True,NA,False,False,False,True
learning_curve|Bios|seed=12|fraction=0.05|gamma=1|tau=0.05|lambda=0.6,learning_curve,Bios,12,0.05,383,1.0,0.05,0.6,external_balanced_oracle,False,,,0.0,True,NA,False,False,False,True
learning_curve|Bios|seed=12|fraction=0.05|gamma=1|tau=0.05|lambda=0.7,learning_curve,Bios,12,0.05,383,1.0,0.05,0.7,always_deploy_balanced,True,TaCo::components_removed=5,TaCo,0.0,True,False,True,False,False,True
learning_curve|Bios|seed=12|fraction=0.05|gamma=1|tau=0.05|lambda=0.7,learning_curve,Bios,12,0.05,383,1.0,0.05,0.7,point_selection_balanced,False,,,0.0,True,NA,False,False,False,True
learning_curve|Bios|seed=12|fraction=0.05|gamma=1|tau=0.05|lambda=0.7,learning_curve,Bios,12,0.05,383,1.0,0.05,0.7,vera_balanced_iut,False,,,0.0,True,NA,False,False,False,True
learning_curve|Bios|seed=12|fraction=0.05|gamma=1|tau=0.05|lambda=0.7,learning_curve,Bios,12,0.05,383,1.0,0.05,0.7,vera_balanced_envelope,False,,,0.0,True,NA,False,False,False,True
learning_curve|Bios|seed=12|fraction=0.05|gamma=1|tau=0.05|lambda=0.7,learning_curve,Bios,12,0.05,383,1.0,0.05,0.7,external_balanced_oracle,False,,,0.0,True,NA,False,False,False,True
learning_curve|Bios|seed=12|fraction=0.05|gamma=1|tau=0.05|lambda=0.8,learning_curve,Bios,12,0.05,383,1.0,0.05,0.8,always_deploy_balanced,True,TaCo::components_removed=5,TaCo,0.0,True,False,True,False,False,True
learning_curve|Bios|seed=12|fraction=0.05|gamma=1|tau=0.05|lambda=0.8,learning_curve,Bios,12,0.05,383,1.0,0.05,0.8,point_selection_balanced,False,,,0.0,True,NA,False,False,False,True
learning_curve|Bios|seed=12|fraction=0.05|gamma=1|tau=0.05|lambda=0.8,learning_curve,Bios,12,0.05,383,1.0,0.05,0.8,vera_balanced_iut,False,,,0.0,True,NA,False,False,False,True
learning_curve|Bios|seed=12|fraction=0.05|gamma=1|tau=0.05|lambda=0.8,learning_curve,Bios,12,0.05,383,1.0,0.05,0.8,vera_balanced_envelope,False,,,0.0,True,NA,False,False,False,True
learning_curve|Bios|seed=12|fraction=0.05|gamma=1|tau=0.05|lambda=0.8,learning_curve,Bios,12,0.05,383,1.0,0.05,0.8,external_balanced_oracle,False,,,0.0,True,NA,False,False,False,True
learning_curve|Bios|seed=12|fraction=0.05|gamma=1|tau=0.1|lambda=0.6,learning_curve,Bios,12,0.05,383,1.0,0.1,0.6,always_deploy_balanced,True,TaCo::components_removed=5,TaCo,0.0,True,False,True,False,False,True
learning_curve|Bios|seed=12|fraction=0.05|gamma=1|tau=0.1|lambda=0.6,learning_curve,Bios,12,0.05,383,1.0,0.1,0.6,point_selection_balanced,False,,,0.0,True,NA,False,False,False,True
learning_curve|Bios|seed=12|fraction=0.05|gamma=1|tau=0.1|lambda=0.6,learning_curve,Bios,12,0.05,383,1.0,0.1,0.6,vera_balanced_iut,False,,,0.0,True,NA,False,False,False,True
learning_curve|Bios|seed=12|fraction=0.05|gamma=1|tau=0.1|lambda=0.6,learning_curve,Bios,12,0.05,383,1.0,0.1,0.6,vera_balanced_envelope,False,,,0.0,True,NA,False,False,False,True
learning_curve|Bios|seed=12|fraction=0.05|gamma=1|tau=0.1|lambda=0.6,learning_curve,Bios,12,0.05,383,1.0,0.1,0.6,external_balanced_oracle,False,,,0.0,True,NA,False,False,False,True
learning_curve|Bios|seed=12|fraction=0.05|gamma=1|tau=0.1|lambda=0.7,learning_curve,Bios,12,0.05,383,1.0,0.1,0.7,always_deploy_balanced,True,TaCo::components_removed=5,TaCo,0.0,True,False,True,False,False,True
learning_curve|Bios|seed=12|fraction=0.05|gamma=1|tau=0.1|lambda=0.7,learning_curve,Bios,12,0.05,383,1.0,0.1,0.7,point_selection_balanced,False,,,0.0,True,NA,False,False,False,True
learning_curve|Bios|seed=12|fraction=0.05|gamma=1|tau=0.1|lambda=0.7,learning_curve,Bios,12,0.05,383,1.0,0.1,0.7,vera_balanced_iut,False,,,0.0,True,NA,False,False,False,True
learning_curve|Bios|seed=12|fraction=0.05|gamma=1|tau=0.1|lambda=0.7,learning_curve,Bios,12,0.05,383,1.0,0.1,0.7,vera_balanced_envelope,False,,,0.0,True,NA,False,False,False,True
learning_curve|Bios|seed=12|fraction=0.05|gamma=1|tau=0.1|lambda=0.7,learning_curve,Bios,12,0.05,383,1.0,0.1,0.7,external_balanced_oracle,False,,,0.0,True,NA,False,False,False,True
learning_curve|Bios|seed=12|fraction=0.05|gamma=1|tau=0.1|lambda=0.8,learning_curve,Bios,12,0.05,383,1.0,0.1,0.8,always_deploy_balanced,True,TaCo::components_removed=5,TaCo,0.0,True,False,True,False,False,True
learning_curve|Bios|seed=12|fraction=0.05|gamma=1|tau=0.1|lambda=0.8,learning_curve,Bios,12,0.05,383,1.0,0.1,0.8,point_selection_balanced,False,,,0.0,True,NA,False,False,False,True
learning_curve|Bios|seed=12|fraction=0.05|gamma=1|tau=0.1|lambda=0.8,learning_curve,Bios,12,0.05,383,1.0,0.1,0.8,vera_balanced_iut,False,,,0.0,True,NA,False,False,False,True
learning_curve|Bios|seed=12|fraction=0.05|gamma=1|tau=0.1|lambda=0.8,learning_curve,Bios,12,0.05,383,1.0,0.1,0.8,vera_balanced_envelope,False,,,0.0,True,NA,False,False,False,True
learning_curve|Bios|seed=12|fraction=0.05|gamma=1|tau=0.1|lambda=0.8,learning_curve,Bios,12,0.05,383,1.0,0.1,0.8,external_balanced_oracle,False,,,0.0,True,NA,False,False,False,True
learning_curve|Bios|seed=12|fraction=0.05|gamma=1|tau=0.2|lambda=0.6,learning_curve,Bios,12,0.05,383,1.0,0.2,0.6,always_deploy_balanced,True,TaCo::components_removed=5,TaCo,0.0,True,False,True,False,False,True
learning_curve|Bios|seed=12|fraction=0.05|gamma=1|tau=0.2|lambda=0.6,learning_curve,Bios,12,0.05,383,1.0,0.2,0.6,point_selection_balanced,False,,,0.0,True,NA,False,False,False,True
learning_curve|Bios|seed=12|fraction=0.05|gamma=1|tau=0.2|lambda=0.6,learning_curve,Bios,12,0.05,383,1.0,0.2,0.6,vera_balanced_iut,False,,,0.0,True,NA,False,False,False,True
learning_curve|Bios|seed=12|fraction=0.05|gamma=1|tau=0.2|lambda=0.6,learning_curve,Bios,12,0.05,383,1.0,0.2,0.6,vera_balanced_envelope,False,,,0.0,True,NA,False,False,False,True
learning_curve|Bios|seed=12|fraction=0.05|gamma=1|tau=0.2|lambda=0.6,learning_curve,Bios,12,0.05,383,1.0,0.2,0.6,external_balanced_oracle,False,,,0.0,True,NA,False,False,False,True
learning_curve|Bios|seed=12|fraction=0.05|gamma=1|tau=0.2|lambda=0.7,learning_curve,Bios,12,0.05,383,1.0,0.2,0.7,always_deploy_balanced,True,TaCo::components_removed=5,TaCo,0.0,True,False,True,False,False,True
learning_curve|Bios|seed=12|fraction=0.05|gamma=1|tau=0.2|lambda=0.7,learning_curve,Bios,12,0.05,383,1.0,0.2,0.7,point_selection_balanced,False,,,0.0,True,NA,False,False,False,True
learning_curve|Bios|seed=12|fraction=0.05|gamma=1|tau=0.2|lambda=0.7,learning_curve,Bios,12,0.05,383,1.0,0.2,0.7,vera_balanced_iut,False,,,0.0,True,NA,False,False,False,True
learning_curve|Bios|seed=12|fraction=0.05|gamma=1|tau=0.2|lambda=0.7,learning_curve,Bios,12,0.05,383,1.0,0.2,0.7,vera_balanced_envelope,False,,,0.0,True,NA,False,False,False,True
learning_curve|Bios|seed=12|fraction=0.05|gamma=1|tau=0.2|lambda=0.7,learning_curve,Bios,12,0.05,383,1.0,0.2,0.7,external_balanced_oracle,False,,,0.0,True,NA,False,False,False,True
learning_curve|Bios|seed=12|fraction=0.05|gamma=1|tau=0.2|lambda=0.8,learning_curve,Bios,12,0.05,383,1.0,0.2,0.8,always_deploy_balanced,True,TaCo::components_removed=5,TaCo,0.0,True,False,True,False,False,True
learning_curve|Bios|seed=12|fraction=0.05|gamma=1|tau=0.2|lambda=0.8,learning_curve,Bios,12,0.05,383,1.0,0.2,0.8,point_selection_balanced,False,,,0.0,True,NA,False,False,False,True
learning_curve|Bios|seed=12|fraction=0.05|gamma=1|tau=0.2|lambda=0.8,learning_curve,Bios,12,0.05,383,1.0,0.2,0.8,vera_balanced_iut,False,,,0.0,True,NA,False,False,False,True
learning_curve|Bios|seed=12|fraction=0.05|gamma=1|tau=0.2|lambda=0.8,learning_curve,Bios,12,0.05,383,1.0,0.2,0.8,vera_balanced_envelope,False,,,0.0,True,NA,False,False,False,True
learning_curve|Bios|seed=12|fraction=0.05|gamma=1|tau=0.2|lambda=0.8,learning_curve,Bios,12,0.05,383,1.0,0.2,0.8,external_balanced_oracle,False,,,0.0,True,NA,False,False,False,True
learning_curve|Bios|seed=12|fraction=0.1|gamma=1|tau=0.05|lambda=0.6,learning_curve,Bios,12,0.1,779,1.0,0.05,0.6,always_deploy_balanced,True,TaCo::components_removed=5,TaCo,0.0,True,False,True,False,False,True
learning_curve|Bios|seed=12|fraction=0.1|gamma=1|tau=0.05|lambda=0.6,learning_curve,Bios,12,0.1,779,1.0,0.05,0.6,point_selection_balanced,False,,,0.0,True,NA,False,False,False,True
learning_curve|Bios|seed=12|fraction=0.1|gamma=1|tau=0.05|lambda=0.6,learning_curve,Bios,12,0.1,779,1.0,0.05,0.6,vera_balanced_iut,False,,,0.0,True,NA,False,False,False,True
learning_curve|Bios|seed=12|fraction=0.1|gamma=1|tau=0.05|lambda=0.6,learning_curve,Bios,12,0.1,779,1.0,0.05,0.6,vera_balanced_envelope,False,,,0.0,True,NA,False,False,False,True
learning_curve|Bios|seed=12|fraction=0.1|gamma=1|tau=0.05|lambda=0.6,learning_curve,Bios,12,0.1,779,1.0,0.05,0.6,external_balanced_oracle,False,,,0.0,True,NA,False,False,False,True
learning_curve|Bios|seed=12|fraction=0.1|gamma=1|tau=0.05|lambda=0.7,learning_curve,Bios,12,0.1,779,1.0,0.05,0.7,always_deploy_balanced,True,TaCo::components_removed=5,TaCo,0.0,True,False,True,False,False,True
learning_curve|Bios|seed=12|fraction=0.1|gamma=1|tau=0.05|lambda=0.7,learning_curve,Bios,12,0.1,779,1.0,0.05,0.7,point_selection_balanced,False,,,0.0,True,NA,False,False,False,True
learning_curve|Bios|seed=12|fraction=0.1|gamma=1|tau=0.05|lambda=0.7,learning_curve,Bios,12,0.1,779,1.0,0.05,0.7,vera_balanced_iut,False,,,0.0,True,NA,False,False,False,True
learning_curve|Bios|seed=12|fraction=0.1|gamma=1|tau=0.05|lambda=0.7,learning_curve,Bios,12,0.1,779,1.0,0.05,0.7,vera_balanced_envelope,False,,,0.0,True,NA,False,False,False,True
learning_curve|Bios|seed=12|fraction=0.1|gamma=1|tau=0.05|lambda=0.7,learning_curve,Bios,12,0.1,779,1.0,0.05,0.7,external_balanced_oracle,False,,,0.0,True,NA,False,False,False,True
learning_curve|Bios|seed=12|fraction=0.1|gamma=1|tau=0.05|lambda=0.8,learning_curve,Bios,12,0.1,779,1.0,0.05,0.8,always_deploy_balanced,True,TaCo::components_removed=5,TaCo,0.0,True,False,True,False,False,True
learning_curve|Bios|seed=12|fraction=0.1|gamma=1|tau=0.05|lambda=0.8,learning_curve,Bios,12,0.1,779,1.0,0.05,0.8,point_selection_balanced,False,,,0.0,True,NA,False,False,False,True
learning_curve|Bios|seed=12|fraction=0.1|gamma=1|tau=0.05|lambda=0.8,learning_curve,Bios,12,0.1,779,1.0,0.05,0.8,vera_balanced_iut,False,,,0.0,True,NA,False,False,False,True
learning_curve|Bios|seed=12|fraction=0.1|gamma=1|tau=0.05|lambda=0.8,learning_curve,Bios,12,0.1,779,1.0,0.05,0.8,vera_balanced_envelope,False,,,0.0,True,NA,False,False,False,True
learning_curve|Bios|seed=12|fraction=0.1|gamma=1|tau=0.05|lambda=0.8,learning_curve,Bios,12,0.1,779,1.0,0.05,0.8,external_balanced_oracle,False,,,0.0,True,NA,False,False,False,True
learning_curve|Bios|seed=12|fraction=0.1|gamma=1|tau=0.1|lambda=0.6,learning_curve,Bios,12,0.1,779,1.0,0.1,0.6,always_deploy_balanced,True,TaCo::components_removed=5,TaCo,0.0,True,False,True,False,False,True
learning_curve|Bios|seed=12|fraction=0.1|gamma=1|tau=0.1|lambda=0.6,learning_curve,Bios,12,0.1,779,1.0,0.1,0.6,point_selection_balanced,False,,,0.0,True,NA,False,False,False,True
learning_curve|Bios|seed=12|fraction=0.1|gamma=1|tau=0.1|lambda=0.6,learning_curve,Bios,12,0.1,779,1.0,0.1,0.6,vera_balanced_iut,False,,,0.0,True,NA,False,False,False,True
learning_curve|Bios|seed=12|fraction=0.1|gamma=1|tau=0.1|lambda=0.6,learning_curve,Bios,12,0.1,779,1.0,0.1,0.6,vera_balanced_envelope,False,,,0.0,True,NA,False,False,False,True
learning_curve|Bios|seed=12|fraction=0.1|gamma=1|tau=0.1|lambda=0.6,learning_curve,Bios,12,0.1,779,1.0,0.1,0.6,external_balanced_oracle,False,,,0.0,True,NA,False,False,False,True
learning_curve|Bios|seed=12|fraction=0.1|gamma=1|tau=0.1|lambda=0.7,learning_curve,Bios,12,0.1,779,1.0,0.1,0.7,always_deploy_balanced,True,TaCo::components_removed=5,TaCo,0.0,True,False,True,False,False,True
learning_curve|Bios|seed=12|fraction=0.1|gamma=1|tau=0.1|lambda=0.7,learning_curve,Bios,12,0.1,779,1.0,0.1,0.7,point_selection_balanced,False,,,0.0,True,NA,False,False,False,True
learning_curve|Bios|seed=12|fraction=0.1|gamma=1|tau=0.1|lambda=0.7,learning_curve,Bios,12,0.1,779,1.0,0.1,0.7,vera_balanced_iut,False,,,0.0,True,NA,False,False,False,True
learning_curve|Bios|seed=12|fraction=0.1|gamma=1|tau=0.1|lambda=0.7,learning_curve,Bios,12,0.1,779,1.0,0.1,0.7,vera_balanced_envelope,False,,,0.0,True,NA,False,False,False,True
learning_curve|Bios|seed=12|fraction=0.1|gamma=1|tau=0.1|lambda=0.7,learning_curve,Bios,12,0.1,779,1.0,0.1,0.7,external_balanced_oracle,False,,,0.0,True,NA,False,False,False,True
learning_curve|Bios|seed=12|fraction=0.1|gamma=1|tau=0.1|lambda=0.8,learning_curve,Bios,12,0.1,779,1.0,0.1,0.8,always_deploy_balanced,True,TaCo::components_removed=5,TaCo,0.0,True,False,True,False,False,True
learning_curve|Bios|seed=12|fraction=0.1|gamma=1|tau=0.1|lambda=0.8,learning_curve,Bios,12,0.1,779,1.0,0.1,0.8,point_selection_balanced,False,,,0.0,True,NA,False,False,False,True
learning_curve|Bios|seed=12|fraction=0.1|gamma=1|tau=0.1|lambda=0.8,learning_curve,Bios,12,0.1,779,1.0,0.1,0.8,vera_balanced_iut,False,,,0.0,True,NA,False,False,False,True
learning_curve|Bios|seed=12|fraction=0.1|gamma=1|tau=0.1|lambda=0.8,learning_curve,Bios,12,0.1,779,1.0,0.1,0.8,vera_balanced_envelope,False,,,0.0,True,NA,False,False,False,True
learning_curve|Bios|seed=12|fraction=0.1|gamma=1|tau=0.1|lambda=0.8,learning_curve,Bios,12,0.1,779,1.0,0.1,0.8,external_balanced_oracle,False,,,0.0,True,NA,False,False,False,True
learning_curve|Bios|seed=12|fraction=0.1|gamma=1|tau=0.2|lambda=0.6,learning_curve,Bios,12,0.1,779,1.0,0.2,0.6,always_deploy_balanced,True,TaCo::components_removed=5,TaCo,0.0,True,False,True,False,False,True
learning_curve|Bios|seed=12|fraction=0.1|gamma=1|tau=0.2|lambda=0.6,learning_curve,Bios,12,0.1,779,1.0,0.2,0.6,point_selection_balanced,False,,,0.0,True,NA,False,False,False,True
learning_curve|Bios|seed=12|fraction=0.1|gamma=1|tau=0.2|lambda=0.6,learning_curve,Bios,12,0.1,779,1.0,0.2,0.6,vera_balanced_iut,False,,,0.0,True,NA,False,False,False,True
learning_curve|Bios|seed=12|fraction=0.1|gamma=1|tau=0.2|lambda=0.6,learning_curve,Bios,12,0.1,779,1.0,0.2,0.6,vera_balanced_envelope,False,,,0.0,True,NA,False,False,False,True
learning_curve|Bios|seed=12|fraction=0.1|gamma=1|tau=0.2|lambda=0.6,learning_curve,Bios,12,0.1,779,1.0,0.2,0.6,external_balanced_oracle,False,,,0.0,True,NA,False,False,False,True
learning_curve|Bios|seed=12|fraction=0.1|gamma=1|tau=0.2|lambda=0.7,learning_curve,Bios,12,0.1,779,1.0,0.2,0.7,always_deploy_balanced,True,TaCo::components_removed=5,TaCo,0.0,True,False,True,False,False,True
learning_curve|Bios|seed=12|fraction=0.1|gamma=1|tau=0.2|lambda=0.7,learning_curve,Bios,12,0.1,779,1.0,0.2,0.7,point_selection_balanced,False,,,0.0,True,NA,False,False,False,True
learning_curve|Bios|seed=12|fraction=0.1|gamma=1|tau=0.2|lambda=0.7,learning_curve,Bios,12,0.1,779,1.0,0.2,0.7,vera_balanced_iut,False,,,0.0,True,NA,False,False,False,True
learning_curve|Bios|seed=12|fraction=0.1|gamma=1|tau=0.2|lambda=0.7,learning_curve,Bios,12,0.1,779,1.0,0.2,0.7,vera_balanced_envelope,False,,,0.0,True,NA,False,False,False,True
learning_curve|Bios|seed=12|fraction=0.1|gamma=1|tau=0.2|lambda=0.7,learning_curve,Bios,12,0.1,779,1.0,0.2,0.7,external_balanced_oracle,False,,,0.0,True,NA,False,False,False,True
learning_curve|Bios|seed=12|fraction=0.1|gamma=1|tau=0.2|lambda=0.8,learning_curve,Bios,12,0.1,779,1.0,0.2,0.8,always_deploy_balanced,True,TaCo::components_removed=5,TaCo,0.0,True,False,True,False,False,True
learning_curve|Bios|seed=12|fraction=0.1|gamma=1|tau=0.2|lambda=0.8,learning_curve,Bios,12,0.1,779,1.0,0.2,0.8,point_selection_balanced,False,,,0.0,True,NA,False,False,False,True
learning_curve|Bios|seed=12|fraction=0.1|gamma=1|tau=0.2|lambda=0.8,learning_curve,Bios,12,0.1,779,1.0,0.2,0.8,vera_balanced_iut,False,,,0.0,True,NA,False,False,False,True
learning_curve|Bios|seed=12|fraction=0.1|gamma=1|tau=0.2|lambda=0.8,learning_curve,Bios,12,0.1,779,1.0,0.2,0.8,vera_balanced_envelope,False,,,0.0,True,NA,False,False,False,True
learning_curve|Bios|seed=12|fraction=0.1|gamma=1|tau=0.2|lambda=0.8,learning_curve,Bios,12,0.1,779,1.0,0.2,0.8,external_balanced_oracle,False,,,0.0,True,NA,False,False,False,True
learning_curve|Bios|seed=12|fraction=0.25|gamma=1|tau=0.05|lambda=0.6,learning_curve,Bios,12,0.25,1980,1.0,0.05,0.6,always_deploy_balanced,True,TaCo::components_removed=5,TaCo,0.0,True,False,True,False,False,True
learning_curve|Bios|seed=12|fraction=0.25|gamma=1|tau=0.05|lambda=0.6,learning_curve,Bios,12,0.25,1980,1.0,0.05,0.6,point_selection_balanced,False,,,0.0,True,NA,False,False,False,True
learning_curve|Bios|seed=12|fraction=0.25|gamma=1|tau=0.05|lambda=0.6,learning_curve,Bios,12,0.25,1980,1.0,0.05,0.6,vera_balanced_iut,False,,,0.0,True,NA,False,False,False,True
learning_curve|Bios|seed=12|fraction=0.25|gamma=1|tau=0.05|lambda=0.6,learning_curve,Bios,12,0.25,1980,1.0,0.05,0.6,vera_balanced_envelope,False,,,0.0,True,NA,False,False,False,True
learning_curve|Bios|seed=12|fraction=0.25|gamma=1|tau=0.05|lambda=0.6,learning_curve,Bios,12,0.25,1980,1.0,0.05,0.6,external_balanced_oracle,False,,,0.0,True,NA,False,False,False,True
learning_curve|Bios|seed=12|fraction=0.25|gamma=1|tau=0.05|lambda=0.7,learning_curve,Bios,12,0.25,1980,1.0,0.05,0.7,always_deploy_balanced,True,TaCo::components_removed=5,TaCo,0.0,True,False,True,False,False,True
learning_curve|Bios|seed=12|fraction=0.25|gamma=1|tau=0.05|lambda=0.7,learning_curve,Bios,12,0.25,1980,1.0,0.05,0.7,point_selection_balanced,False,,,0.0,True,NA,False,False,False,True
learning_curve|Bios|seed=12|fraction=0.25|gamma=1|tau=0.05|lambda=0.7,learning_curve,Bios,12,0.25,1980,1.0,0.05,0.7,vera_balanced_iut,False,,,0.0,True,NA,False,False,False,True
learning_curve|Bios|seed=12|fraction=0.25|gamma=1|tau=0.05|lambda=0.7,learning_curve,Bios,12,0.25,1980,1.0,0.05,0.7,vera_balanced_envelope,False,,,0.0,True,NA,False,False,False,True
learning_curve|Bios|seed=12|fraction=0.25|gamma=1|tau=0.05|lambda=0.7,learning_curve,Bios,12,0.25,1980,1.0,0.05,0.7,external_balanced_oracle,False,,,0.0,True,NA,False,False,False,True
learning_curve|Bios|seed=12|fraction=0.25|gamma=1|tau=0.05|lambda=0.8,learning_curve,Bios,12,0.25,1980,1.0,0.05,0.8,always_deploy_balanced,True,TaCo::components_removed=5,TaCo,0.0,True,False,True,False,False,True
learning_curve|Bios|seed=12|fraction=0.25|gamma=1|tau=0.05|lambda=0.8,learning_curve,Bios,12,0.25,1980,1.0,0.05,0.8,point_selection_balanced,False,,,0.0,True,NA,False,False,False,True
learning_curve|Bios|seed=12|fraction=0.25|gamma=1|tau=0.05|lambda=0.8,learning_curve,Bios,12,0.25,1980,1.0,0.05,0.8,vera_balanced_iut,False,,,0.0,True,NA,False,False,False,True
learning_curve|Bios|seed=12|fraction=0.25|gamma=1|tau=0.05|lambda=0.8,learning_curve,Bios,12,0.25,1980,1.0,0.05,0.8,vera_balanced_envelope,False,,,0.0,True,NA,False,False,False,True
learning_curve|Bios|seed=12|fraction=0.25|gamma=1|tau=0.05|lambda=0.8,learning_curve,Bios,12,0.25,1980,1.0,0.05,0.8,external_balanced_oracle,False,,,0.0,True,NA,False,False,False,True
learning_curve|Bios|seed=12|fraction=0.25|gamma=1|tau=0.1|lambda=0.6,learning_curve,Bios,12,0.25,1980,1.0,0.1,0.6,always_deploy_balanced,True,TaCo::components_removed=5,TaCo,0.0,True,False,True,False,False,True
learning_curve|Bios|seed=12|fraction=0.25|gamma=1|tau=0.1|lambda=0.6,learning_curve,Bios,12,0.25,1980,1.0,0.1,0.6,point_selection_balanced,False,,,0.0,True,NA,False,False,False,True
learning_curve|Bios|seed=12|fraction=0.25|gamma=1|tau=0.1|lambda=0.6,learning_curve,Bios,12,0.25,1980,1.0,0.1,0.6,vera_balanced_iut,False,,,0.0,True,NA,False,False,False,True
learning_curve|Bios|seed=12|fraction=0.25|gamma=1|tau=0.1|lambda=0.6,learning_curve,Bios,12,0.25,1980,1.0,0.1,0.6,vera_balanced_envelope,False,,,0.0,True,NA,False,False,False,True
learning_curve|Bios|seed=12|fraction=0.25|gamma=1|tau=0.1|lambda=0.6,learning_curve,Bios,12,0.25,1980,1.0,0.1,0.6,external_balanced_oracle,False,,,0.0,True,NA,False,False,False,True
learning_curve|Bios|seed=12|fraction=0.25|gamma=1|tau=0.1|lambda=0.7,learning_curve,Bios,12,0.25,1980,1.0,0.1,0.7,always_deploy_balanced,True,TaCo::components_removed=5,TaCo,0.0,True,False,True,False,False,True
learning_curve|Bios|seed=12|fraction=0.25|gamma=1|tau=0.1|lambda=0.7,learning_curve,Bios,12,0.25,1980,1.0,0.1,0.7,point_selection_balanced,False,,,0.0,True,NA,False,False,False,True
learning_curve|Bios|seed=12|fraction=0.25|gamma=1|tau=0.1|lambda=0.7,learning_curve,Bios,12,0.25,1980,1.0,0.1,0.7,vera_balanced_iut,False,,,0.0,True,NA,False,False,False,True
learning_curve|Bios|seed=12|fraction=0.25|gamma=1|tau=0.1|lambda=0.7,learning_curve,Bios,12,0.25,1980,1.0,0.1,0.7,vera_balanced_envelope,False,,,0.0,True,NA,False,False,False,True
learning_curve|Bios|seed=12|fraction=0.25|gamma=1|tau=0.1|lambda=0.7,learning_curve,Bios,12,0.25,1980,1.0,0.1,0.7,external_balanced_oracle,False,,,0.0,True,NA,False,False,False,True
learning_curve|Bios|seed=12|fraction=0.25|gamma=1|tau=0.1|lambda=0.8,learning_curve,Bios,12,0.25,1980,1.0,0.1,0.8,always_deploy_balanced,True,TaCo::components_removed=5,TaCo,0.0,True,False,True,False,False,True
learning_curve|Bios|seed=12|fraction=0.25|gamma=1|tau=0.1|lambda=0.8,learning_curve,Bios,12,0.25,1980,1.0,0.1,0.8,point_selection_balanced,False,,,0.0,True,NA,False,False,False,True
learning_curve|Bios|seed=12|fraction=0.25|gamma=1|tau=0.1|lambda=0.8,learning_curve,Bios,12,0.25,1980,1.0,0.1,0.8,vera_balanced_iut,False,,,0.0,True,NA,False,False,False,True
learning_curve|Bios|seed=12|fraction=0.25|gamma=1|tau=0.1|lambda=0.8,learning_curve,Bios,12,0.25,1980,1.0,0.1,0.8,vera_balanced_envelope,False,,,0.0,True,NA,False,False,False,True
learning_curve|Bios|seed=12|fraction=0.25|gamma=1|tau=0.1|lambda=0.8,learning_curve,Bios,12,0.25,1980,1.0,0.1,0.8,external_balanced_oracle,False,,,0.0,True,NA,False,False,False,True
learning_curve|Bios|seed=12|fraction=0.25|gamma=1|tau=0.2|lambda=0.6,learning_curve,Bios,12,0.25,1980,1.0,0.2,0.6,always_deploy_balanced,True,TaCo::components_removed=5,TaCo,0.0,True,False,True,False,False,True
learning_curve|Bios|seed=12|fraction=0.25|gamma=1|tau=0.2|lambda=0.6,learning_curve,Bios,12,0.25,1980,1.0,0.2,0.6,point_selection_balanced,False,,,0.0,True,NA,False,False,False,True
learning_curve|Bios|seed=12|fraction=0.25|gamma=1|tau=0.2|lambda=0.6,learning_curve,Bios,12,0.25,1980,1.0,0.2,0.6,vera_balanced_iut,False,,,0.0,True,NA,False,False,False,True
learning_curve|Bios|seed=12|fraction=0.25|gamma=1|tau=0.2|lambda=0.6,learning_curve,Bios,12,0.25,1980,1.0,0.2,0.6,vera_balanced_envelope,False,,,0.0,True,NA,False,False,False,True
learning_curve|Bios|seed=12|fraction=0.25|gamma=1|tau=0.2|lambda=0.6,learning_curve,Bios,12,0.25,1980,1.0,0.2,0.6,external_balanced_oracle,False,,,0.0,True,NA,False,False,False,True
learning_curve|Bios|seed=12|fraction=0.25|gamma=1|tau=0.2|lambda=0.7,learning_curve,Bios,12,0.25,1980,1.0,0.2,0.7,always_deploy_balanced,True,TaCo::components_removed=5,TaCo,0.0,True,False,True,False,False,True
learning_curve|Bios|seed=12|fraction=0.25|gamma=1|tau=0.2|lambda=0.7,learning_curve,Bios,12,0.25,1980,1.0,0.2,0.7,point_selection_balanced,False,,,0.0,True,NA,False,False,False,True
learning_curve|Bios|seed=12|fraction=0.25|gamma=1|tau=0.2|lambda=0.7,learning_curve,Bios,12,0.25,1980,1.0,0.2,0.7,vera_balanced_iut,False,,,0.0,True,NA,False,False,False,True
learning_curve|Bios|seed=12|fraction=0.25|gamma=1|tau=0.2|lambda=0.7,learning_curve,Bios,12,0.25,1980,1.0,0.2,0.7,vera_balanced_envelope,False,,,0.0,True,NA,False,False,False,True
learning_curve|Bios|seed=12|fraction=0.25|gamma=1|tau=0.2|lambda=0.7,learning_curve,Bios,12,0.25,1980,1.0,0.2,0.7,external_balanced_oracle,False,,,0.0,True,NA,False,False,False,True
learning_curve|Bios|seed=12|fraction=0.25|gamma=1|tau=0.2|lambda=0.8,learning_curve,Bios,12,0.25,1980,1.0,0.2,0.8,always_deploy_balanced,True,TaCo::components_removed=5,TaCo,0.0,True,False,True,False,False,True
learning_curve|Bios|seed=12|fraction=0.25|gamma=1|tau=0.2|lambda=0.8,learning_curve,Bios,12,0.25,1980,1.0,0.2,0.8,point_selection_balanced,False,,,0.0,True,NA,False,False,False,True
learning_curve|Bios|seed=12|fraction=0.25|gamma=1|tau=0.2|lambda=0.8,learning_curve,Bios,12,0.25,1980,1.0,0.2,0.8,vera_balanced_iut,False,,,0.0,True,NA,False,False,False,True
learning_curve|Bios|seed=12|fraction=0.25|gamma=1|tau=0.2|lambda=0.8,learning_curve,Bios,12,0.25,1980,1.0,0.2,0.8,vera_balanced_envelope,False,,,0.0,True,NA,False,False,False,True
learning_curve|Bios|seed=12|fraction=0.25|gamma=1|tau=0.2|lambda=0.8,learning_curve,Bios,12,0.25,1980,1.0,0.2,0.8,external_balanced_oracle,False,,,0.0,True,NA,False,False,False,True
learning_curve|Bios|seed=12|fraction=0.5|gamma=1|tau=0.05|lambda=0.6,learning_curve,Bios,12,0.5,3987,1.0,0.05,0.6,always_deploy_balanced,True,TaCo::components_removed=5,TaCo,0.0,True,False,True,False,False,True
learning_curve|Bios|seed=12|fraction=0.5|gamma=1|tau=0.05|lambda=0.6,learning_curve,Bios,12,0.5,3987,1.0,0.05,0.6,point_selection_balanced,False,,,0.0,True,NA,False,False,False,True
learning_curve|Bios|seed=12|fraction=0.5|gamma=1|tau=0.05|lambda=0.6,learning_curve,Bios,12,0.5,3987,1.0,0.05,0.6,vera_balanced_iut,False,,,0.0,True,NA,False,False,False,True
learning_curve|Bios|seed=12|fraction=0.5|gamma=1|tau=0.05|lambda=0.6,learning_curve,Bios,12,0.5,3987,1.0,0.05,0.6,vera_balanced_envelope,False,,,0.0,True,NA,False,False,False,True
learning_curve|Bios|seed=12|fraction=0.5|gamma=1|tau=0.05|lambda=0.6,learning_curve,Bios,12,0.5,3987,1.0,0.05,0.6,external_balanced_oracle,False,,,0.0,True,NA,False,False,False,True
learning_curve|Bios|seed=12|fraction=0.5|gamma=1|tau=0.05|lambda=0.7,learning_curve,Bios,12,0.5,3987,1.0,0.05,0.7,always_deploy_balanced,True,TaCo::components_removed=5,TaCo,0.0,True,False,True,False,False,True
learning_curve|Bios|seed=12|fraction=0.5|gamma=1|tau=0.05|lambda=0.7,learning_curve,Bios,12,0.5,3987,1.0,0.05,0.7,point_selection_balanced,False,,,0.0,True,NA,False,False,False,True
learning_curve|Bios|seed=12|fraction=0.5|gamma=1|tau=0.05|lambda=0.7,learning_curve,Bios,12,0.5,3987,1.0,0.05,0.7,vera_balanced_iut,False,,,0.0,True,NA,False,False,False,True
learning_curve|Bios|seed=12|fraction=0.5|gamma=1|tau=0.05|lambda=0.7,learning_curve,Bios,12,0.5,3987,1.0,0.05,0.7,vera_balanced_envelope,False,,,0.0,True,NA,False,False,False,True
learning_curve|Bios|seed=12|fraction=0.5|gamma=1|tau=0.05|lambda=0.7,learning_curve,Bios,12,0.5,3987,1.0,0.05,0.7,external_balanced_oracle,False,,,0.0,True,NA,False,False,False,True
learning_curve|Bios|seed=12|fraction=0.5|gamma=1|tau=0.05|lambda=0.8,learning_curve,Bios,12,0.5,3987,1.0,0.05,0.8,always_deploy_balanced,True,TaCo::components_removed=5,TaCo,0.0,True,False,True,False,False,True
learning_curve|Bios|seed=12|fraction=0.5|gamma=1|tau=0.05|lambda=0.8,learning_curve,Bios,12,0.5,3987,1.0,0.05,0.8,point_selection_balanced,False,,,0.0,True,NA,False,False,False,True
learning_curve|Bios|seed=12|fraction=0.5|gamma=1|tau=0.05|lambda=0.8,learning_curve,Bios,12,0.5,3987,1.0,0.05,0.8,vera_balanced_iut,False,,,0.0,True,NA,False,False,False,True
learning_curve|Bios|seed=12|fraction=0.5|gamma=1|tau=0.05|lambda=0.8,learning_curve,Bios,12,0.5,3987,1.0,0.05,0.8,vera_balanced_envelope,False,,,0.0,True,NA,False,False,False,True
learning_curve|Bios|seed=12|fraction=0.5|gamma=1|tau=0.05|lambda=0.8,learning_curve,Bios,12,0.5,3987,1.0,0.05,0.8,external_balanced_oracle,False,,,0.0,True,NA,False,False,False,True
learning_curve|Bios|seed=12|fraction=0.5|gamma=1|tau=0.1|lambda=0.6,learning_curve,Bios,12,0.5,3987,1.0,0.1,0.6,always_deploy_balanced,True,TaCo::components_removed=5,TaCo,0.0,True,False,True,False,False,True
learning_curve|Bios|seed=12|fraction=0.5|gamma=1|tau=0.1|lambda=0.6,learning_curve,Bios,12,0.5,3987,1.0,0.1,0.6,point_selection_balanced,False,,,0.0,True,NA,False,False,False,True
learning_curve|Bios|seed=12|fraction=0.5|gamma=1|tau=0.1|lambda=0.6,learning_curve,Bios,12,0.5,3987,1.0,0.1,0.6,vera_balanced_iut,False,,,0.0,True,NA,False,False,False,True
learning_curve|Bios|seed=12|fraction=0.5|gamma=1|tau=0.1|lambda=0.6,learning_curve,Bios,12,0.5,3987,1.0,0.1,0.6,vera_balanced_envelope,False,,,0.0,True,NA,False,False,False,True
learning_curve|Bios|seed=12|fraction=0.5|gamma=1|tau=0.1|lambda=0.6,learning_curve,Bios,12,0.5,3987,1.0,0.1,0.6,external_balanced_oracle,False,,,0.0,True,NA,False,False,False,True
learning_curve|Bios|seed=12|fraction=0.5|gamma=1|tau=0.1|lambda=0.7,learning_curve,Bios,12,0.5,3987,1.0,0.1,0.7,always_deploy_balanced,True,TaCo::components_removed=5,TaCo,0.0,True,False,True,False,False,True
learning_curve|Bios|seed=12|fraction=0.5|gamma=1|tau=0.1|lambda=0.7,learning_curve,Bios,12,0.5,3987,1.0,0.1,0.7,point_selection_balanced,False,,,0.0,True,NA,False,False,False,True
learning_curve|Bios|seed=12|fraction=0.5|gamma=1|tau=0.1|lambda=0.7,learning_curve,Bios,12,0.5,3987,1.0,0.1,0.7,vera_balanced_iut,False,,,0.0,True,NA,False,False,False,True
learning_curve|Bios|seed=12|fraction=0.5|gamma=1|tau=0.1|lambda=0.7,learning_curve,Bios,12,0.5,3987,1.0,0.1,0.7,vera_balanced_envelope,False,,,0.0,True,NA,False,False,False,True
learning_curve|Bios|seed=12|fraction=0.5|gamma=1|tau=0.1|lambda=0.7,learning_curve,Bios,12,0.5,3987,1.0,0.1,0.7,external_balanced_oracle,False,,,0.0,True,NA,False,False,False,True
learning_curve|Bios|seed=12|fraction=0.5|gamma=1|tau=0.1|lambda=0.8,learning_curve,Bios,12,0.5,3987,1.0,0.1,0.8,always_deploy_balanced,True,TaCo::components_removed=5,TaCo,0.0,True,False,True,False,False,True
learning_curve|Bios|seed=12|fraction=0.5|gamma=1|tau=0.1|lambda=0.8,learning_curve,Bios,12,0.5,3987,1.0,0.1,0.8,point_selection_balanced,False,,,0.0,True,NA,False,False,False,True
learning_curve|Bios|seed=12|fraction=0.5|gamma=1|tau=0.1|lambda=0.8,learning_curve,Bios,12,0.5,3987,1.0,0.1,0.8,vera_balanced_iut,False,,,0.0,True,NA,False,False,False,True
learning_curve|Bios|seed=12|fraction=0.5|gamma=1|tau=0.1|lambda=0.8,learning_curve,Bios,12,0.5,3987,1.0,0.1,0.8,vera_balanced_envelope,False,,,0.0,True,NA,False,False,False,True
learning_curve|Bios|seed=12|fraction=0.5|gamma=1|tau=0.1|lambda=0.8,learning_curve,Bios,12,0.5,3987,1.0,0.1,0.8,external_balanced_oracle,False,,,0.0,True,NA,False,False,False,True
learning_curve|Bios|seed=12|fraction=0.5|gamma=1|tau=0.2|lambda=0.6,learning_curve,Bios,12,0.5,3987,1.0,0.2,0.6,always_deploy_balanced,True,TaCo::components_removed=5,TaCo,0.0,True,False,True,False,False,True
learning_curve|Bios|seed=12|fraction=0.5|gamma=1|tau=0.2|lambda=0.6,learning_curve,Bios,12,0.5,3987,1.0,0.2,0.6,point_selection_balanced,False,,,0.0,True,NA,False,False,False,True
learning_curve|Bios|seed=12|fraction=0.5|gamma=1|tau=0.2|lambda=0.6,learning_curve,Bios,12,0.5,3987,1.0,0.2,0.6,vera_balanced_iut,False,,,0.0,True,NA,False,False,False,True
learning_curve|Bios|seed=12|fraction=0.5|gamma=1|tau=0.2|lambda=0.6,learning_curve,Bios,12,0.5,3987,1.0,0.2,0.6,vera_balanced_envelope,False,,,0.0,True,NA,False,False,False,True
learning_curve|Bios|seed=12|fraction=0.5|gamma=1|tau=0.2|lambda=0.6,learning_curve,Bios,12,0.5,3987,1.0,0.2,0.6,external_balanced_oracle,False,,,0.0,True,NA,False,False,False,True
learning_curve|Bios|seed=12|fraction=0.5|gamma=1|tau=0.2|lambda=0.7,learning_curve,Bios,12,0.5,3987,1.0,0.2,0.7,always_deploy_balanced,True,TaCo::components_removed=5,TaCo,0.0,True,False,True,False,False,True
learning_curve|Bios|seed=12|fraction=0.5|gamma=1|tau=0.2|lambda=0.7,learning_curve,Bios,12,0.5,3987,1.0,0.2,0.7,point_selection_balanced,False,,,0.0,True,NA,False,False,False,True
learning_curve|Bios|seed=12|fraction=0.5|gamma=1|tau=0.2|lambda=0.7,learning_curve,Bios,12,0.5,3987,1.0,0.2,0.7,vera_balanced_iut,False,,,0.0,True,NA,False,False,False,True
learning_curve|Bios|seed=12|fraction=0.5|gamma=1|tau=0.2|lambda=0.7,learning_curve,Bios,12,0.5,3987,1.0,0.2,0.7,vera_balanced_envelope,False,,,0.0,True,NA,False,False,False,True
learning_curve|Bios|seed=12|fraction=0.5|gamma=1|tau=0.2|lambda=0.7,learning_curve,Bios,12,0.5,3987,1.0,0.2,0.7,external_balanced_oracle,False,,,0.0,True,NA,False,False,False,True
learning_curve|Bios|seed=12|fraction=0.5|gamma=1|tau=0.2|lambda=0.8,learning_curve,Bios,12,0.5,3987,1.0,0.2,0.8,always_deploy_balanced,True,TaCo::components_removed=5,TaCo,0.0,True,False,True,False,False,True
learning_curve|Bios|seed=12|fraction=0.5|gamma=1|tau=0.2|lambda=0.8,learning_curve,Bios,12,0.5,3987,1.0,0.2,0.8,point_selection_balanced,False,,,0.0,True,NA,False,False,False,True
learning_curve|Bios|seed=12|fraction=0.5|gamma=1|tau=0.2|lambda=0.8,learning_curve,Bios,12,0.5,3987,1.0,0.2,0.8,vera_balanced_iut,False,,,0.0,True,NA,False,False,False,True
learning_curve|Bios|seed=12|fraction=0.5|gamma=1|tau=0.2|lambda=0.8,learning_curve,Bios,12,0.5,3987,1.0,0.2,0.8,vera_balanced_envelope,False,,,0.0,True,NA,False,False,False,True
learning_curve|Bios|seed=12|fraction=0.5|gamma=1|tau=0.2|lambda=0.8,learning_curve,Bios,12,0.5,3987,1.0,0.2,0.8,external_balanced_oracle,False,,,0.0,True,NA,False,False,False,True
primary|Bios|seed=12|fraction=1|gamma=1|tau=0.05|lambda=0.6,primary,Bios,12,1.0,8000,1.0,0.05,0.6,always_deploy_balanced,True,TaCo::components_removed=5,TaCo,0.0,True,False,True,False,False,True
primary|Bios|seed=12|fraction=1|gamma=1|tau=0.05|lambda=0.6,primary,Bios,12,1.0,8000,1.0,0.05,0.6,point_selection_balanced,False,,,0.0,True,NA,False,False,False,True
primary|Bios|seed=12|fraction=1|gamma=1|tau=0.05|lambda=0.6,primary,Bios,12,1.0,8000,1.0,0.05,0.6,vera_balanced_iut,False,,,0.0,True,NA,False,False,False,True
primary|Bios|seed=12|fraction=1|gamma=1|tau=0.05|lambda=0.6,primary,Bios,12,1.0,8000,1.0,0.05,0.6,vera_balanced_envelope,False,,,0.0,True,NA,False,False,False,True
primary|Bios|seed=12|fraction=1|gamma=1|tau=0.05|lambda=0.6,primary,Bios,12,1.0,8000,1.0,0.05,0.6,external_balanced_oracle,False,,,0.0,True,NA,False,False,False,True
primary|Bios|seed=12|fraction=1|gamma=1|tau=0.05|lambda=0.7,primary,Bios,12,1.0,8000,1.0,0.05,0.7,always_deploy_balanced,True,TaCo::components_removed=5,TaCo,0.0,True,False,True,False,False,True
primary|Bios|seed=12|fraction=1|gamma=1|tau=0.05|lambda=0.7,primary,Bios,12,1.0,8000,1.0,0.05,0.7,point_selection_balanced,False,,,0.0,True,NA,False,False,False,True
primary|Bios|seed=12|fraction=1|gamma=1|tau=0.05|lambda=0.7,primary,Bios,12,1.0,8000,1.0,0.05,0.7,vera_balanced_iut,False,,,0.0,True,NA,False,False,False,True
primary|Bios|seed=12|fraction=1|gamma=1|tau=0.05|lambda=0.7,primary,Bios,12,1.0,8000,1.0,0.05,0.7,vera_balanced_envelope,False,,,0.0,True,NA,False,False,False,True
primary|Bios|seed=12|fraction=1|gamma=1|tau=0.05|lambda=0.7,primary,Bios,12,1.0,8000,1.0,0.05,0.7,external_balanced_oracle,False,,,0.0,True,NA,False,False,False,True
primary|Bios|seed=12|fraction=1|gamma=1|tau=0.05|lambda=0.8,primary,Bios,12,1.0,8000,1.0,0.05,0.8,always_deploy_balanced,True,TaCo::components_removed=5,TaCo,0.0,True,False,True,False,False,True
primary|Bios|seed=12|fraction=1|gamma=1|tau=0.05|lambda=0.8,primary,Bios,12,1.0,8000,1.0,0.05,0.8,point_selection_balanced,False,,,0.0,True,NA,False,False,False,True
primary|Bios|seed=12|fraction=1|gamma=1|tau=0.05|lambda=0.8,primary,Bios,12,1.0,8000,1.0,0.05,0.8,vera_balanced_iut,False,,,0.0,True,NA,False,False,False,True
primary|Bios|seed=12|fraction=1|gamma=1|tau=0.05|lambda=0.8,primary,Bios,12,1.0,8000,1.0,0.05,0.8,vera_balanced_envelope,False,,,0.0,True,NA,False,False,False,True
primary|Bios|seed=12|fraction=1|gamma=1|tau=0.05|lambda=0.8,primary,Bios,12,1.0,8000,1.0,0.05,0.8,external_balanced_oracle,False,,,0.0,True,NA,False,False,False,True
primary|Bios|seed=12|fraction=1|gamma=1|tau=0.1|lambda=0.6,primary,Bios,12,1.0,8000,1.0,0.1,0.6,always_deploy_balanced,True,TaCo::components_removed=5,TaCo,0.0,True,False,True,False,False,True
primary|Bios|seed=12|fraction=1|gamma=1|tau=0.1|lambda=0.6,primary,Bios,12,1.0,8000,1.0,0.1,0.6,point_selection_balanced,False,,,0.0,True,NA,False,False,False,True
primary|Bios|seed=12|fraction=1|gamma=1|tau=0.1|lambda=0.6,primary,Bios,12,1.0,8000,1.0,0.1,0.6,vera_balanced_iut,False,,,0.0,True,NA,False,False,False,True
primary|Bios|seed=12|fraction=1|gamma=1|tau=0.1|lambda=0.6,primary,Bios,12,1.0,8000,1.0,0.1,0.6,vera_balanced_envelope,False,,,0.0,True,NA,False,False,False,True
primary|Bios|seed=12|fraction=1|gamma=1|tau=0.1|lambda=0.6,primary,Bios,12,1.0,8000,1.0,0.1,0.6,external_balanced_oracle,False,,,0.0,True,NA,False,False,False,True
primary|Bios|seed=12|fraction=1|gamma=1|tau=0.1|lambda=0.7,primary,Bios,12,1.0,8000,1.0,0.1,0.7,always_deploy_balanced,True,TaCo::components_removed=5,TaCo,0.0,True,False,True,False,False,True
primary|Bios|seed=12|fraction=1|gamma=1|tau=0.1|lambda=0.7,primary,Bios,12,1.0,8000,1.0,0.1,0.7,point_selection_balanced,False,,,0.0,True,NA,False,False,False,True
primary|Bios|seed=12|fraction=1|gamma=1|tau=0.1|lambda=0.7,primary,Bios,12,1.0,8000,1.0,0.1,0.7,vera_balanced_iut,False,,,0.0,True,NA,False,False,False,True
primary|Bios|seed=12|fraction=1|gamma=1|tau=0.1|lambda=0.7,primary,Bios,12,1.0,8000,1.0,0.1,0.7,vera_balanced_envelope,False,,,0.0,True,NA,False,False,False,True
primary|Bios|seed=12|fraction=1|gamma=1|tau=0.1|lambda=0.7,primary,Bios,12,1.0,8000,1.0,0.1,0.7,external_balanced_oracle,False,,,0.0,True,NA,False,False,False,True
primary|Bios|seed=12|fraction=1|gamma=1|tau=0.1|lambda=0.8,primary,Bios,12,1.0,8000,1.0,0.1,0.8,always_deploy_balanced,True,TaCo::components_removed=5,TaCo,0.0,True,False,True,False,False,True
primary|Bios|seed=12|fraction=1|gamma=1|tau=0.1|lambda=0.8,primary,Bios,12,1.0,8000,1.0,0.1,0.8,point_selection_balanced,False,,,0.0,True,NA,False,False,False,True
primary|Bios|seed=12|fraction=1|gamma=1|tau=0.1|lambda=0.8,primary,Bios,12,1.0,8000,1.0,0.1,0.8,vera_balanced_iut,False,,,0.0,True,NA,False,False,False,True
primary|Bios|seed=12|fraction=1|gamma=1|tau=0.1|lambda=0.8,primary,Bios,12,1.0,8000,1.0,0.1,0.8,vera_balanced_envelope,False,,,0.0,True,NA,False,False,False,True
primary|Bios|seed=12|fraction=1|gamma=1|tau=0.1|lambda=0.8,primary,Bios,12,1.0,8000,1.0,0.1,0.8,external_balanced_oracle,False,,,0.0,True,NA,False,False,False,True
primary|Bios|seed=12|fraction=1|gamma=1|tau=0.2|lambda=0.6,primary,Bios,12,1.0,8000,1.0,0.2,0.6,always_deploy_balanced,True,TaCo::components_removed=5,TaCo,0.0,True,False,True,False,False,True
primary|Bios|seed=12|fraction=1|gamma=1|tau=0.2|lambda=0.6,primary,Bios,12,1.0,8000,1.0,0.2,0.6,point_selection_balanced,False,,,0.0,True,NA,False,False,False,True
primary|Bios|seed=12|fraction=1|gamma=1|tau=0.2|lambda=0.6,primary,Bios,12,1.0,8000,1.0,0.2,0.6,vera_balanced_iut,False,,,0.0,True,NA,False,False,False,True
primary|Bios|seed=12|fraction=1|gamma=1|tau=0.2|lambda=0.6,primary,Bios,12,1.0,8000,1.0,0.2,0.6,vera_balanced_envelope,False,,,0.0,True,NA,False,False,False,True
primary|Bios|seed=12|fraction=1|gamma=1|tau=0.2|lambda=0.6,primary,Bios,12,1.0,8000,1.0,0.2,0.6,external_balanced_oracle,False,,,0.0,True,NA,False,False,False,True
primary|Bios|seed=12|fraction=1|gamma=1|tau=0.2|lambda=0.7,primary,Bios,12,1.0,8000,1.0,0.2,0.7,always_deploy_balanced,True,TaCo::components_removed=5,TaCo,0.0,True,False,True,False,False,True
primary|Bios|seed=12|fraction=1|gamma=1|tau=0.2|lambda=0.7,primary,Bios,12,1.0,8000,1.0,0.2,0.7,point_selection_balanced,False,,,0.0,True,NA,False,False,False,True
primary|Bios|seed=12|fraction=1|gamma=1|tau=0.2|lambda=0.7,primary,Bios,12,1.0,8000,1.0,0.2,0.7,vera_balanced_iut,False,,,0.0,True,NA,False,False,False,True
primary|Bios|seed=12|fraction=1|gamma=1|tau=0.2|lambda=0.7,primary,Bios,12,1.0,8000,1.0,0.2,0.7,vera_balanced_envelope,False,,,0.0,True,NA,False,False,False,True
primary|Bios|seed=12|fraction=1|gamma=1|tau=0.2|lambda=0.7,primary,Bios,12,1.0,8000,1.0,0.2,0.7,external_balanced_oracle,False,,,0.0,True,NA,False,False,False,True
primary|Bios|seed=12|fraction=1|gamma=1|tau=0.2|lambda=0.8,primary,Bios,12,1.0,8000,1.0,0.2,0.8,always_deploy_balanced,True,TaCo::components_removed=5,TaCo,0.0,True,False,True,False,False,True
primary|Bios|seed=12|fraction=1|gamma=1|tau=0.2|lambda=0.8,primary,Bios,12,1.0,8000,1.0,0.2,0.8,point_selection_balanced,False,,,0.0,True,NA,False,False,False,True
primary|Bios|seed=12|fraction=1|gamma=1|tau=0.2|lambda=0.8,primary,Bios,12,1.0,8000,1.0,0.2,0.8,vera_balanced_iut,False,,,0.0,True,NA,False,False,False,True
primary|Bios|seed=12|fraction=1|gamma=1|tau=0.2|lambda=0.8,primary,Bios,12,1.0,8000,1.0,0.2,0.8,vera_balanced_envelope,False,,,0.0,True,NA,False,False,False,True
primary|Bios|seed=12|fraction=1|gamma=1|tau=0.2|lambda=0.8,primary,Bios,12,1.0,8000,1.0,0.2,0.8,external_balanced_oracle,False,,,0.0,True,NA,False,False,False,True
shifted_sensitivity|Bios|seed=12|fraction=1|gamma=1.01|tau=0.05|lambda=0.6,shifted_sensitivity,Bios,12,1.0,8000,1.01,0.05,0.6,always_deploy_balanced,True,TaCo::components_removed=5,TaCo,0.0,True,False,True,False,False,True
shifted_sensitivity|Bios|seed=12|fraction=1|gamma=1.01|tau=0.05|lambda=0.6,shifted_sensitivity,Bios,12,1.0,8000,1.01,0.05,0.6,point_selection_balanced,False,,,0.0,True,NA,False,False,False,True
shifted_sensitivity|Bios|seed=12|fraction=1|gamma=1.01|tau=0.05|lambda=0.6,shifted_sensitivity,Bios,12,1.0,8000,1.01,0.05,0.6,vera_balanced_iut,False,,,0.0,True,NA,False,False,False,True
shifted_sensitivity|Bios|seed=12|fraction=1|gamma=1.01|tau=0.05|lambda=0.6,shifted_sensitivity,Bios,12,1.0,8000,1.01,0.05,0.6,vera_balanced_envelope,False,,,0.0,True,NA,False,False,False,True
shifted_sensitivity|Bios|seed=12|fraction=1|gamma=1.01|tau=0.05|lambda=0.6,shifted_sensitivity,Bios,12,1.0,8000,1.01,0.05,0.6,external_balanced_oracle,False,,,0.0,True,NA,False,False,False,True
shifted_sensitivity|Bios|seed=12|fraction=1|gamma=1.01|tau=0.05|lambda=0.7,shifted_sensitivity,Bios,12,1.0,8000,1.01,0.05,0.7,always_deploy_balanced,True,TaCo::components_removed=5,TaCo,0.0,True,False,True,False,False,True
shifted_sensitivity|Bios|seed=12|fraction=1|gamma=1.01|tau=0.05|lambda=0.7,shifted_sensitivity,Bios,12,1.0,8000,1.01,0.05,0.7,point_selection_balanced,False,,,0.0,True,NA,False,False,False,True
shifted_sensitivity|Bios|seed=12|fraction=1|gamma=1.01|tau=0.05|lambda=0.7,shifted_sensitivity,Bios,12,1.0,8000,1.01,0.05,0.7,vera_balanced_iut,False,,,0.0,True,NA,False,False,False,True
shifted_sensitivity|Bios|seed=12|fraction=1|gamma=1.01|tau=0.05|lambda=0.7,shifted_sensitivity,Bios,12,1.0,8000,1.01,0.05,0.7,vera_balanced_envelope,False,,,0.0,True,NA,False,False,False,True
shifted_sensitivity|Bios|seed=12|fraction=1|gamma=1.01|tau=0.05|lambda=0.7,shifted_sensitivity,Bios,12,1.0,8000,1.01,0.05,0.7,external_balanced_oracle,False,,,0.0,True,NA,False,False,False,True
shifted_sensitivity|Bios|seed=12|fraction=1|gamma=1.01|tau=0.05|lambda=0.8,shifted_sensitivity,Bios,12,1.0,8000,1.01,0.05,0.8,always_deploy_balanced,True,TaCo::components_removed=5,TaCo,0.0,True,False,True,False,False,True
shifted_sensitivity|Bios|seed=12|fraction=1|gamma=1.01|tau=0.05|lambda=0.8,shifted_sensitivity,Bios,12,1.0,8000,1.01,0.05,0.8,point_selection_balanced,False,,,0.0,True,NA,False,False,False,True
shifted_sensitivity|Bios|seed=12|fraction=1|gamma=1.01|tau=0.05|lambda=0.8,shifted_sensitivity,Bios,12,1.0,8000,1.01,0.05,0.8,vera_balanced_iut,False,,,0.0,True,NA,False,False,False,True
shifted_sensitivity|Bios|seed=12|fraction=1|gamma=1.01|tau=0.05|lambda=0.8,shifted_sensitivity,Bios,12,1.0,8000,1.01,0.05,0.8,vera_balanced_envelope,False,,,0.0,True,NA,False,False,False,True
shifted_sensitivity|Bios|seed=12|fraction=1|gamma=1.01|tau=0.05|lambda=0.8,shifted_sensitivity,Bios,12,1.0,8000,1.01,0.05,0.8,external_balanced_oracle,False,,,0.0,True,NA,False,False,False,True
shifted_sensitivity|Bios|seed=12|fraction=1|gamma=1.01|tau=0.1|lambda=0.6,shifted_sensitivity,Bios,12,1.0,8000,1.01,0.1,0.6,always_deploy_balanced,True,TaCo::components_removed=5,TaCo,0.0,True,False,True,False,False,True
shifted_sensitivity|Bios|seed=12|fraction=1|gamma=1.01|tau=0.1|lambda=0.6,shifted_sensitivity,Bios,12,1.0,8000,1.01,0.1,0.6,point_selection_balanced,False,,,0.0,True,NA,False,False,False,True
shifted_sensitivity|Bios|seed=12|fraction=1|gamma=1.01|tau=0.1|lambda=0.6,shifted_sensitivity,Bios,12,1.0,8000,1.01,0.1,0.6,vera_balanced_iut,False,,,0.0,True,NA,False,False,False,True
shifted_sensitivity|Bios|seed=12|fraction=1|gamma=1.01|tau=0.1|lambda=0.6,shifted_sensitivity,Bios,12,1.0,8000,1.01,0.1,0.6,vera_balanced_envelope,False,,,0.0,True,NA,False,False,False,True
shifted_sensitivity|Bios|seed=12|fraction=1|gamma=1.01|tau=0.1|lambda=0.6,shifted_sensitivity,Bios,12,1.0,8000,1.01,0.1,0.6,external_balanced_oracle,False,,,0.0,True,NA,False,False,False,True
shifted_sensitivity|Bios|seed=12|fraction=1|gamma=1.01|tau=0.1|lambda=0.7,shifted_sensitivity,Bios,12,1.0,8000,1.01,0.1,0.7,always_deploy_balanced,True,TaCo::components_removed=5,TaCo,0.0,True,False,True,False,False,True
shifted_sensitivity|Bios|seed=12|fraction=1|gamma=1.01|tau=0.1|lambda=0.7,shifted_sensitivity,Bios,12,1.0,8000,1.01,0.1,0.7,point_selection_balanced,False,,,0.0,True,NA,False,False,False,True
shifted_sensitivity|Bios|seed=12|fraction=1|gamma=1.01|tau=0.1|lambda=0.7,shifted_sensitivity,Bios,12,1.0,8000,1.01,0.1,0.7,vera_balanced_iut,False,,,0.0,True,NA,False,False,False,True
shifted_sensitivity|Bios|seed=12|fraction=1|gamma=1.01|tau=0.1|lambda=0.7,shifted_sensitivity,Bios,12,1.0,8000,1.01,0.1,0.7,vera_balanced_envelope,False,,,0.0,True,NA,False,False,False,True
shifted_sensitivity|Bios|seed=12|fraction=1|gamma=1.01|tau=0.1|lambda=0.7,shifted_sensitivity,Bios,12,1.0,8000,1.01,0.1,0.7,external_balanced_oracle,False,,,0.0,True,NA,False,False,False,True
shifted_sensitivity|Bios|seed=12|fraction=1|gamma=1.01|tau=0.1|lambda=0.8,shifted_sensitivity,Bios,12,1.0,8000,1.01,0.1,0.8,always_deploy_balanced,True,TaCo::components_removed=5,TaCo,0.0,True,False,True,False,False,True
shifted_sensitivity|Bios|seed=12|fraction=1|gamma=1.01|tau=0.1|lambda=0.8,shifted_sensitivity,Bios,12,1.0,8000,1.01,0.1,0.8,point_selection_balanced,False,,,0.0,True,NA,False,False,False,True
shifted_sensitivity|Bios|seed=12|fraction=1|gamma=1.01|tau=0.1|lambda=0.8,shifted_sensitivity,Bios,12,1.0,8000,1.01,0.1,0.8,vera_balanced_iut,False,,,0.0,True,NA,False,False,False,True
shifted_sensitivity|Bios|seed=12|fraction=1|gamma=1.01|tau=0.1|lambda=0.8,shifted_sensitivity,Bios,12,1.0,8000,1.01,0.1,0.8,vera_balanced_envelope,False,,,0.0,True,NA,False,False,False,True
shifted_sensitivity|Bios|seed=12|fraction=1|gamma=1.01|tau=0.1|lambda=0.8,shifted_sensitivity,Bios,12,1.0,8000,1.01,0.1,0.8,external_balanced_oracle,False,,,0.0,True,NA,False,False,False,True
shifted_sensitivity|Bios|seed=12|fraction=1|gamma=1.01|tau=0.2|lambda=0.6,shifted_sensitivity,Bios,12,1.0,8000,1.01,0.2,0.6,always_deploy_balanced,True,TaCo::components_removed=5,TaCo,0.0,True,False,True,False,False,True
shifted_sensitivity|Bios|seed=12|fraction=1|gamma=1.01|tau=0.2|lambda=0.6,shifted_sensitivity,Bios,12,1.0,8000,1.01,0.2,0.6,point_selection_balanced,False,,,0.0,True,NA,False,False,False,True
shifted_sensitivity|Bios|seed=12|fraction=1|gamma=1.01|tau=0.2|lambda=0.6,shifted_sensitivity,Bios,12,1.0,8000,1.01,0.2,0.6,vera_balanced_iut,False,,,0.0,True,NA,False,False,False,True
shifted_sensitivity|Bios|seed=12|fraction=1|gamma=1.01|tau=0.2|lambda=0.6,shifted_sensitivity,Bios,12,1.0,8000,1.01,0.2,0.6,vera_balanced_envelope,False,,,0.0,True,NA,False,False,False,True
shifted_sensitivity|Bios|seed=12|fraction=1|gamma=1.01|tau=0.2|lambda=0.6,shifted_sensitivity,Bios,12,1.0,8000,1.01,0.2,0.6,external_balanced_oracle,False,,,0.0,True,NA,False,False,False,True
shifted_sensitivity|Bios|seed=12|fraction=1|gamma=1.01|tau=0.2|lambda=0.7,shifted_sensitivity,Bios,12,1.0,8000,1.01,0.2,0.7,always_deploy_balanced,True,TaCo::components_removed=5,TaCo,0.0,True,False,True,False,False,True
shifted_sensitivity|Bios|seed=12|fraction=1|gamma=1.01|tau=0.2|lambda=0.7,shifted_sensitivity,Bios,12,1.0,8000,1.01,0.2,0.7,point_selection_balanced,False,,,0.0,True,NA,False,False,False,True
shifted_sensitivity|Bios|seed=12|fraction=1|gamma=1.01|tau=0.2|lambda=0.7,shifted_sensitivity,Bios,12,1.0,8000,1.01,0.2,0.7,vera_balanced_iut,False,,,0.0,True,NA,False,False,False,True
shifted_sensitivity|Bios|seed=12|fraction=1|gamma=1.01|tau=0.2|lambda=0.7,shifted_sensitivity,Bios,12,1.0,8000,1.01,0.2,0.7,vera_balanced_envelope,False,,,0.0,True,NA,False,False,False,True
shifted_sensitivity|Bios|seed=12|fraction=1|gamma=1.01|tau=0.2|lambda=0.7,shifted_sensitivity,Bios,12,1.0,8000,1.01,0.2,0.7,external_balanced_oracle,False,,,0.0,True,NA,False,False,False,True
shifted_sensitivity|Bios|seed=12|fraction=1|gamma=1.01|tau=0.2|lambda=0.8,shifted_sensitivity,Bios,12,1.0,8000,1.01,0.2,0.8,always_deploy_balanced,True,TaCo::components_removed=5,TaCo,0.0,True,False,True,False,False,True
shifted_sensitivity|Bios|seed=12|fraction=1|gamma=1.01|tau=0.2|lambda=0.8,shifted_sensitivity,Bios,12,1.0,8000,1.01,0.2,0.8,point_selection_balanced,False,,,0.0,True,NA,False,False,False,True
shifted_sensitivity|Bios|seed=12|fraction=1|gamma=1.01|tau=0.2|lambda=0.8,shifted_sensitivity,Bios,12,1.0,8000,1.01,0.2,0.8,vera_balanced_iut,False,,,0.0,True,NA,False,False,False,True
shifted_sensitivity|Bios|seed=12|fraction=1|gamma=1.01|tau=0.2|lambda=0.8,shifted_sensitivity,Bios,12,1.0,8000,1.01,0.2,0.8,vera_balanced_envelope,False,,,0.0,True,NA,False,False,False,True
shifted_sensitivity|Bios|seed=12|fraction=1|gamma=1.01|tau=0.2|lambda=0.8,shifted_sensitivity,Bios,12,1.0,8000,1.01,0.2,0.8,external_balanced_oracle,False,,,0.0,True,NA,False,False,False,True
learning_curve|GaitPDB|seed=5|fraction=0.05|gamma=1|tau=0.05|lambda=0.6,learning_curve,GaitPDB,5,0.05,4,1.0,0.05,0.6,always_deploy_balanced,True,TaCo::components_removed=3,TaCo,0.0,True,False,True,False,False,True
learning_curve|GaitPDB|seed=5|fraction=0.05|gamma=1|tau=0.05|lambda=0.6,learning_curve,GaitPDB,5,0.05,4,1.0,0.05,0.6,point_selection_balanced,False,,,0.0,True,NA,False,False,False,True
learning_curve|GaitPDB|seed=5|fraction=0.05|gamma=1|tau=0.05|lambda=0.6,learning_curve,GaitPDB,5,0.05,4,1.0,0.05,0.6,vera_balanced_iut,False,,,0.0,True,NA,False,False,False,True
learning_curve|GaitPDB|seed=5|fraction=0.05|gamma=1|tau=0.05|lambda=0.6,learning_curve,GaitPDB,5,0.05,4,1.0,0.05,0.6,vera_balanced_envelope,False,,,0.0,True,NA,False,False,False,True
learning_curve|GaitPDB|seed=5|fraction=0.05|gamma=1|tau=0.05|lambda=0.6,learning_curve,GaitPDB,5,0.05,4,1.0,0.05,0.6,external_balanced_oracle,True,INLP::rank=2,INLP,0.0,True,True,False,False,False,True
learning_curve|GaitPDB|seed=5|fraction=0.05|gamma=1|tau=0.05|lambda=0.7,learning_curve,GaitPDB,5,0.05,4,1.0,0.05,0.7,always_deploy_balanced,True,TaCo::components_removed=3,TaCo,0.0,True,False,True,False,False,True
learning_curve|GaitPDB|seed=5|fraction=0.05|gamma=1|tau=0.05|lambda=0.7,learning_curve,GaitPDB,5,0.05,4,1.0,0.05,0.7,point_selection_balanced,False,,,0.0,True,NA,False,False,False,True
learning_curve|GaitPDB|seed=5|fraction=0.05|gamma=1|tau=0.05|lambda=0.7,learning_curve,GaitPDB,5,0.05,4,1.0,0.05,0.7,vera_balanced_iut,False,,,0.0,True,NA,False,False,False,True
learning_curve|GaitPDB|seed=5|fraction=0.05|gamma=1|tau=0.05|lambda=0.7,learning_curve,GaitPDB,5,0.05,4,1.0,0.05,0.7,vera_balanced_envelope,False,,,0.0,True,NA,False,False,False,True
learning_curve|GaitPDB|seed=5|fraction=0.05|gamma=1|tau=0.05|lambda=0.7,learning_curve,GaitPDB,5,0.05,4,1.0,0.05,0.7,external_balanced_oracle,True,INLP::rank=2,INLP,0.0,True,True,False,False,False,True
learning_curve|GaitPDB|seed=5|fraction=0.05|gamma=1|tau=0.05|lambda=0.8,learning_curve,GaitPDB,5,0.05,4,1.0,0.05,0.8,always_deploy_balanced,True,TaCo::components_removed=3,TaCo,0.0,True,False,True,False,False,True
learning_curve|GaitPDB|seed=5|fraction=0.05|gamma=1|tau=0.05|lambda=0.8,learning_curve,GaitPDB,5,0.05,4,1.0,0.05,0.8,point_selection_balanced,True,INLP::rank=2,INLP,0.0,True,True,False,False,False,True
learning_curve|GaitPDB|seed=5|fraction=0.05|gamma=1|tau=0.05|lambda=0.8,learning_curve,GaitPDB,5,0.05,4,1.0,0.05,0.8,vera_balanced_iut,False,,,0.0,True,NA,False,False,False,True
learning_curve|GaitPDB|seed=5|fraction=0.05|gamma=1|tau=0.05|lambda=0.8,learning_curve,GaitPDB,5,0.05,4,1.0,0.05,0.8,vera_balanced_envelope,False,,,0.0,True,NA,False,False,False,True
learning_curve|GaitPDB|seed=5|fraction=0.05|gamma=1|tau=0.05|lambda=0.8,learning_curve,GaitPDB,5,0.05,4,1.0,0.05,0.8,external_balanced_oracle,True,INLP::rank=2,INLP,0.0,True,True,False,False,False,True
learning_curve|GaitPDB|seed=5|fraction=0.05|gamma=1|tau=0.1|lambda=0.6,learning_curve,GaitPDB,5,0.05,4,1.0,0.1,0.6,always_deploy_balanced,True,TaCo::components_removed=3,TaCo,0.0,True,False,True,False,False,True
learning_curve|GaitPDB|seed=5|fraction=0.05|gamma=1|tau=0.1|lambda=0.6,learning_curve,GaitPDB,5,0.05,4,1.0,0.1,0.6,point_selection_balanced,False,,,0.0,True,NA,False,False,False,True
learning_curve|GaitPDB|seed=5|fraction=0.05|gamma=1|tau=0.1|lambda=0.6,learning_curve,GaitPDB,5,0.05,4,1.0,0.1,0.6,vera_balanced_iut,False,,,0.0,True,NA,False,False,False,True
learning_curve|GaitPDB|seed=5|fraction=0.05|gamma=1|tau=0.1|lambda=0.6,learning_curve,GaitPDB,5,0.05,4,1.0,0.1,0.6,vera_balanced_envelope,False,,,0.0,True,NA,False,False,False,True
learning_curve|GaitPDB|seed=5|fraction=0.05|gamma=1|tau=0.1|lambda=0.6,learning_curve,GaitPDB,5,0.05,4,1.0,0.1,0.6,external_balanced_oracle,True,INLP::rank=2,INLP,0.0,True,True,False,False,False,True
learning_curve|GaitPDB|seed=5|fraction=0.05|gamma=1|tau=0.1|lambda=0.7,learning_curve,GaitPDB,5,0.05,4,1.0,0.1,0.7,always_deploy_balanced,True,TaCo::components_removed=3,TaCo,0.0,True,False,True,False,False,True
learning_curve|GaitPDB|seed=5|fraction=0.05|gamma=1|tau=0.1|lambda=0.7,learning_curve,GaitPDB,5,0.05,4,1.0,0.1,0.7,point_selection_balanced,False,,,0.0,True,NA,False,False,False,True
learning_curve|GaitPDB|seed=5|fraction=0.05|gamma=1|tau=0.1|lambda=0.7,learning_curve,GaitPDB,5,0.05,4,1.0,0.1,0.7,vera_balanced_iut,False,,,0.0,True,NA,False,False,False,True
learning_curve|GaitPDB|seed=5|fraction=0.05|gamma=1|tau=0.1|lambda=0.7,learning_curve,GaitPDB,5,0.05,4,1.0,0.1,0.7,vera_balanced_envelope,False,,,0.0,True,NA,False,False,False,True
learning_curve|GaitPDB|seed=5|fraction=0.05|gamma=1|tau=0.1|lambda=0.7,learning_curve,GaitPDB,5,0.05,4,1.0,0.1,0.7,external_balanced_oracle,True,INLP::rank=2,INLP,0.0,True,True,False,False,False,True
learning_curve|GaitPDB|seed=5|fraction=0.05|gamma=1|tau=0.1|lambda=0.8,learning_curve,GaitPDB,5,0.05,4,1.0,0.1,0.8,always_deploy_balanced,True,TaCo::components_removed=3,TaCo,0.0,True,False,True,False,False,True
learning_curve|GaitPDB|seed=5|fraction=0.05|gamma=1|tau=0.1|lambda=0.8,learning_curve,GaitPDB,5,0.05,4,1.0,0.1,0.8,point_selection_balanced,True,INLP::rank=2,INLP,0.0,True,True,False,False,False,True
learning_curve|GaitPDB|seed=5|fraction=0.05|gamma=1|tau=0.1|lambda=0.8,learning_curve,GaitPDB,5,0.05,4,1.0,0.1,0.8,vera_balanced_iut,False,,,0.0,True,NA,False,False,False,True
learning_curve|GaitPDB|seed=5|fraction=0.05|gamma=1|tau=0.1|lambda=0.8,learning_curve,GaitPDB,5,0.05,4,1.0,0.1,0.8,vera_balanced_envelope,False,,,0.0,True,NA,False,False,False,True
learning_curve|GaitPDB|seed=5|fraction=0.05|gamma=1|tau=0.1|lambda=0.8,learning_curve,GaitPDB,5,0.05,4,1.0,0.1,0.8,external_balanced_oracle,True,INLP::rank=2,INLP,0.0,True,True,False,False,False,True
learning_curve|GaitPDB|seed=5|fraction=0.05|gamma=1|tau=0.2|lambda=0.6,learning_curve,GaitPDB,5,0.05,4,1.0,0.2,0.6,always_deploy_balanced,True,TaCo::components_removed=3,TaCo,0.0,True,False,True,False,False,True
learning_curve|GaitPDB|seed=5|fraction=0.05|gamma=1|tau=0.2|lambda=0.6,learning_curve,GaitPDB,5,0.05,4,1.0,0.2,0.6,point_selection_balanced,False,,,0.0,True,NA,False,False,False,True
learning_curve|GaitPDB|seed=5|fraction=0.05|gamma=1|tau=0.2|lambda=0.6,learning_curve,GaitPDB,5,0.05,4,1.0,0.2,0.6,vera_balanced_iut,False,,,0.0,True,NA,False,False,False,True
learning_curve|GaitPDB|seed=5|fraction=0.05|gamma=1|tau=0.2|lambda=0.6,learning_curve,GaitPDB,5,0.05,4,1.0,0.2,0.6,vera_balanced_envelope,False,,,0.0,True,NA,False,False,False,True
learning_curve|GaitPDB|seed=5|fraction=0.05|gamma=1|tau=0.2|lambda=0.6,learning_curve,GaitPDB,5,0.05,4,1.0,0.2,0.6,external_balanced_oracle,True,INLP::rank=2,INLP,0.0,True,True,False,False,False,True
learning_curve|GaitPDB|seed=5|fraction=0.05|gamma=1|tau=0.2|lambda=0.7,learning_curve,GaitPDB,5,0.05,4,1.0,0.2,0.7,always_deploy_balanced,True,TaCo::components_removed=3,TaCo,0.0,True,False,True,False,False,True
learning_curve|GaitPDB|seed=5|fraction=0.05|gamma=1|tau=0.2|lambda=0.7,learning_curve,GaitPDB,5,0.05,4,1.0,0.2,0.7,point_selection_balanced,False,,,0.0,True,NA,False,False,False,True
learning_curve|GaitPDB|seed=5|fraction=0.05|gamma=1|tau=0.2|lambda=0.7,learning_curve,GaitPDB,5,0.05,4,1.0,0.2,0.7,vera_balanced_iut,False,,,0.0,True,NA,False,False,False,True
learning_curve|GaitPDB|seed=5|fraction=0.05|gamma=1|tau=0.2|lambda=0.7,learning_curve,GaitPDB,5,0.05,4,1.0,0.2,0.7,vera_balanced_envelope,False,,,0.0,True,NA,False,False,False,True
learning_curve|GaitPDB|seed=5|fraction=0.05|gamma=1|tau=0.2|lambda=0.7,learning_curve,GaitPDB,5,0.05,4,1.0,0.2,0.7,external_balanced_oracle,True,INLP::rank=2,INLP,0.0,True,True,False,False,False,True
learning_curve|GaitPDB|seed=5|fraction=0.05|gamma=1|tau=0.2|lambda=0.8,learning_curve,GaitPDB,5,0.05,4,1.0,0.2,0.8,always_deploy_balanced,True,TaCo::components_removed=3,TaCo,0.0,True,False,True,False,False,True
learning_curve|GaitPDB|seed=5|fraction=0.05|gamma=1|tau=0.2|lambda=0.8,learning_curve,GaitPDB,5,0.05,4,1.0,0.2,0.8,point_selection_balanced,True,INLP::rank=2,INLP,0.0,True,True,False,False,False,True
learning_curve|GaitPDB|seed=5|fraction=0.05|gamma=1|tau=0.2|lambda=0.8,learning_curve,GaitPDB,5,0.05,4,1.0,0.2,0.8,vera_balanced_iut,False,,,0.0,True,NA,False,False,False,True
learning_curve|GaitPDB|seed=5|fraction=0.05|gamma=1|tau=0.2|lambda=0.8,learning_curve,GaitPDB,5,0.05,4,1.0,0.2,0.8,vera_balanced_envelope,False,,,0.0,True,NA,False,False,False,True
learning_curve|GaitPDB|seed=5|fraction=0.05|gamma=1|tau=0.2|lambda=0.8,learning_curve,GaitPDB,5,0.05,4,1.0,0.2,0.8,external_balanced_oracle,True,INLP::rank=2,INLP,0.0,True,True,False,False,False,True
learning_curve|GaitPDB|seed=5|fraction=0.1|gamma=1|tau=0.05|lambda=0.6,learning_curve,GaitPDB,5,0.1,5,1.0,0.05,0.6,always_deploy_balanced,True,TaCo::components_removed=3,TaCo,0.0,True,False,True,False,False,True
learning_curve|GaitPDB|seed=5|fraction=0.1|gamma=1|tau=0.05|lambda=0.6,learning_curve,GaitPDB,5,0.1,5,1.0,0.05,0.6,point_selection_balanced,False,,,0.0,True,NA,False,False,False,True
learning_curve|GaitPDB|seed=5|fraction=0.1|gamma=1|tau=0.05|lambda=0.6,learning_curve,GaitPDB,5,0.1,5,1.0,0.05,0.6,vera_balanced_iut,False,,,0.0,True,NA,False,False,False,True
learning_curve|GaitPDB|seed=5|fraction=0.1|gamma=1|tau=0.05|lambda=0.6,learning_curve,GaitPDB,5,0.1,5,1.0,0.05,0.6,vera_balanced_envelope,False,,,0.0,True,NA,False,False,False,True
learning_curve|GaitPDB|seed=5|fraction=0.1|gamma=1|tau=0.05|lambda=0.6,learning_curve,GaitPDB,5,0.1,5,1.0,0.05,0.6,external_balanced_oracle,True,INLP::rank=2,INLP,0.0,True,True,False,False,False,True
learning_curve|GaitPDB|seed=5|fraction=0.1|gamma=1|tau=0.05|lambda=0.7,learning_curve,GaitPDB,5,0.1,5,1.0,0.05,0.7,always_deploy_balanced,True,TaCo::components_removed=3,TaCo,0.0,True,False,True,False,False,True
learning_curve|GaitPDB|seed=5|fraction=0.1|gamma=1|tau=0.05|lambda=0.7,learning_curve,GaitPDB,5,0.1,5,1.0,0.05,0.7,point_selection_balanced,True,INLP::rank=2,INLP,0.0,True,True,False,False,False,True
learning_curve|GaitPDB|seed=5|fraction=0.1|gamma=1|tau=0.05|lambda=0.7,learning_curve,GaitPDB,5,0.1,5,1.0,0.05,0.7,vera_balanced_iut,False,,,0.0,True,NA,False,False,False,True
learning_curve|GaitPDB|seed=5|fraction=0.1|gamma=1|tau=0.05|lambda=0.7,learning_curve,GaitPDB,5,0.1,5,1.0,0.05,0.7,vera_balanced_envelope,False,,,0.0,True,NA,False,False,False,True
learning_curve|GaitPDB|seed=5|fraction=0.1|gamma=1|tau=0.05|lambda=0.7,learning_curve,GaitPDB,5,0.1,5,1.0,0.05,0.7,external_balanced_oracle,True,INLP::rank=2,INLP,0.0,True,True,False,False,False,True
learning_curve|GaitPDB|seed=5|fraction=0.1|gamma=1|tau=0.05|lambda=0.8,learning_curve,GaitPDB,5,0.1,5,1.0,0.05,0.8,always_deploy_balanced,True,TaCo::components_removed=3,TaCo,0.0,True,False,True,False,False,True
learning_curve|GaitPDB|seed=5|fraction=0.1|gamma=1|tau=0.05|lambda=0.8,learning_curve,GaitPDB,5,0.1,5,1.0,0.05,0.8,point_selection_balanced,True,INLP::rank=2,INLP,0.0,True,True,False,False,False,True
learning_curve|GaitPDB|seed=5|fraction=0.1|gamma=1|tau=0.05|lambda=0.8,learning_curve,GaitPDB,5,0.1,5,1.0,0.05,0.8,vera_balanced_iut,False,,,0.0,True,NA,False,False,False,True
learning_curve|GaitPDB|seed=5|fraction=0.1|gamma=1|tau=0.05|lambda=0.8,learning_curve,GaitPDB,5,0.1,5,1.0,0.05,0.8,vera_balanced_envelope,False,,,0.0,True,NA,False,False,False,True
learning_curve|GaitPDB|seed=5|fraction=0.1|gamma=1|tau=0.05|lambda=0.8,learning_curve,GaitPDB,5,0.1,5,1.0,0.05,0.8,external_balanced_oracle,True,INLP::rank=2,INLP,0.0,True,True,False,False,False,True
learning_curve|GaitPDB|seed=5|fraction=0.1|gamma=1|tau=0.1|lambda=0.6,learning_curve,GaitPDB,5,0.1,5,1.0,0.1,0.6,always_deploy_balanced,True,TaCo::components_removed=3,TaCo,0.0,True,False,True,False,False,True
learning_curve|GaitPDB|seed=5|fraction=0.1|gamma=1|tau=0.1|lambda=0.6,learning_curve,GaitPDB,5,0.1,5,1.0,0.1,0.6,point_selection_balanced,False,,,0.0,True,NA,False,False,False,True
learning_curve|GaitPDB|seed=5|fraction=0.1|gamma=1|tau=0.1|lambda=0.6,learning_curve,GaitPDB,5,0.1,5,1.0,0.1,0.6,vera_balanced_iut,False,,,0.0,True,NA,False,False,False,True
learning_curve|GaitPDB|seed=5|fraction=0.1|gamma=1|tau=0.1|lambda=0.6,learning_curve,GaitPDB,5,0.1,5,1.0,0.1,0.6,vera_balanced_envelope,False,,,0.0,True,NA,False,False,False,True
learning_curve|GaitPDB|seed=5|fraction=0.1|gamma=1|tau=0.1|lambda=0.6,learning_curve,GaitPDB,5,0.1,5,1.0,0.1,0.6,external_balanced_oracle,True,INLP::rank=2,INLP,0.0,True,True,False,False,False,True
learning_curve|GaitPDB|seed=5|fraction=0.1|gamma=1|tau=0.1|lambda=0.7,learning_curve,GaitPDB,5,0.1,5,1.0,0.1,0.7,always_deploy_balanced,True,TaCo::components_removed=3,TaCo,0.0,True,False,True,False,False,True
learning_curve|GaitPDB|seed=5|fraction=0.1|gamma=1|tau=0.1|lambda=0.7,learning_curve,GaitPDB,5,0.1,5,1.0,0.1,0.7,point_selection_balanced,True,INLP::rank=2,INLP,0.0,True,True,False,False,False,True
learning_curve|GaitPDB|seed=5|fraction=0.1|gamma=1|tau=0.1|lambda=0.7,learning_curve,GaitPDB,5,0.1,5,1.0,0.1,0.7,vera_balanced_iut,False,,,0.0,True,NA,False,False,False,True
learning_curve|GaitPDB|seed=5|fraction=0.1|gamma=1|tau=0.1|lambda=0.7,learning_curve,GaitPDB,5,0.1,5,1.0,0.1,0.7,vera_balanced_envelope,False,,,0.0,True,NA,False,False,False,True
learning_curve|GaitPDB|seed=5|fraction=0.1|gamma=1|tau=0.1|lambda=0.7,learning_curve,GaitPDB,5,0.1,5,1.0,0.1,0.7,external_balanced_oracle,True,INLP::rank=2,INLP,0.0,True,True,False,False,False,True
learning_curve|GaitPDB|seed=5|fraction=0.1|gamma=1|tau=0.1|lambda=0.8,learning_curve,GaitPDB,5,0.1,5,1.0,0.1,0.8,always_deploy_balanced,True,TaCo::components_removed=3,TaCo,0.0,True,False,True,False,False,True
learning_curve|GaitPDB|seed=5|fraction=0.1|gamma=1|tau=0.1|lambda=0.8,learning_curve,GaitPDB,5,0.1,5,1.0,0.1,0.8,point_selection_balanced,True,INLP::rank=2,INLP,0.0,True,True,False,False,False,True
learning_curve|GaitPDB|seed=5|fraction=0.1|gamma=1|tau=0.1|lambda=0.8,learning_curve,GaitPDB,5,0.1,5,1.0,0.1,0.8,vera_balanced_iut,False,,,0.0,True,NA,False,False,False,True
learning_curve|GaitPDB|seed=5|fraction=0.1|gamma=1|tau=0.1|lambda=0.8,learning_curve,GaitPDB,5,0.1,5,1.0,0.1,0.8,vera_balanced_envelope,False,,,0.0,True,NA,False,False,False,True
learning_curve|GaitPDB|seed=5|fraction=0.1|gamma=1|tau=0.1|lambda=0.8,learning_curve,GaitPDB,5,0.1,5,1.0,0.1,0.8,external_balanced_oracle,True,INLP::rank=2,INLP,0.0,True,True,False,False,False,True
learning_curve|GaitPDB|seed=5|fraction=0.1|gamma=1|tau=0.2|lambda=0.6,learning_curve,GaitPDB,5,0.1,5,1.0,0.2,0.6,always_deploy_balanced,True,TaCo::components_removed=3,TaCo,0.0,True,False,True,False,False,True
learning_curve|GaitPDB|seed=5|fraction=0.1|gamma=1|tau=0.2|lambda=0.6,learning_curve,GaitPDB,5,0.1,5,1.0,0.2,0.6,point_selection_balanced,False,,,0.0,True,NA,False,False,False,True
learning_curve|GaitPDB|seed=5|fraction=0.1|gamma=1|tau=0.2|lambda=0.6,learning_curve,GaitPDB,5,0.1,5,1.0,0.2,0.6,vera_balanced_iut,False,,,0.0,True,NA,False,False,False,True
learning_curve|GaitPDB|seed=5|fraction=0.1|gamma=1|tau=0.2|lambda=0.6,learning_curve,GaitPDB,5,0.1,5,1.0,0.2,0.6,vera_balanced_envelope,False,,,0.0,True,NA,False,False,False,True
learning_curve|GaitPDB|seed=5|fraction=0.1|gamma=1|tau=0.2|lambda=0.6,learning_curve,GaitPDB,5,0.1,5,1.0,0.2,0.6,external_balanced_oracle,True,INLP::rank=2,INLP,0.0,True,True,False,False,False,True
learning_curve|GaitPDB|seed=5|fraction=0.1|gamma=1|tau=0.2|lambda=0.7,learning_curve,GaitPDB,5,0.1,5,1.0,0.2,0.7,always_deploy_balanced,True,TaCo::components_removed=3,TaCo,0.0,True,False,True,False,False,True
learning_curve|GaitPDB|seed=5|fraction=0.1|gamma=1|tau=0.2|lambda=0.7,learning_curve,GaitPDB,5,0.1,5,1.0,0.2,0.7,point_selection_balanced,True,INLP::rank=2,INLP,0.0,True,True,False,False,False,True
learning_curve|GaitPDB|seed=5|fraction=0.1|gamma=1|tau=0.2|lambda=0.7,learning_curve,GaitPDB,5,0.1,5,1.0,0.2,0.7,vera_balanced_iut,False,,,0.0,True,NA,False,False,False,True
learning_curve|GaitPDB|seed=5|fraction=0.1|gamma=1|tau=0.2|lambda=0.7,learning_curve,GaitPDB,5,0.1,5,1.0,0.2,0.7,vera_balanced_envelope,False,,,0.0,True,NA,False,False,False,True
learning_curve|GaitPDB|seed=5|fraction=0.1|gamma=1|tau=0.2|lambda=0.7,learning_curve,GaitPDB,5,0.1,5,1.0,0.2,0.7,external_balanced_oracle,True,INLP::rank=2,INLP,0.0,True,True,False,False,False,True
learning_curve|GaitPDB|seed=5|fraction=0.1|gamma=1|tau=0.2|lambda=0.8,learning_curve,GaitPDB,5,0.1,5,1.0,0.2,0.8,always_deploy_balanced,True,TaCo::components_removed=3,TaCo,0.0,True,False,True,False,False,True
learning_curve|GaitPDB|seed=5|fraction=0.1|gamma=1|tau=0.2|lambda=0.8,learning_curve,GaitPDB,5,0.1,5,1.0,0.2,0.8,point_selection_balanced,True,INLP::rank=2,INLP,0.0,True,True,False,False,False,True
learning_curve|GaitPDB|seed=5|fraction=0.1|gamma=1|tau=0.2|lambda=0.8,learning_curve,GaitPDB,5,0.1,5,1.0,0.2,0.8,vera_balanced_iut,False,,,0.0,True,NA,False,False,False,True
learning_curve|GaitPDB|seed=5|fraction=0.1|gamma=1|tau=0.2|lambda=0.8,learning_curve,GaitPDB,5,0.1,5,1.0,0.2,0.8,vera_balanced_envelope,False,,,0.0,True,NA,False,False,False,True
learning_curve|GaitPDB|seed=5|fraction=0.1|gamma=1|tau=0.2|lambda=0.8,learning_curve,GaitPDB,5,0.1,5,1.0,0.2,0.8,external_balanced_oracle,True,INLP::rank=2,INLP,0.0,True,True,False,False,False,True
learning_curve|GaitPDB|seed=5|fraction=0.25|gamma=1|tau=0.05|lambda=0.6,learning_curve,GaitPDB,5,0.25,14,1.0,0.05,0.6,always_deploy_balanced,True,TaCo::components_removed=3,TaCo,0.0,True,False,True,False,False,True
learning_curve|GaitPDB|seed=5|fraction=0.25|gamma=1|tau=0.05|lambda=0.6,learning_curve,GaitPDB,5,0.25,14,1.0,0.05,0.6,point_selection_balanced,False,,,0.0,True,NA,False,False,False,True
learning_curve|GaitPDB|seed=5|fraction=0.25|gamma=1|tau=0.05|lambda=0.6,learning_curve,GaitPDB,5,0.25,14,1.0,0.05,0.6,vera_balanced_iut,False,,,0.0,True,NA,False,False,False,True
learning_curve|GaitPDB|seed=5|fraction=0.25|gamma=1|tau=0.05|lambda=0.6,learning_curve,GaitPDB,5,0.25,14,1.0,0.05,0.6,vera_balanced_envelope,False,,,0.0,True,NA,False,False,False,True
learning_curve|GaitPDB|seed=5|fraction=0.25|gamma=1|tau=0.05|lambda=0.6,learning_curve,GaitPDB,5,0.25,14,1.0,0.05,0.6,external_balanced_oracle,True,TaCo::components_removed=1,TaCo,0.0,True,True,False,False,False,True
learning_curve|GaitPDB|seed=5|fraction=0.25|gamma=1|tau=0.05|lambda=0.7,learning_curve,GaitPDB,5,0.25,14,1.0,0.05,0.7,always_deploy_balanced,True,TaCo::components_removed=3,TaCo,0.0,True,False,True,False,False,True
learning_curve|GaitPDB|seed=5|fraction=0.25|gamma=1|tau=0.05|lambda=0.7,learning_curve,GaitPDB,5,0.25,14,1.0,0.05,0.7,point_selection_balanced,True,INLP::rank=2,INLP,0.0,True,True,False,False,False,True
learning_curve|GaitPDB|seed=5|fraction=0.25|gamma=1|tau=0.05|lambda=0.7,learning_curve,GaitPDB,5,0.25,14,1.0,0.05,0.7,vera_balanced_iut,False,,,0.0,True,NA,False,False,False,True
learning_curve|GaitPDB|seed=5|fraction=0.25|gamma=1|tau=0.05|lambda=0.7,learning_curve,GaitPDB,5,0.25,14,1.0,0.05,0.7,vera_balanced_envelope,False,,,0.0,True,NA,False,False,False,True
learning_curve|GaitPDB|seed=5|fraction=0.25|gamma=1|tau=0.05|lambda=0.7,learning_curve,GaitPDB,5,0.25,14,1.0,0.05,0.7,external_balanced_oracle,True,TaCo::components_removed=1,TaCo,0.0,True,True,False,False,False,True
learning_curve|GaitPDB|seed=5|fraction=0.25|gamma=1|tau=0.05|lambda=0.8,learning_curve,GaitPDB,5,0.25,14,1.0,0.05,0.8,always_deploy_balanced,True,TaCo::components_removed=3,TaCo,0.0,True,False,True,False,False,True
learning_curve|GaitPDB|seed=5|fraction=0.25|gamma=1|tau=0.05|lambda=0.8,learning_curve,GaitPDB,5,0.25,14,1.0,0.05,0.8,point_selection_balanced,True,INLP::rank=2,INLP,0.0,True,True,False,False,False,True
learning_curve|GaitPDB|seed=5|fraction=0.25|gamma=1|tau=0.05|lambda=0.8,learning_curve,GaitPDB,5,0.25,14,1.0,0.05,0.8,vera_balanced_iut,False,,,0.0,True,NA,False,False,False,True
learning_curve|GaitPDB|seed=5|fraction=0.25|gamma=1|tau=0.05|lambda=0.8,learning_curve,GaitPDB,5,0.25,14,1.0,0.05,0.8,vera_balanced_envelope,False,,,0.0,True,NA,False,False,False,True
learning_curve|GaitPDB|seed=5|fraction=0.25|gamma=1|tau=0.05|lambda=0.8,learning_curve,GaitPDB,5,0.25,14,1.0,0.05,0.8,external_balanced_oracle,True,TaCo::components_removed=1,TaCo,0.0,True,True,False,False,False,True
learning_curve|GaitPDB|seed=5|fraction=0.25|gamma=1|tau=0.1|lambda=0.6,learning_curve,GaitPDB,5,0.25,14,1.0,0.1,0.6,always_deploy_balanced,True,TaCo::components_removed=3,TaCo,0.0,True,False,True,False,False,True
learning_curve|GaitPDB|seed=5|fraction=0.25|gamma=1|tau=0.1|lambda=0.6,learning_curve,GaitPDB,5,0.25,14,1.0,0.1,0.6,point_selection_balanced,False,,,0.0,True,NA,False,False,False,True
learning_curve|GaitPDB|seed=5|fraction=0.25|gamma=1|tau=0.1|lambda=0.6,learning_curve,GaitPDB,5,0.25,14,1.0,0.1,0.6,vera_balanced_iut,False,,,0.0,True,NA,False,False,False,True
learning_curve|GaitPDB|seed=5|fraction=0.25|gamma=1|tau=0.1|lambda=0.6,learning_curve,GaitPDB,5,0.25,14,1.0,0.1,0.6,vera_balanced_envelope,False,,,0.0,True,NA,False,False,False,True
learning_curve|GaitPDB|seed=5|fraction=0.25|gamma=1|tau=0.1|lambda=0.6,learning_curve,GaitPDB,5,0.25,14,1.0,0.1,0.6,external_balanced_oracle,True,TaCo::components_removed=1,TaCo,0.0,True,True,False,False,False,True
learning_curve|GaitPDB|seed=5|fraction=0.25|gamma=1|tau=0.1|lambda=0.7,learning_curve,GaitPDB,5,0.25,14,1.0,0.1,0.7,always_deploy_balanced,True,TaCo::components_removed=3,TaCo,0.0,True,False,True,False,False,True
learning_curve|GaitPDB|seed=5|fraction=0.25|gamma=1|tau=0.1|lambda=0.7,learning_curve,GaitPDB,5,0.25,14,1.0,0.1,0.7,point_selection_balanced,True,INLP::rank=2,INLP,0.0,True,True,False,False,False,True
learning_curve|GaitPDB|seed=5|fraction=0.25|gamma=1|tau=0.1|lambda=0.7,learning_curve,GaitPDB,5,0.25,14,1.0,0.1,0.7,vera_balanced_iut,False,,,0.0,True,NA,False,False,False,True
learning_curve|GaitPDB|seed=5|fraction=0.25|gamma=1|tau=0.1|lambda=0.7,learning_curve,GaitPDB,5,0.25,14,1.0,0.1,0.7,vera_balanced_envelope,False,,,0.0,True,NA,False,False,False,True
learning_curve|GaitPDB|seed=5|fraction=0.25|gamma=1|tau=0.1|lambda=0.7,learning_curve,GaitPDB,5,0.25,14,1.0,0.1,0.7,external_balanced_oracle,True,TaCo::components_removed=1,TaCo,0.0,True,True,False,False,False,True
learning_curve|GaitPDB|seed=5|fraction=0.25|gamma=1|tau=0.1|lambda=0.8,learning_curve,GaitPDB,5,0.25,14,1.0,0.1,0.8,always_deploy_balanced,True,TaCo::components_removed=3,TaCo,0.0,True,False,True,False,False,True
learning_curve|GaitPDB|seed=5|fraction=0.25|gamma=1|tau=0.1|lambda=0.8,learning_curve,GaitPDB,5,0.25,14,1.0,0.1,0.8,point_selection_balanced,True,INLP::rank=2,INLP,0.0,True,True,False,False,False,True
learning_curve|GaitPDB|seed=5|fraction=0.25|gamma=1|tau=0.1|lambda=0.8,learning_curve,GaitPDB,5,0.25,14,1.0,0.1,0.8,vera_balanced_iut,False,,,0.0,True,NA,False,False,False,True
learning_curve|GaitPDB|seed=5|fraction=0.25|gamma=1|tau=0.1|lambda=0.8,learning_curve,GaitPDB,5,0.25,14,1.0,0.1,0.8,vera_balanced_envelope,False,,,0.0,True,NA,False,False,False,True
learning_curve|GaitPDB|seed=5|fraction=0.25|gamma=1|tau=0.1|lambda=0.8,learning_curve,GaitPDB,5,0.25,14,1.0,0.1,0.8,external_balanced_oracle,True,TaCo::components_removed=1,TaCo,0.0,True,True,False,False,False,True
learning_curve|GaitPDB|seed=5|fraction=0.25|gamma=1|tau=0.2|lambda=0.6,learning_curve,GaitPDB,5,0.25,14,1.0,0.2,0.6,always_deploy_balanced,True,TaCo::components_removed=3,TaCo,0.0,True,False,True,False,False,True
learning_curve|GaitPDB|seed=5|fraction=0.25|gamma=1|tau=0.2|lambda=0.6,learning_curve,GaitPDB,5,0.25,14,1.0,0.2,0.6,point_selection_balanced,True,TaCo::components_removed=3,TaCo,0.0,True,False,True,False,False,True
learning_curve|GaitPDB|seed=5|fraction=0.25|gamma=1|tau=0.2|lambda=0.6,learning_curve,GaitPDB,5,0.25,14,1.0,0.2,0.6,vera_balanced_iut,False,,,0.0,True,NA,False,False,False,True
learning_curve|GaitPDB|seed=5|fraction=0.25|gamma=1|tau=0.2|lambda=0.6,learning_curve,GaitPDB,5,0.25,14,1.0,0.2,0.6,vera_balanced_envelope,False,,,0.0,True,NA,False,False,False,True
learning_curve|GaitPDB|seed=5|fraction=0.25|gamma=1|tau=0.2|lambda=0.6,learning_curve,GaitPDB,5,0.25,14,1.0,0.2,0.6,external_balanced_oracle,True,TaCo::components_removed=1,TaCo,0.0,True,True,False,False,False,True
learning_curve|GaitPDB|seed=5|fraction=0.25|gamma=1|tau=0.2|lambda=0.7,learning_curve,GaitPDB,5,0.25,14,1.0,0.2,0.7,always_deploy_balanced,True,TaCo::components_removed=3,TaCo,0.0,True,False,True,False,False,True
learning_curve|GaitPDB|seed=5|fraction=0.25|gamma=1|tau=0.2|lambda=0.7,learning_curve,GaitPDB,5,0.25,14,1.0,0.2,0.7,point_selection_balanced,True,TaCo::components_removed=3,TaCo,0.0,True,False,True,False,False,True
learning_curve|GaitPDB|seed=5|fraction=0.25|gamma=1|tau=0.2|lambda=0.7,learning_curve,GaitPDB,5,0.25,14,1.0,0.2,0.7,vera_balanced_iut,False,,,0.0,True,NA,False,False,False,True
learning_curve|GaitPDB|seed=5|fraction=0.25|gamma=1|tau=0.2|lambda=0.7,learning_curve,GaitPDB,5,0.25,14,1.0,0.2,0.7,vera_balanced_envelope,False,,,0.0,True,NA,False,False,False,True
learning_curve|GaitPDB|seed=5|fraction=0.25|gamma=1|tau=0.2|lambda=0.7,learning_curve,GaitPDB,5,0.25,14,1.0,0.2,0.7,external_balanced_oracle,True,TaCo::components_removed=1,TaCo,0.0,True,True,False,False,False,True
learning_curve|GaitPDB|seed=5|fraction=0.25|gamma=1|tau=0.2|lambda=0.8,learning_curve,GaitPDB,5,0.25,14,1.0,0.2,0.8,always_deploy_balanced,True,TaCo::components_removed=3,TaCo,0.0,True,False,True,False,False,True
learning_curve|GaitPDB|seed=5|fraction=0.25|gamma=1|tau=0.2|lambda=0.8,learning_curve,GaitPDB,5,0.25,14,1.0,0.2,0.8,point_selection_balanced,True,TaCo::components_removed=3,TaCo,0.0,True,False,True,False,False,True
learning_curve|GaitPDB|seed=5|fraction=0.25|gamma=1|tau=0.2|lambda=0.8,learning_curve,GaitPDB,5,0.25,14,1.0,0.2,0.8,vera_balanced_iut,False,,,0.0,True,NA,False,False,False,True
learning_curve|GaitPDB|seed=5|fraction=0.25|gamma=1|tau=0.2|lambda=0.8,learning_curve,GaitPDB,5,0.25,14,1.0,0.2,0.8,vera_balanced_envelope,False,,,0.0,True,NA,False,False,False,True
learning_curve|GaitPDB|seed=5|fraction=0.25|gamma=1|tau=0.2|lambda=0.8,learning_curve,GaitPDB,5,0.25,14,1.0,0.2,0.8,external_balanced_oracle,True,TaCo::components_removed=1,TaCo,0.0,True,True,False,False,False,True
learning_curve|GaitPDB|seed=5|fraction=0.5|gamma=1|tau=0.05|lambda=0.6,learning_curve,GaitPDB,5,0.5,30,1.0,0.05,0.6,always_deploy_balanced,True,INLP::rank=8,INLP,0.0,True,True,False,False,False,True
learning_curve|GaitPDB|seed=5|fraction=0.5|gamma=1|tau=0.05|lambda=0.6,learning_curve,GaitPDB,5,0.5,30,1.0,0.05,0.6,point_selection_balanced,True,INLP::rank=8,INLP,0.0,True,True,False,False,False,True
learning_curve|GaitPDB|seed=5|fraction=0.5|gamma=1|tau=0.05|lambda=0.6,learning_curve,GaitPDB,5,0.5,30,1.0,0.05,0.6,vera_balanced_iut,False,,,0.0,True,NA,False,False,False,True
learning_curve|GaitPDB|seed=5|fraction=0.5|gamma=1|tau=0.05|lambda=0.6,learning_curve,GaitPDB,5,0.5,30,1.0,0.05,0.6,vera_balanced_envelope,False,,,0.0,True,NA,False,False,False,True
learning_curve|GaitPDB|seed=5|fraction=0.5|gamma=1|tau=0.05|lambda=0.6,learning_curve,GaitPDB,5,0.5,30,1.0,0.05,0.6,external_balanced_oracle,True,INLP::rank=8,INLP,0.0,True,True,False,False,False,True
learning_curve|GaitPDB|seed=5|fraction=0.5|gamma=1|tau=0.05|lambda=0.7,learning_curve,GaitPDB,5,0.5,30,1.0,0.05,0.7,always_deploy_balanced,True,INLP::rank=8,INLP,0.0,True,True,False,False,False,True
learning_curve|GaitPDB|seed=5|fraction=0.5|gamma=1|tau=0.05|lambda=0.7,learning_curve,GaitPDB,5,0.5,30,1.0,0.05,0.7,point_selection_balanced,True,INLP::rank=8,INLP,0.0,True,True,False,False,False,True
learning_curve|GaitPDB|seed=5|fraction=0.5|gamma=1|tau=0.05|lambda=0.7,learning_curve,GaitPDB,5,0.5,30,1.0,0.05,0.7,vera_balanced_iut,False,,,0.0,True,NA,False,False,False,True
learning_curve|GaitPDB|seed=5|fraction=0.5|gamma=1|tau=0.05|lambda=0.7,learning_curve,GaitPDB,5,0.5,30,1.0,0.05,0.7,vera_balanced_envelope,False,,,0.0,True,NA,False,False,False,True
learning_curve|GaitPDB|seed=5|fraction=0.5|gamma=1|tau=0.05|lambda=0.7,learning_curve,GaitPDB,5,0.5,30,1.0,0.05,0.7,external_balanced_oracle,True,INLP::rank=8,INLP,0.0,True,True,False,False,False,True
learning_curve|GaitPDB|seed=5|fraction=0.5|gamma=1|tau=0.05|lambda=0.8,learning_curve,GaitPDB,5,0.5,30,1.0,0.05,0.8,always_deploy_balanced,True,INLP::rank=8,INLP,0.0,True,True,False,False,False,True
learning_curve|GaitPDB|seed=5|fraction=0.5|gamma=1|tau=0.05|lambda=0.8,learning_curve,GaitPDB,5,0.5,30,1.0,0.05,0.8,point_selection_balanced,True,INLP::rank=8,INLP,0.0,True,True,False,False,False,True
learning_curve|GaitPDB|seed=5|fraction=0.5|gamma=1|tau=0.05|lambda=0.8,learning_curve,GaitPDB,5,0.5,30,1.0,0.05,0.8,vera_balanced_iut,False,,,0.0,True,NA,False,False,False,True
learning_curve|GaitPDB|seed=5|fraction=0.5|gamma=1|tau=0.05|lambda=0.8,learning_curve,GaitPDB,5,0.5,30,1.0,0.05,0.8,vera_balanced_envelope,False,,,0.0,True,NA,False,False,False,True
learning_curve|GaitPDB|seed=5|fraction=0.5|gamma=1|tau=0.05|lambda=0.8,learning_curve,GaitPDB,5,0.5,30,1.0,0.05,0.8,external_balanced_oracle,True,INLP::rank=8,INLP,0.0,True,True,False,False,False,True
learning_curve|GaitPDB|seed=5|fraction=0.5|gamma=1|tau=0.1|lambda=0.6,learning_curve,GaitPDB,5,0.5,30,1.0,0.1,0.6,always_deploy_balanced,True,INLP::rank=8,INLP,0.0,True,True,False,False,False,True
learning_curve|GaitPDB|seed=5|fraction=0.5|gamma=1|tau=0.1|lambda=0.6,learning_curve,GaitPDB,5,0.5,30,1.0,0.1,0.6,point_selection_balanced,True,INLP::rank=8,INLP,0.0,True,True,False,False,False,True
learning_curve|GaitPDB|seed=5|fraction=0.5|gamma=1|tau=0.1|lambda=0.6,learning_curve,GaitPDB,5,0.5,30,1.0,0.1,0.6,vera_balanced_iut,False,,,0.0,True,NA,False,False,False,True
learning_curve|GaitPDB|seed=5|fraction=0.5|gamma=1|tau=0.1|lambda=0.6,learning_curve,GaitPDB,5,0.5,30,1.0,0.1,0.6,vera_balanced_envelope,False,,,0.0,True,NA,False,False,False,True
learning_curve|GaitPDB|seed=5|fraction=0.5|gamma=1|tau=0.1|lambda=0.6,learning_curve,GaitPDB,5,0.5,30,1.0,0.1,0.6,external_balanced_oracle,True,INLP::rank=8,INLP,0.0,True,True,False,False,False,True
learning_curve|GaitPDB|seed=5|fraction=0.5|gamma=1|tau=0.1|lambda=0.7,learning_curve,GaitPDB,5,0.5,30,1.0,0.1,0.7,always_deploy_balanced,True,INLP::rank=8,INLP,0.0,True,True,False,False,False,True
learning_curve|GaitPDB|seed=5|fraction=0.5|gamma=1|tau=0.1|lambda=0.7,learning_curve,GaitPDB,5,0.5,30,1.0,0.1,0.7,point_selection_balanced,True,INLP::rank=8,INLP,0.0,True,True,False,False,False,True
learning_curve|GaitPDB|seed=5|fraction=0.5|gamma=1|tau=0.1|lambda=0.7,learning_curve,GaitPDB,5,0.5,30,1.0,0.1,0.7,vera_balanced_iut,False,,,0.0,True,NA,False,False,False,True
learning_curve|GaitPDB|seed=5|fraction=0.5|gamma=1|tau=0.1|lambda=0.7,learning_curve,GaitPDB,5,0.5,30,1.0,0.1,0.7,vera_balanced_envelope,False,,,0.0,True,NA,False,False,False,True
learning_curve|GaitPDB|seed=5|fraction=0.5|gamma=1|tau=0.1|lambda=0.7,learning_curve,GaitPDB,5,0.5,30,1.0,0.1,0.7,external_balanced_oracle,True,INLP::rank=8,INLP,0.0,True,True,False,False,False,True
learning_curve|GaitPDB|seed=5|fraction=0.5|gamma=1|tau=0.1|lambda=0.8,learning_curve,GaitPDB,5,0.5,30,1.0,0.1,0.8,always_deploy_balanced,True,INLP::rank=8,INLP,0.0,True,True,False,False,False,True
learning_curve|GaitPDB|seed=5|fraction=0.5|gamma=1|tau=0.1|lambda=0.8,learning_curve,GaitPDB,5,0.5,30,1.0,0.1,0.8,point_selection_balanced,True,INLP::rank=8,INLP,0.0,True,True,False,False,False,True
learning_curve|GaitPDB|seed=5|fraction=0.5|gamma=1|tau=0.1|lambda=0.8,learning_curve,GaitPDB,5,0.5,30,1.0,0.1,0.8,vera_balanced_iut,False,,,0.0,True,NA,False,False,False,True
learning_curve|GaitPDB|seed=5|fraction=0.5|gamma=1|tau=0.1|lambda=0.8,learning_curve,GaitPDB,5,0.5,30,1.0,0.1,0.8,vera_balanced_envelope,False,,,0.0,True,NA,False,False,False,True
learning_curve|GaitPDB|seed=5|fraction=0.5|gamma=1|tau=0.1|lambda=0.8,learning_curve,GaitPDB,5,0.5,30,1.0,0.1,0.8,external_balanced_oracle,True,INLP::rank=8,INLP,0.0,True,True,False,False,False,True
learning_curve|GaitPDB|seed=5|fraction=0.5|gamma=1|tau=0.2|lambda=0.6,learning_curve,GaitPDB,5,0.5,30,1.0,0.2,0.6,always_deploy_balanced,True,INLP::rank=8,INLP,0.0,True,True,False,False,False,True
learning_curve|GaitPDB|seed=5|fraction=0.5|gamma=1|tau=0.2|lambda=0.6,learning_curve,GaitPDB,5,0.5,30,1.0,0.2,0.6,point_selection_balanced,True,INLP::rank=8,INLP,0.0,True,True,False,False,False,True
learning_curve|GaitPDB|seed=5|fraction=0.5|gamma=1|tau=0.2|lambda=0.6,learning_curve,GaitPDB,5,0.5,30,1.0,0.2,0.6,vera_balanced_iut,False,,,0.0,True,NA,False,False,False,True
learning_curve|GaitPDB|seed=5|fraction=0.5|gamma=1|tau=0.2|lambda=0.6,learning_curve,GaitPDB,5,0.5,30,1.0,0.2,0.6,vera_balanced_envelope,False,,,0.0,True,NA,False,False,False,True
learning_curve|GaitPDB|seed=5|fraction=0.5|gamma=1|tau=0.2|lambda=0.6,learning_curve,GaitPDB,5,0.5,30,1.0,0.2,0.6,external_balanced_oracle,True,INLP::rank=8,INLP,0.0,True,True,False,False,False,True
learning_curve|GaitPDB|seed=5|fraction=0.5|gamma=1|tau=0.2|lambda=0.7,learning_curve,GaitPDB,5,0.5,30,1.0,0.2,0.7,always_deploy_balanced,True,INLP::rank=8,INLP,0.0,True,True,False,False,False,True
learning_curve|GaitPDB|seed=5|fraction=0.5|gamma=1|tau=0.2|lambda=0.7,learning_curve,GaitPDB,5,0.5,30,1.0,0.2,0.7,point_selection_balanced,True,INLP::rank=8,INLP,0.0,True,True,False,False,False,True
learning_curve|GaitPDB|seed=5|fraction=0.5|gamma=1|tau=0.2|lambda=0.7,learning_curve,GaitPDB,5,0.5,30,1.0,0.2,0.7,vera_balanced_iut,False,,,0.0,True,NA,False,False,False,True
learning_curve|GaitPDB|seed=5|fraction=0.5|gamma=1|tau=0.2|lambda=0.7,learning_curve,GaitPDB,5,0.5,30,1.0,0.2,0.7,vera_balanced_envelope,False,,,0.0,True,NA,False,False,False,True
learning_curve|GaitPDB|seed=5|fraction=0.5|gamma=1|tau=0.2|lambda=0.7,learning_curve,GaitPDB,5,0.5,30,1.0,0.2,0.7,external_balanced_oracle,True,INLP::rank=8,INLP,0.0,True,True,False,False,False,True
learning_curve|GaitPDB|seed=5|fraction=0.5|gamma=1|tau=0.2|lambda=0.8,learning_curve,GaitPDB,5,0.5,30,1.0,0.2,0.8,always_deploy_balanced,True,INLP::rank=8,INLP,0.0,True,True,False,False,False,True
learning_curve|GaitPDB|seed=5|fraction=0.5|gamma=1|tau=0.2|lambda=0.8,learning_curve,GaitPDB,5,0.5,30,1.0,0.2,0.8,point_selection_balanced,True,INLP::rank=8,INLP,0.0,True,True,False,False,False,True
learning_curve|GaitPDB|seed=5|fraction=0.5|gamma=1|tau=0.2|lambda=0.8,learning_curve,GaitPDB,5,0.5,30,1.0,0.2,0.8,vera_balanced_iut,False,,,0.0,True,NA,False,False,False,True
learning_curve|GaitPDB|seed=5|fraction=0.5|gamma=1|tau=0.2|lambda=0.8,learning_curve,GaitPDB,5,0.5,30,1.0,0.2,0.8,vera_balanced_envelope,False,,,0.0,True,NA,False,False,False,True
learning_curve|GaitPDB|seed=5|fraction=0.5|gamma=1|tau=0.2|lambda=0.8,learning_curve,GaitPDB,5,0.5,30,1.0,0.2,0.8,external_balanced_oracle,True,INLP::rank=8,INLP,0.0,True,True,False,False,False,True
primary|GaitPDB|seed=5|fraction=1|gamma=1|tau=0.05|lambda=0.6,primary,GaitPDB,5,1.0,63,1.0,0.05,0.6,always_deploy_balanced,True,LEACE::closed_form,LEACE,0.0,True,True,False,False,False,True
primary|GaitPDB|seed=5|fraction=1|gamma=1|tau=0.05|lambda=0.6,primary,GaitPDB,5,1.0,63,1.0,0.05,0.6,point_selection_balanced,False,,,0.0,True,NA,False,False,False,True
primary|GaitPDB|seed=5|fraction=1|gamma=1|tau=0.05|lambda=0.6,primary,GaitPDB,5,1.0,63,1.0,0.05,0.6,vera_balanced_iut,False,,,0.0,True,NA,False,False,False,True
primary|GaitPDB|seed=5|fraction=1|gamma=1|tau=0.05|lambda=0.6,primary,GaitPDB,5,1.0,63,1.0,0.05,0.6,vera_balanced_envelope,False,,,0.0,True,NA,False,False,False,True
primary|GaitPDB|seed=5|fraction=1|gamma=1|tau=0.05|lambda=0.6,primary,GaitPDB,5,1.0,63,1.0,0.05,0.6,external_balanced_oracle,True,LEACE::closed_form,LEACE,0.0,True,True,False,False,False,True
primary|GaitPDB|seed=5|fraction=1|gamma=1|tau=0.05|lambda=0.7,primary,GaitPDB,5,1.0,63,1.0,0.05,0.7,always_deploy_balanced,True,LEACE::closed_form,LEACE,0.0,True,True,False,False,False,True
primary|GaitPDB|seed=5|fraction=1|gamma=1|tau=0.05|lambda=0.7,primary,GaitPDB,5,1.0,63,1.0,0.05,0.7,point_selection_balanced,True,LEACE::closed_form,LEACE,0.0,True,True,False,False,False,True
primary|GaitPDB|seed=5|fraction=1|gamma=1|tau=0.05|lambda=0.7,primary,GaitPDB,5,1.0,63,1.0,0.05,0.7,vera_balanced_iut,False,,,0.0,True,NA,False,False,False,True
primary|GaitPDB|seed=5|fraction=1|gamma=1|tau=0.05|lambda=0.7,primary,GaitPDB,5,1.0,63,1.0,0.05,0.7,vera_balanced_envelope,False,,,0.0,True,NA,False,False,False,True
primary|GaitPDB|seed=5|fraction=1|gamma=1|tau=0.05|lambda=0.7,primary,GaitPDB,5,1.0,63,1.0,0.05,0.7,external_balanced_oracle,True,LEACE::closed_form,LEACE,0.0,True,True,False,False,False,True
primary|GaitPDB|seed=5|fraction=1|gamma=1|tau=0.05|lambda=0.8,primary,GaitPDB,5,1.0,63,1.0,0.05,0.8,always_deploy_balanced,True,LEACE::closed_form,LEACE,0.0,True,True,False,False,False,True
primary|GaitPDB|seed=5|fraction=1|gamma=1|tau=0.05|lambda=0.8,primary,GaitPDB,5,1.0,63,1.0,0.05,0.8,point_selection_balanced,True,LEACE::closed_form,LEACE,0.0,True,True,False,False,False,True
primary|GaitPDB|seed=5|fraction=1|gamma=1|tau=0.05|lambda=0.8,primary,GaitPDB,5,1.0,63,1.0,0.05,0.8,vera_balanced_iut,False,,,0.0,True,NA,False,False,False,True
primary|GaitPDB|seed=5|fraction=1|gamma=1|tau=0.05|lambda=0.8,primary,GaitPDB,5,1.0,63,1.0,0.05,0.8,vera_balanced_envelope,False,,,0.0,True,NA,False,False,False,True
primary|GaitPDB|seed=5|fraction=1|gamma=1|tau=0.05|lambda=0.8,primary,GaitPDB,5,1.0,63,1.0,0.05,0.8,external_balanced_oracle,True,LEACE::closed_form,LEACE,0.0,True,True,False,False,False,True
primary|GaitPDB|seed=5|fraction=1|gamma=1|tau=0.1|lambda=0.6,primary,GaitPDB,5,1.0,63,1.0,0.1,0.6,always_deploy_balanced,True,LEACE::closed_form,LEACE,0.0,True,True,False,False,False,True
primary|GaitPDB|seed=5|fraction=1|gamma=1|tau=0.1|lambda=0.6,primary,GaitPDB,5,1.0,63,1.0,0.1,0.6,point_selection_balanced,False,,,0.0,True,NA,False,False,False,True
primary|GaitPDB|seed=5|fraction=1|gamma=1|tau=0.1|lambda=0.6,primary,GaitPDB,5,1.0,63,1.0,0.1,0.6,vera_balanced_iut,False,,,0.0,True,NA,False,False,False,True
primary|GaitPDB|seed=5|fraction=1|gamma=1|tau=0.1|lambda=0.6,primary,GaitPDB,5,1.0,63,1.0,0.1,0.6,vera_balanced_envelope,False,,,0.0,True,NA,False,False,False,True
primary|GaitPDB|seed=5|fraction=1|gamma=1|tau=0.1|lambda=0.6,primary,GaitPDB,5,1.0,63,1.0,0.1,0.6,external_balanced_oracle,True,LEACE::closed_form,LEACE,0.0,True,True,False,False,False,True
primary|GaitPDB|seed=5|fraction=1|gamma=1|tau=0.1|lambda=0.7,primary,GaitPDB,5,1.0,63,1.0,0.1,0.7,always_deploy_balanced,True,LEACE::closed_form,LEACE,0.0,True,True,False,False,False,True
primary|GaitPDB|seed=5|fraction=1|gamma=1|tau=0.1|lambda=0.7,primary,GaitPDB,5,1.0,63,1.0,0.1,0.7,point_selection_balanced,True,LEACE::closed_form,LEACE,0.0,True,True,False,False,False,True
primary|GaitPDB|seed=5|fraction=1|gamma=1|tau=0.1|lambda=0.7,primary,GaitPDB,5,1.0,63,1.0,0.1,0.7,vera_balanced_iut,False,,,0.0,True,NA,False,False,False,True
primary|GaitPDB|seed=5|fraction=1|gamma=1|tau=0.1|lambda=0.7,primary,GaitPDB,5,1.0,63,1.0,0.1,0.7,vera_balanced_envelope,False,,,0.0,True,NA,False,False,False,True
primary|GaitPDB|seed=5|fraction=1|gamma=1|tau=0.1|lambda=0.7,primary,GaitPDB,5,1.0,63,1.0,0.1,0.7,external_balanced_oracle,True,LEACE::closed_form,LEACE,0.0,True,True,False,False,False,True
primary|GaitPDB|seed=5|fraction=1|gamma=1|tau=0.1|lambda=0.8,primary,GaitPDB,5,1.0,63,1.0,0.1,0.8,always_deploy_balanced,True,LEACE::closed_form,LEACE,0.0,True,True,False,False,False,True
primary|GaitPDB|seed=5|fraction=1|gamma=1|tau=0.1|lambda=0.8,primary,GaitPDB,5,1.0,63,1.0,0.1,0.8,point_selection_balanced,True,LEACE::closed_form,LEACE,0.0,True,True,False,False,False,True
primary|GaitPDB|seed=5|fraction=1|gamma=1|tau=0.1|lambda=0.8,primary,GaitPDB,5,1.0,63,1.0,0.1,0.8,vera_balanced_iut,False,,,0.0,True,NA,False,False,False,True
primary|GaitPDB|seed=5|fraction=1|gamma=1|tau=0.1|lambda=0.8,primary,GaitPDB,5,1.0,63,1.0,0.1,0.8,vera_balanced_envelope,False,,,0.0,True,NA,False,False,False,True
primary|GaitPDB|seed=5|fraction=1|gamma=1|tau=0.1|lambda=0.8,primary,GaitPDB,5,1.0,63,1.0,0.1,0.8,external_balanced_oracle,True,LEACE::closed_form,LEACE,0.0,True,True,False,False,False,True
primary|GaitPDB|seed=5|fraction=1|gamma=1|tau=0.2|lambda=0.6,primary,GaitPDB,5,1.0,63,1.0,0.2,0.6,always_deploy_balanced,True,LEACE::closed_form,LEACE,0.0,True,True,False,False,False,True
primary|GaitPDB|seed=5|fraction=1|gamma=1|tau=0.2|lambda=0.6,primary,GaitPDB,5,1.0,63,1.0,0.2,0.6,point_selection_balanced,False,,,0.0,True,NA,False,False,False,True
primary|GaitPDB|seed=5|fraction=1|gamma=1|tau=0.2|lambda=0.6,primary,GaitPDB,5,1.0,63,1.0,0.2,0.6,vera_balanced_iut,False,,,0.0,True,NA,False,False,False,True
primary|GaitPDB|seed=5|fraction=1|gamma=1|tau=0.2|lambda=0.6,primary,GaitPDB,5,1.0,63,1.0,0.2,0.6,vera_balanced_envelope,False,,,0.0,True,NA,False,False,False,True
primary|GaitPDB|seed=5|fraction=1|gamma=1|tau=0.2|lambda=0.6,primary,GaitPDB,5,1.0,63,1.0,0.2,0.6,external_balanced_oracle,True,LEACE::closed_form,LEACE,0.0,True,True,False,False,False,True
primary|GaitPDB|seed=5|fraction=1|gamma=1|tau=0.2|lambda=0.7,primary,GaitPDB,5,1.0,63,1.0,0.2,0.7,always_deploy_balanced,True,LEACE::closed_form,LEACE,0.0,True,True,False,False,False,True
primary|GaitPDB|seed=5|fraction=1|gamma=1|tau=0.2|lambda=0.7,primary,GaitPDB,5,1.0,63,1.0,0.2,0.7,point_selection_balanced,True,LEACE::closed_form,LEACE,0.0,True,True,False,False,False,True
primary|GaitPDB|seed=5|fraction=1|gamma=1|tau=0.2|lambda=0.7,primary,GaitPDB,5,1.0,63,1.0,0.2,0.7,vera_balanced_iut,False,,,0.0,True,NA,False,False,False,True
primary|GaitPDB|seed=5|fraction=1|gamma=1|tau=0.2|lambda=0.7,primary,GaitPDB,5,1.0,63,1.0,0.2,0.7,vera_balanced_envelope,False,,,0.0,True,NA,False,False,False,True
primary|GaitPDB|seed=5|fraction=1|gamma=1|tau=0.2|lambda=0.7,primary,GaitPDB,5,1.0,63,1.0,0.2,0.7,external_balanced_oracle,True,LEACE::closed_form,LEACE,0.0,True,True,False,False,False,True
primary|GaitPDB|seed=5|fraction=1|gamma=1|tau=0.2|lambda=0.8,primary,GaitPDB,5,1.0,63,1.0,0.2,0.8,always_deploy_balanced,True,LEACE::closed_form,LEACE,0.0,True,True,False,False,False,True
primary|GaitPDB|seed=5|fraction=1|gamma=1|tau=0.2|lambda=0.8,primary,GaitPDB,5,1.0,63,1.0,0.2,0.8,point_selection_balanced,True,LEACE::closed_form,LEACE,0.0,True,True,False,False,False,True
primary|GaitPDB|seed=5|fraction=1|gamma=1|tau=0.2|lambda=0.8,primary,GaitPDB,5,1.0,63,1.0,0.2,0.8,vera_balanced_iut,False,,,0.0,True,NA,False,False,False,True
primary|GaitPDB|seed=5|fraction=1|gamma=1|tau=0.2|lambda=0.8,primary,GaitPDB,5,1.0,63,1.0,0.2,0.8,vera_balanced_envelope,False,,,0.0,True,NA,False,False,False,True
primary|GaitPDB|seed=5|fraction=1|gamma=1|tau=0.2|lambda=0.8,primary,GaitPDB,5,1.0,63,1.0,0.2,0.8,external_balanced_oracle,True,LEACE::closed_form,LEACE,0.0,True,True,False,False,False,True
shifted_sensitivity|GaitPDB|seed=5|fraction=1|gamma=1.01|tau=0.05|lambda=0.6,shifted_sensitivity,GaitPDB,5,1.0,63,1.01,0.05,0.6,always_deploy_balanced,True,LEACE::closed_form,LEACE,0.0,True,True,False,False,False,True
shifted_sensitivity|GaitPDB|seed=5|fraction=1|gamma=1.01|tau=0.05|lambda=0.6,shifted_sensitivity,GaitPDB,5,1.0,63,1.01,0.05,0.6,point_selection_balanced,False,,,0.0,True,NA,False,False,False,True
shifted_sensitivity|GaitPDB|seed=5|fraction=1|gamma=1.01|tau=0.05|lambda=0.6,shifted_sensitivity,GaitPDB,5,1.0,63,1.01,0.05,0.6,vera_balanced_iut,False,,,0.0,True,NA,False,False,False,True
shifted_sensitivity|GaitPDB|seed=5|fraction=1|gamma=1.01|tau=0.05|lambda=0.6,shifted_sensitivity,GaitPDB,5,1.0,63,1.01,0.05,0.6,vera_balanced_envelope,False,,,0.0,True,NA,False,False,False,True
shifted_sensitivity|GaitPDB|seed=5|fraction=1|gamma=1.01|tau=0.05|lambda=0.6,shifted_sensitivity,GaitPDB,5,1.0,63,1.01,0.05,0.6,external_balanced_oracle,True,LEACE::closed_form,LEACE,0.0,True,True,False,False,False,True
shifted_sensitivity|GaitPDB|seed=5|fraction=1|gamma=1.01|tau=0.05|lambda=0.7,shifted_sensitivity,GaitPDB,5,1.0,63,1.01,0.05,0.7,always_deploy_balanced,True,LEACE::closed_form,LEACE,0.0,True,True,False,False,False,True
shifted_sensitivity|GaitPDB|seed=5|fraction=1|gamma=1.01|tau=0.05|lambda=0.7,shifted_sensitivity,GaitPDB,5,1.0,63,1.01,0.05,0.7,point_selection_balanced,True,LEACE::closed_form,LEACE,0.0,True,True,False,False,False,True
shifted_sensitivity|GaitPDB|seed=5|fraction=1|gamma=1.01|tau=0.05|lambda=0.7,shifted_sensitivity,GaitPDB,5,1.0,63,1.01,0.05,0.7,vera_balanced_iut,False,,,0.0,True,NA,False,False,False,True
shifted_sensitivity|GaitPDB|seed=5|fraction=1|gamma=1.01|tau=0.05|lambda=0.7,shifted_sensitivity,GaitPDB,5,1.0,63,1.01,0.05,0.7,vera_balanced_envelope,False,,,0.0,True,NA,False,False,False,True
shifted_sensitivity|GaitPDB|seed=5|fraction=1|gamma=1.01|tau=0.05|lambda=0.7,shifted_sensitivity,GaitPDB,5,1.0,63,1.01,0.05,0.7,external_balanced_oracle,True,LEACE::closed_form,LEACE,0.0,True,True,False,False,False,True
shifted_sensitivity|GaitPDB|seed=5|fraction=1|gamma=1.01|tau=0.05|lambda=0.8,shifted_sensitivity,GaitPDB,5,1.0,63,1.01,0.05,0.8,always_deploy_balanced,True,LEACE::closed_form,LEACE,0.0,True,True,False,False,False,True
shifted_sensitivity|GaitPDB|seed=5|fraction=1|gamma=1.01|tau=0.05|lambda=0.8,shifted_sensitivity,GaitPDB,5,1.0,63,1.01,0.05,0.8,point_selection_balanced,True,LEACE::closed_form,LEACE,0.0,True,True,False,False,False,True
shifted_sensitivity|GaitPDB|seed=5|fraction=1|gamma=1.01|tau=0.05|lambda=0.8,shifted_sensitivity,GaitPDB,5,1.0,63,1.01,0.05,0.8,vera_balanced_iut,False,,,0.0,True,NA,False,False,False,True
shifted_sensitivity|GaitPDB|seed=5|fraction=1|gamma=1.01|tau=0.05|lambda=0.8,shifted_sensitivity,GaitPDB,5,1.0,63,1.01,0.05,0.8,vera_balanced_envelope,False,,,0.0,True,NA,False,False,False,True
shifted_sensitivity|GaitPDB|seed=5|fraction=1|gamma=1.01|tau=0.05|lambda=0.8,shifted_sensitivity,GaitPDB,5,1.0,63,1.01,0.05,0.8,external_balanced_oracle,True,LEACE::closed_form,LEACE,0.0,True,True,False,False,False,True
shifted_sensitivity|GaitPDB|seed=5|fraction=1|gamma=1.01|tau=0.1|lambda=0.6,shifted_sensitivity,GaitPDB,5,1.0,63,1.01,0.1,0.6,always_deploy_balanced,True,LEACE::closed_form,LEACE,0.0,True,True,False,False,False,True
shifted_sensitivity|GaitPDB|seed=5|fraction=1|gamma=1.01|tau=0.1|lambda=0.6,shifted_sensitivity,GaitPDB,5,1.0,63,1.01,0.1,0.6,point_selection_balanced,False,,,0.0,True,NA,False,False,False,True
shifted_sensitivity|GaitPDB|seed=5|fraction=1|gamma=1.01|tau=0.1|lambda=0.6,shifted_sensitivity,GaitPDB,5,1.0,63,1.01,0.1,0.6,vera_balanced_iut,False,,,0.0,True,NA,False,False,False,True
shifted_sensitivity|GaitPDB|seed=5|fraction=1|gamma=1.01|tau=0.1|lambda=0.6,shifted_sensitivity,GaitPDB,5,1.0,63,1.01,0.1,0.6,vera_balanced_envelope,False,,,0.0,True,NA,False,False,False,True
shifted_sensitivity|GaitPDB|seed=5|fraction=1|gamma=1.01|tau=0.1|lambda=0.6,shifted_sensitivity,GaitPDB,5,1.0,63,1.01,0.1,0.6,external_balanced_oracle,True,LEACE::closed_form,LEACE,0.0,True,True,False,False,False,True
shifted_sensitivity|GaitPDB|seed=5|fraction=1|gamma=1.01|tau=0.1|lambda=0.7,shifted_sensitivity,GaitPDB,5,1.0,63,1.01,0.1,0.7,always_deploy_balanced,True,LEACE::closed_form,LEACE,0.0,True,True,False,False,False,True
shifted_sensitivity|GaitPDB|seed=5|fraction=1|gamma=1.01|tau=0.1|lambda=0.7,shifted_sensitivity,GaitPDB,5,1.0,63,1.01,0.1,0.7,point_selection_balanced,True,LEACE::closed_form,LEACE,0.0,True,True,False,False,False,True
shifted_sensitivity|GaitPDB|seed=5|fraction=1|gamma=1.01|tau=0.1|lambda=0.7,shifted_sensitivity,GaitPDB,5,1.0,63,1.01,0.1,0.7,vera_balanced_iut,False,,,0.0,True,NA,False,False,False,True
shifted_sensitivity|GaitPDB|seed=5|fraction=1|gamma=1.01|tau=0.1|lambda=0.7,shifted_sensitivity,GaitPDB,5,1.0,63,1.01,0.1,0.7,vera_balanced_envelope,False,,,0.0,True,NA,False,False,False,True
shifted_sensitivity|GaitPDB|seed=5|fraction=1|gamma=1.01|tau=0.1|lambda=0.7,shifted_sensitivity,GaitPDB,5,1.0,63,1.01,0.1,0.7,external_balanced_oracle,True,LEACE::closed_form,LEACE,0.0,True,True,False,False,False,True
shifted_sensitivity|GaitPDB|seed=5|fraction=1|gamma=1.01|tau=0.1|lambda=0.8,shifted_sensitivity,GaitPDB,5,1.0,63,1.01,0.1,0.8,always_deploy_balanced,True,LEACE::closed_form,LEACE,0.0,True,True,False,False,False,True
shifted_sensitivity|GaitPDB|seed=5|fraction=1|gamma=1.01|tau=0.1|lambda=0.8,shifted_sensitivity,GaitPDB,5,1.0,63,1.01,0.1,0.8,point_selection_balanced,True,LEACE::closed_form,LEACE,0.0,True,True,False,False,False,True
shifted_sensitivity|GaitPDB|seed=5|fraction=1|gamma=1.01|tau=0.1|lambda=0.8,shifted_sensitivity,GaitPDB,5,1.0,63,1.01,0.1,0.8,vera_balanced_iut,False,,,0.0,True,NA,False,False,False,True
shifted_sensitivity|GaitPDB|seed=5|fraction=1|gamma=1.01|tau=0.1|lambda=0.8,shifted_sensitivity,GaitPDB,5,1.0,63,1.01,0.1,0.8,vera_balanced_envelope,False,,,0.0,True,NA,False,False,False,True
shifted_sensitivity|GaitPDB|seed=5|fraction=1|gamma=1.01|tau=0.1|lambda=0.8,shifted_sensitivity,GaitPDB,5,1.0,63,1.01,0.1,0.8,external_balanced_oracle,True,LEACE::closed_form,LEACE,0.0,True,True,False,False,False,True
shifted_sensitivity|GaitPDB|seed=5|fraction=1|gamma=1.01|tau=0.2|lambda=0.6,shifted_sensitivity,GaitPDB,5,1.0,63,1.01,0.2,0.6,always_deploy_balanced,True,LEACE::closed_form,LEACE,0.0,True,True,False,False,False,True
shifted_sensitivity|GaitPDB|seed=5|fraction=1|gamma=1.01|tau=0.2|lambda=0.6,shifted_sensitivity,GaitPDB,5,1.0,63,1.01,0.2,0.6,point_selection_balanced,False,,,0.0,True,NA,False,False,False,True
shifted_sensitivity|GaitPDB|seed=5|fraction=1|gamma=1.01|tau=0.2|lambda=0.6,shifted_sensitivity,GaitPDB,5,1.0,63,1.01,0.2,0.6,vera_balanced_iut,False,,,0.0,True,NA,False,False,False,True
shifted_sensitivity|GaitPDB|seed=5|fraction=1|gamma=1.01|tau=0.2|lambda=0.6,shifted_sensitivity,GaitPDB,5,1.0,63,1.01,0.2,0.6,vera_balanced_envelope,False,,,0.0,True,NA,False,False,False,True
shifted_sensitivity|GaitPDB|seed=5|fraction=1|gamma=1.01|tau=0.2|lambda=0.6,shifted_sensitivity,GaitPDB,5,1.0,63,1.01,0.2,0.6,external_balanced_oracle,True,LEACE::closed_form,LEACE,0.0,True,True,False,False,False,True
shifted_sensitivity|GaitPDB|seed=5|fraction=1|gamma=1.01|tau=0.2|lambda=0.7,shifted_sensitivity,GaitPDB,5,1.0,63,1.01,0.2,0.7,always_deploy_balanced,True,LEACE::closed_form,LEACE,0.0,True,True,False,False,False,True
shifted_sensitivity|GaitPDB|seed=5|fraction=1|gamma=1.01|tau=0.2|lambda=0.7,shifted_sensitivity,GaitPDB,5,1.0,63,1.01,0.2,0.7,point_selection_balanced,True,LEACE::closed_form,LEACE,0.0,True,True,False,False,False,True
shifted_sensitivity|GaitPDB|seed=5|fraction=1|gamma=1.01|tau=0.2|lambda=0.7,shifted_sensitivity,GaitPDB,5,1.0,63,1.01,0.2,0.7,vera_balanced_iut,False,,,0.0,True,NA,False,False,False,True
shifted_sensitivity|GaitPDB|seed=5|fraction=1|gamma=1.01|tau=0.2|lambda=0.7,shifted_sensitivity,GaitPDB,5,1.0,63,1.01,0.2,0.7,vera_balanced_envelope,False,,,0.0,True,NA,False,False,False,True
shifted_sensitivity|GaitPDB|seed=5|fraction=1|gamma=1.01|tau=0.2|lambda=0.7,shifted_sensitivity,GaitPDB,5,1.0,63,1.01,0.2,0.7,external_balanced_oracle,True,LEACE::closed_form,LEACE,0.0,True,True,False,False,False,True
shifted_sensitivity|GaitPDB|seed=5|fraction=1|gamma=1.01|tau=0.2|lambda=0.8,shifted_sensitivity,GaitPDB,5,1.0,63,1.01,0.2,0.8,always_deploy_balanced,True,LEACE::closed_form,LEACE,0.0,True,True,False,False,False,True
shifted_sensitivity|GaitPDB|seed=5|fraction=1|gamma=1.01|tau=0.2|lambda=0.8,shifted_sensitivity,GaitPDB,5,1.0,63,1.01,0.2,0.8,point_selection_balanced,True,LEACE::closed_form,LEACE,0.0,True,True,False,False,False,True
shifted_sensitivity|GaitPDB|seed=5|fraction=1|gamma=1.01|tau=0.2|lambda=0.8,shifted_sensitivity,GaitPDB,5,1.0,63,1.01,0.2,0.8,vera_balanced_iut,False,,,0.0,True,NA,False,False,False,True
shifted_sensitivity|GaitPDB|seed=5|fraction=1|gamma=1.01|tau=0.2|lambda=0.8,shifted_sensitivity,GaitPDB,5,1.0,63,1.01,0.2,0.8,vera_balanced_envelope,False,,,0.0,True,NA,False,False,False,True
shifted_sensitivity|GaitPDB|seed=5|fraction=1|gamma=1.01|tau=0.2|lambda=0.8,shifted_sensitivity,GaitPDB,5,1.0,63,1.01,0.2,0.8,external_balanced_oracle,True,LEACE::closed_form,LEACE,0.0,True,True,False,False,False,True
learning_curve|GaitPDB|seed=6|fraction=0.05|gamma=1|tau=0.05|lambda=0.6,learning_curve,GaitPDB,6,0.05,4,1.0,0.05,0.6,always_deploy_balanced,True,"MANCE++::epsilon=0.05,steps=3",MANCE++,0.0,True,False,True,False,False,True
learning_curve|GaitPDB|seed=6|fraction=0.05|gamma=1|tau=0.05|lambda=0.6,learning_curve,GaitPDB,6,0.05,4,1.0,0.05,0.6,point_selection_balanced,False,,,0.0,True,NA,False,False,False,True
learning_curve|GaitPDB|seed=6|fraction=0.05|gamma=1|tau=0.05|lambda=0.6,learning_curve,GaitPDB,6,0.05,4,1.0,0.05,0.6,vera_balanced_iut,False,,,0.0,True,NA,False,False,False,True
learning_curve|GaitPDB|seed=6|fraction=0.05|gamma=1|tau=0.05|lambda=0.6,learning_curve,GaitPDB,6,0.05,4,1.0,0.05,0.6,vera_balanced_envelope,False,,,0.0,True,NA,False,False,False,True
learning_curve|GaitPDB|seed=6|fraction=0.05|gamma=1|tau=0.05|lambda=0.6,learning_curve,GaitPDB,6,0.05,4,1.0,0.05,0.6,external_balanced_oracle,True,LEACE::closed_form,LEACE,0.0,True,True,False,False,False,True
learning_curve|GaitPDB|seed=6|fraction=0.05|gamma=1|tau=0.05|lambda=0.7,learning_curve,GaitPDB,6,0.05,4,1.0,0.05,0.7,always_deploy_balanced,True,"MANCE++::epsilon=0.05,steps=3",MANCE++,0.0,True,False,True,False,False,True
learning_curve|GaitPDB|seed=6|fraction=0.05|gamma=1|tau=0.05|lambda=0.7,learning_curve,GaitPDB,6,0.05,4,1.0,0.05,0.7,point_selection_balanced,False,,,0.0,True,NA,False,False,False,True
learning_curve|GaitPDB|seed=6|fraction=0.05|gamma=1|tau=0.05|lambda=0.7,learning_curve,GaitPDB,6,0.05,4,1.0,0.05,0.7,vera_balanced_iut,False,,,0.0,True,NA,False,False,False,True
learning_curve|GaitPDB|seed=6|fraction=0.05|gamma=1|tau=0.05|lambda=0.7,learning_curve,GaitPDB,6,0.05,4,1.0,0.05,0.7,vera_balanced_envelope,False,,,0.0,True,NA,False,False,False,True
learning_curve|GaitPDB|seed=6|fraction=0.05|gamma=1|tau=0.05|lambda=0.7,learning_curve,GaitPDB,6,0.05,4,1.0,0.05,0.7,external_balanced_oracle,True,LEACE::closed_form,LEACE,0.0,True,True,False,False,False,True
learning_curve|GaitPDB|seed=6|fraction=0.05|gamma=1|tau=0.05|lambda=0.8,learning_curve,GaitPDB,6,0.05,4,1.0,0.05,0.8,always_deploy_balanced,True,"MANCE++::epsilon=0.05,steps=3",MANCE++,0.0,True,False,True,False,False,True
learning_curve|GaitPDB|seed=6|fraction=0.05|gamma=1|tau=0.05|lambda=0.8,learning_curve,GaitPDB,6,0.05,4,1.0,0.05,0.8,point_selection_balanced,True,"MANCE++::epsilon=0.05,steps=3",MANCE++,0.0,True,False,True,False,False,True
learning_curve|GaitPDB|seed=6|fraction=0.05|gamma=1|tau=0.05|lambda=0.8,learning_curve,GaitPDB,6,0.05,4,1.0,0.05,0.8,vera_balanced_iut,False,,,0.0,True,NA,False,False,False,True
learning_curve|GaitPDB|seed=6|fraction=0.05|gamma=1|tau=0.05|lambda=0.8,learning_curve,GaitPDB,6,0.05,4,1.0,0.05,0.8,vera_balanced_envelope,False,,,0.0,True,NA,False,False,False,True
learning_curve|GaitPDB|seed=6|fraction=0.05|gamma=1|tau=0.05|lambda=0.8,learning_curve,GaitPDB,6,0.05,4,1.0,0.05,0.8,external_balanced_oracle,True,LEACE::closed_form,LEACE,0.0,True,True,False,False,False,True
learning_curve|GaitPDB|seed=6|fraction=0.05|gamma=1|tau=0.1|lambda=0.6,learning_curve,GaitPDB,6,0.05,4,1.0,0.1,0.6,always_deploy_balanced,True,"MANCE++::epsilon=0.05,steps=3",MANCE++,0.0,True,False,True,False,False,True
learning_curve|GaitPDB|seed=6|fraction=0.05|gamma=1|tau=0.1|lambda=0.6,learning_curve,GaitPDB,6,0.05,4,1.0,0.1,0.6,point_selection_balanced,False,,,0.0,True,NA,False,False,False,True
learning_curve|GaitPDB|seed=6|fraction=0.05|gamma=1|tau=0.1|lambda=0.6,learning_curve,GaitPDB,6,0.05,4,1.0,0.1,0.6,vera_balanced_iut,False,,,0.0,True,NA,False,False,False,True
learning_curve|GaitPDB|seed=6|fraction=0.05|gamma=1|tau=0.1|lambda=0.6,learning_curve,GaitPDB,6,0.05,4,1.0,0.1,0.6,vera_balanced_envelope,False,,,0.0,True,NA,False,False,False,True
learning_curve|GaitPDB|seed=6|fraction=0.05|gamma=1|tau=0.1|lambda=0.6,learning_curve,GaitPDB,6,0.05,4,1.0,0.1,0.6,external_balanced_oracle,True,LEACE::closed_form,LEACE,0.0,True,True,False,False,False,True
learning_curve|GaitPDB|seed=6|fraction=0.05|gamma=1|tau=0.1|lambda=0.7,learning_curve,GaitPDB,6,0.05,4,1.0,0.1,0.7,always_deploy_balanced,True,"MANCE++::epsilon=0.05,steps=3",MANCE++,0.0,True,False,True,False,False,True
learning_curve|GaitPDB|seed=6|fraction=0.05|gamma=1|tau=0.1|lambda=0.7,learning_curve,GaitPDB,6,0.05,4,1.0,0.1,0.7,point_selection_balanced,False,,,0.0,True,NA,False,False,False,True
learning_curve|GaitPDB|seed=6|fraction=0.05|gamma=1|tau=0.1|lambda=0.7,learning_curve,GaitPDB,6,0.05,4,1.0,0.1,0.7,vera_balanced_iut,False,,,0.0,True,NA,False,False,False,True
learning_curve|GaitPDB|seed=6|fraction=0.05|gamma=1|tau=0.1|lambda=0.7,learning_curve,GaitPDB,6,0.05,4,1.0,0.1,0.7,vera_balanced_envelope,False,,,0.0,True,NA,False,False,False,True
learning_curve|GaitPDB|seed=6|fraction=0.05|gamma=1|tau=0.1|lambda=0.7,learning_curve,GaitPDB,6,0.05,4,1.0,0.1,0.7,external_balanced_oracle,True,LEACE::closed_form,LEACE,0.0,True,True,False,False,False,True
learning_curve|GaitPDB|seed=6|fraction=0.05|gamma=1|tau=0.1|lambda=0.8,learning_curve,GaitPDB,6,0.05,4,1.0,0.1,0.8,always_deploy_balanced,True,"MANCE++::epsilon=0.05,steps=3",MANCE++,0.0,True,False,True,False,False,True
learning_curve|GaitPDB|seed=6|fraction=0.05|gamma=1|tau=0.1|lambda=0.8,learning_curve,GaitPDB,6,0.05,4,1.0,0.1,0.8,point_selection_balanced,True,"MANCE++::epsilon=0.05,steps=3",MANCE++,0.0,True,False,True,False,False,True
learning_curve|GaitPDB|seed=6|fraction=0.05|gamma=1|tau=0.1|lambda=0.8,learning_curve,GaitPDB,6,0.05,4,1.0,0.1,0.8,vera_balanced_iut,False,,,0.0,True,NA,False,False,False,True
learning_curve|GaitPDB|seed=6|fraction=0.05|gamma=1|tau=0.1|lambda=0.8,learning_curve,GaitPDB,6,0.05,4,1.0,0.1,0.8,vera_balanced_envelope,False,,,0.0,True,NA,False,False,False,True
learning_curve|GaitPDB|seed=6|fraction=0.05|gamma=1|tau=0.1|lambda=0.8,learning_curve,GaitPDB,6,0.05,4,1.0,0.1,0.8,external_balanced_oracle,True,LEACE::closed_form,LEACE,0.0,True,True,False,False,False,True
learning_curve|GaitPDB|seed=6|fraction=0.05|gamma=1|tau=0.2|lambda=0.6,learning_curve,GaitPDB,6,0.05,4,1.0,0.2,0.6,always_deploy_balanced,True,"MANCE++::epsilon=0.05,steps=3",MANCE++,0.0,True,True,False,False,False,True
learning_curve|GaitPDB|seed=6|fraction=0.05|gamma=1|tau=0.2|lambda=0.6,learning_curve,GaitPDB,6,0.05,4,1.0,0.2,0.6,point_selection_balanced,False,,,0.0,True,NA,False,False,False,True
learning_curve|GaitPDB|seed=6|fraction=0.05|gamma=1|tau=0.2|lambda=0.6,learning_curve,GaitPDB,6,0.05,4,1.0,0.2,0.6,vera_balanced_iut,False,,,0.0,True,NA,False,False,False,True
learning_curve|GaitPDB|seed=6|fraction=0.05|gamma=1|tau=0.2|lambda=0.6,learning_curve,GaitPDB,6,0.05,4,1.0,0.2,0.6,vera_balanced_envelope,False,,,0.0,True,NA,False,False,False,True
learning_curve|GaitPDB|seed=6|fraction=0.05|gamma=1|tau=0.2|lambda=0.6,learning_curve,GaitPDB,6,0.05,4,1.0,0.2,0.6,external_balanced_oracle,True,"MANCE++::epsilon=0.05,steps=3",MANCE++,0.0,True,True,False,False,False,True
learning_curve|GaitPDB|seed=6|fraction=0.05|gamma=1|tau=0.2|lambda=0.7,learning_curve,GaitPDB,6,0.05,4,1.0,0.2,0.7,always_deploy_balanced,True,"MANCE++::epsilon=0.05,steps=3",MANCE++,0.0,True,True,False,False,False,True
learning_curve|GaitPDB|seed=6|fraction=0.05|gamma=1|tau=0.2|lambda=0.7,learning_curve,GaitPDB,6,0.05,4,1.0,0.2,0.7,point_selection_balanced,False,,,0.0,True,NA,False,False,False,True
learning_curve|GaitPDB|seed=6|fraction=0.05|gamma=1|tau=0.2|lambda=0.7,learning_curve,GaitPDB,6,0.05,4,1.0,0.2,0.7,vera_balanced_iut,False,,,0.0,True,NA,False,False,False,True
learning_curve|GaitPDB|seed=6|fraction=0.05|gamma=1|tau=0.2|lambda=0.7,learning_curve,GaitPDB,6,0.05,4,1.0,0.2,0.7,vera_balanced_envelope,False,,,0.0,True,NA,False,False,False,True
learning_curve|GaitPDB|seed=6|fraction=0.05|gamma=1|tau=0.2|lambda=0.7,learning_curve,GaitPDB,6,0.05,4,1.0,0.2,0.7,external_balanced_oracle,True,"MANCE++::epsilon=0.05,steps=3",MANCE++,0.0,True,True,False,False,False,True
learning_curve|GaitPDB|seed=6|fraction=0.05|gamma=1|tau=0.2|lambda=0.8,learning_curve,GaitPDB,6,0.05,4,1.0,0.2,0.8,always_deploy_balanced,True,"MANCE++::epsilon=0.05,steps=3",MANCE++,0.0,True,True,False,False,False,True
learning_curve|GaitPDB|seed=6|fraction=0.05|gamma=1|tau=0.2|lambda=0.8,learning_curve,GaitPDB,6,0.05,4,1.0,0.2,0.8,point_selection_balanced,True,"MANCE++::epsilon=0.05,steps=3",MANCE++,0.0,True,True,False,False,False,True
learning_curve|GaitPDB|seed=6|fraction=0.05|gamma=1|tau=0.2|lambda=0.8,learning_curve,GaitPDB,6,0.05,4,1.0,0.2,0.8,vera_balanced_iut,False,,,0.0,True,NA,False,False,False,True
learning_curve|GaitPDB|seed=6|fraction=0.05|gamma=1|tau=0.2|lambda=0.8,learning_curve,GaitPDB,6,0.05,4,1.0,0.2,0.8,vera_balanced_envelope,False,,,0.0,True,NA,False,False,False,True
learning_curve|GaitPDB|seed=6|fraction=0.05|gamma=1|tau=0.2|lambda=0.8,learning_curve,GaitPDB,6,0.05,4,1.0,0.2,0.8,external_balanced_oracle,True,"MANCE++::epsilon=0.05,steps=3",MANCE++,0.0,True,True,False,False,False,True
learning_curve|GaitPDB|seed=6|fraction=0.1|gamma=1|tau=0.05|lambda=0.6,learning_curve,GaitPDB,6,0.1,5,1.0,0.05,0.6,always_deploy_balanced,True,"MANCE++::epsilon=0.05,steps=3",MANCE++,0.0,True,False,True,False,False,True
learning_curve|GaitPDB|seed=6|fraction=0.1|gamma=1|tau=0.05|lambda=0.6,learning_curve,GaitPDB,6,0.1,5,1.0,0.05,0.6,point_selection_balanced,False,,,0.0,True,NA,False,False,False,True
learning_curve|GaitPDB|seed=6|fraction=0.1|gamma=1|tau=0.05|lambda=0.6,learning_curve,GaitPDB,6,0.1,5,1.0,0.05,0.6,vera_balanced_iut,False,,,0.0,True,NA,False,False,False,True
learning_curve|GaitPDB|seed=6|fraction=0.1|gamma=1|tau=0.05|lambda=0.6,learning_curve,GaitPDB,6,0.1,5,1.0,0.05,0.6,vera_balanced_envelope,False,,,0.0,True,NA,False,False,False,True
learning_curve|GaitPDB|seed=6|fraction=0.1|gamma=1|tau=0.05|lambda=0.6,learning_curve,GaitPDB,6,0.1,5,1.0,0.05,0.6,external_balanced_oracle,True,LEACE::closed_form,LEACE,0.0,True,True,False,False,False,True
learning_curve|GaitPDB|seed=6|fraction=0.1|gamma=1|tau=0.05|lambda=0.7,learning_curve,GaitPDB,6,0.1,5,1.0,0.05,0.7,always_deploy_balanced,True,"MANCE++::epsilon=0.05,steps=3",MANCE++,0.0,True,False,True,False,False,True
learning_curve|GaitPDB|seed=6|fraction=0.1|gamma=1|tau=0.05|lambda=0.7,learning_curve,GaitPDB,6,0.1,5,1.0,0.05,0.7,point_selection_balanced,True,"MANCE++::epsilon=0.05,steps=3",MANCE++,0.0,True,False,True,False,False,True
learning_curve|GaitPDB|seed=6|fraction=0.1|gamma=1|tau=0.05|lambda=0.7,learning_curve,GaitPDB,6,0.1,5,1.0,0.05,0.7,vera_balanced_iut,False,,,0.0,True,NA,False,False,False,True
learning_curve|GaitPDB|seed=6|fraction=0.1|gamma=1|tau=0.05|lambda=0.7,learning_curve,GaitPDB,6,0.1,5,1.0,0.05,0.7,vera_balanced_envelope,False,,,0.0,True,NA,False,False,False,True
learning_curve|GaitPDB|seed=6|fraction=0.1|gamma=1|tau=0.05|lambda=0.7,learning_curve,GaitPDB,6,0.1,5,1.0,0.05,0.7,external_balanced_oracle,True,LEACE::closed_form,LEACE,0.0,True,True,False,False,False,True
learning_curve|GaitPDB|seed=6|fraction=0.1|gamma=1|tau=0.05|lambda=0.8,learning_curve,GaitPDB,6,0.1,5,1.0,0.05,0.8,always_deploy_balanced,True,"MANCE++::epsilon=0.05,steps=3",MANCE++,0.0,True,False,True,False,False,True
learning_curve|GaitPDB|seed=6|fraction=0.1|gamma=1|tau=0.05|lambda=0.8,learning_curve,GaitPDB,6,0.1,5,1.0,0.05,0.8,point_selection_balanced,True,"MANCE++::epsilon=0.05,steps=3",MANCE++,0.0,True,False,True,False,False,True
learning_curve|GaitPDB|seed=6|fraction=0.1|gamma=1|tau=0.05|lambda=0.8,learning_curve,GaitPDB,6,0.1,5,1.0,0.05,0.8,vera_balanced_iut,False,,,0.0,True,NA,False,False,False,True
learning_curve|GaitPDB|seed=6|fraction=0.1|gamma=1|tau=0.05|lambda=0.8,learning_curve,GaitPDB,6,0.1,5,1.0,0.05,0.8,vera_balanced_envelope,False,,,0.0,True,NA,False,False,False,True
learning_curve|GaitPDB|seed=6|fraction=0.1|gamma=1|tau=0.05|lambda=0.8,learning_curve,GaitPDB,6,0.1,5,1.0,0.05,0.8,external_balanced_oracle,True,LEACE::closed_form,LEACE,0.0,True,True,False,False,False,True
learning_curve|GaitPDB|seed=6|fraction=0.1|gamma=1|tau=0.1|lambda=0.6,learning_curve,GaitPDB,6,0.1,5,1.0,0.1,0.6,always_deploy_balanced,True,"MANCE++::epsilon=0.05,steps=3",MANCE++,0.0,True,False,True,False,False,True
learning_curve|GaitPDB|seed=6|fraction=0.1|gamma=1|tau=0.1|lambda=0.6,learning_curve,GaitPDB,6,0.1,5,1.0,0.1,0.6,point_selection_balanced,False,,,0.0,True,NA,False,False,False,True
learning_curve|GaitPDB|seed=6|fraction=0.1|gamma=1|tau=0.1|lambda=0.6,learning_curve,GaitPDB,6,0.1,5,1.0,0.1,0.6,vera_balanced_iut,False,,,0.0,True,NA,False,False,False,True
learning_curve|GaitPDB|seed=6|fraction=0.1|gamma=1|tau=0.1|lambda=0.6,learning_curve,GaitPDB,6,0.1,5,1.0,0.1,0.6,vera_balanced_envelope,False,,,0.0,True,NA,False,False,False,True
learning_curve|GaitPDB|seed=6|fraction=0.1|gamma=1|tau=0.1|lambda=0.6,learning_curve,GaitPDB,6,0.1,5,1.0,0.1,0.6,external_balanced_oracle,True,LEACE::closed_form,LEACE,0.0,True,True,False,False,False,True
learning_curve|GaitPDB|seed=6|fraction=0.1|gamma=1|tau=0.1|lambda=0.7,learning_curve,GaitPDB,6,0.1,5,1.0,0.1,0.7,always_deploy_balanced,True,"MANCE++::epsilon=0.05,steps=3",MANCE++,0.0,True,False,True,False,False,True
learning_curve|GaitPDB|seed=6|fraction=0.1|gamma=1|tau=0.1|lambda=0.7,learning_curve,GaitPDB,6,0.1,5,1.0,0.1,0.7,point_selection_balanced,True,"MANCE++::epsilon=0.05,steps=3",MANCE++,0.0,True,False,True,False,False,True
learning_curve|GaitPDB|seed=6|fraction=0.1|gamma=1|tau=0.1|lambda=0.7,learning_curve,GaitPDB,6,0.1,5,1.0,0.1,0.7,vera_balanced_iut,False,,,0.0,True,NA,False,False,False,True
learning_curve|GaitPDB|seed=6|fraction=0.1|gamma=1|tau=0.1|lambda=0.7,learning_curve,GaitPDB,6,0.1,5,1.0,0.1,0.7,vera_balanced_envelope,False,,,0.0,True,NA,False,False,False,True
learning_curve|GaitPDB|seed=6|fraction=0.1|gamma=1|tau=0.1|lambda=0.7,learning_curve,GaitPDB,6,0.1,5,1.0,0.1,0.7,external_balanced_oracle,True,LEACE::closed_form,LEACE,0.0,True,True,False,False,False,True
learning_curve|GaitPDB|seed=6|fraction=0.1|gamma=1|tau=0.1|lambda=0.8,learning_curve,GaitPDB,6,0.1,5,1.0,0.1,0.8,always_deploy_balanced,True,"MANCE++::epsilon=0.05,steps=3",MANCE++,0.0,True,False,True,False,False,True
learning_curve|GaitPDB|seed=6|fraction=0.1|gamma=1|tau=0.1|lambda=0.8,learning_curve,GaitPDB,6,0.1,5,1.0,0.1,0.8,point_selection_balanced,True,"MANCE++::epsilon=0.05,steps=3",MANCE++,0.0,True,False,True,False,False,True
learning_curve|GaitPDB|seed=6|fraction=0.1|gamma=1|tau=0.1|lambda=0.8,learning_curve,GaitPDB,6,0.1,5,1.0,0.1,0.8,vera_balanced_iut,False,,,0.0,True,NA,False,False,False,True
learning_curve|GaitPDB|seed=6|fraction=0.1|gamma=1|tau=0.1|lambda=0.8,learning_curve,GaitPDB,6,0.1,5,1.0,0.1,0.8,vera_balanced_envelope,False,,,0.0,True,NA,False,False,False,True
learning_curve|GaitPDB|seed=6|fraction=0.1|gamma=1|tau=0.1|lambda=0.8,learning_curve,GaitPDB,6,0.1,5,1.0,0.1,0.8,external_balanced_oracle,True,LEACE::closed_form,LEACE,0.0,True,True,False,False,False,True
learning_curve|GaitPDB|seed=6|fraction=0.1|gamma=1|tau=0.2|lambda=0.6,learning_curve,GaitPDB,6,0.1,5,1.0,0.2,0.6,always_deploy_balanced,True,"MANCE++::epsilon=0.05,steps=3",MANCE++,0.0,True,True,False,False,False,True
learning_curve|GaitPDB|seed=6|fraction=0.1|gamma=1|tau=0.2|lambda=0.6,learning_curve,GaitPDB,6,0.1,5,1.0,0.2,0.6,point_selection_balanced,False,,,0.0,True,NA,False,False,False,True
learning_curve|GaitPDB|seed=6|fraction=0.1|gamma=1|tau=0.2|lambda=0.6,learning_curve,GaitPDB,6,0.1,5,1.0,0.2,0.6,vera_balanced_iut,False,,,0.0,True,NA,False,False,False,True
learning_curve|GaitPDB|seed=6|fraction=0.1|gamma=1|tau=0.2|lambda=0.6,learning_curve,GaitPDB,6,0.1,5,1.0,0.2,0.6,vera_balanced_envelope,False,,,0.0,True,NA,False,False,False,True
learning_curve|GaitPDB|seed=6|fraction=0.1|gamma=1|tau=0.2|lambda=0.6,learning_curve,GaitPDB,6,0.1,5,1.0,0.2,0.6,external_balanced_oracle,True,"MANCE++::epsilon=0.05,steps=3",MANCE++,0.0,True,True,False,False,False,True
learning_curve|GaitPDB|seed=6|fraction=0.1|gamma=1|tau=0.2|lambda=0.7,learning_curve,GaitPDB,6,0.1,5,1.0,0.2,0.7,always_deploy_balanced,True,"MANCE++::epsilon=0.05,steps=3",MANCE++,0.0,True,True,False,False,False,True
learning_curve|GaitPDB|seed=6|fraction=0.1|gamma=1|tau=0.2|lambda=0.7,learning_curve,GaitPDB,6,0.1,5,1.0,0.2,0.7,point_selection_balanced,True,"MANCE++::epsilon=0.05,steps=3",MANCE++,0.0,True,True,False,False,False,True
learning_curve|GaitPDB|seed=6|fraction=0.1|gamma=1|tau=0.2|lambda=0.7,learning_curve,GaitPDB,6,0.1,5,1.0,0.2,0.7,vera_balanced_iut,False,,,0.0,True,NA,False,False,False,True
learning_curve|GaitPDB|seed=6|fraction=0.1|gamma=1|tau=0.2|lambda=0.7,learning_curve,GaitPDB,6,0.1,5,1.0,0.2,0.7,vera_balanced_envelope,False,,,0.0,True,NA,False,False,False,True
learning_curve|GaitPDB|seed=6|fraction=0.1|gamma=1|tau=0.2|lambda=0.7,learning_curve,GaitPDB,6,0.1,5,1.0,0.2,0.7,external_balanced_oracle,True,"MANCE++::epsilon=0.05,steps=3",MANCE++,0.0,True,True,False,False,False,True
learning_curve|GaitPDB|seed=6|fraction=0.1|gamma=1|tau=0.2|lambda=0.8,learning_curve,GaitPDB,6,0.1,5,1.0,0.2,0.8,always_deploy_balanced,True,"MANCE++::epsilon=0.05,steps=3",MANCE++,0.0,True,True,False,False,False,True
learning_curve|GaitPDB|seed=6|fraction=0.1|gamma=1|tau=0.2|lambda=0.8,learning_curve,GaitPDB,6,0.1,5,1.0,0.2,0.8,point_selection_balanced,True,"MANCE++::epsilon=0.05,steps=3",MANCE++,0.0,True,True,False,False,False,True
learning_curve|GaitPDB|seed=6|fraction=0.1|gamma=1|tau=0.2|lambda=0.8,learning_curve,GaitPDB,6,0.1,5,1.0,0.2,0.8,vera_balanced_iut,False,,,0.0,True,NA,False,False,False,True
learning_curve|GaitPDB|seed=6|fraction=0.1|gamma=1|tau=0.2|lambda=0.8,learning_curve,GaitPDB,6,0.1,5,1.0,0.2,0.8,vera_balanced_envelope,False,,,0.0,True,NA,False,False,False,True
learning_curve|GaitPDB|seed=6|fraction=0.1|gamma=1|tau=0.2|lambda=0.8,learning_curve,GaitPDB,6,0.1,5,1.0,0.2,0.8,external_balanced_oracle,True,"MANCE++::epsilon=0.05,steps=3",MANCE++,0.0,True,True,False,False,False,True
learning_curve|GaitPDB|seed=6|fraction=0.25|gamma=1|tau=0.05|lambda=0.6,learning_curve,GaitPDB,6,0.25,14,1.0,0.05,0.6,always_deploy_balanced,True,LEACE::closed_form,LEACE,0.0,True,True,False,False,False,True
learning_curve|GaitPDB|seed=6|fraction=0.25|gamma=1|tau=0.05|lambda=0.6,learning_curve,GaitPDB,6,0.25,14,1.0,0.05,0.6,point_selection_balanced,False,,,0.0,True,NA,False,False,False,True
learning_curve|GaitPDB|seed=6|fraction=0.25|gamma=1|tau=0.05|lambda=0.6,learning_curve,GaitPDB,6,0.25,14,1.0,0.05,0.6,vera_balanced_iut,False,,,0.0,True,NA,False,False,False,True
learning_curve|GaitPDB|seed=6|fraction=0.25|gamma=1|tau=0.05|lambda=0.6,learning_curve,GaitPDB,6,0.25,14,1.0,0.05,0.6,vera_balanced_envelope,False,,,0.0,True,NA,False,False,False,True
learning_curve|GaitPDB|seed=6|fraction=0.25|gamma=1|tau=0.05|lambda=0.6,learning_curve,GaitPDB,6,0.25,14,1.0,0.05,0.6,external_balanced_oracle,True,LEACE::closed_form,LEACE,0.0,True,True,False,False,False,True
learning_curve|GaitPDB|seed=6|fraction=0.25|gamma=1|tau=0.05|lambda=0.7,learning_curve,GaitPDB,6,0.25,14,1.0,0.05,0.7,always_deploy_balanced,True,LEACE::closed_form,LEACE,0.0,True,True,False,False,False,True
learning_curve|GaitPDB|seed=6|fraction=0.25|gamma=1|tau=0.05|lambda=0.7,learning_curve,GaitPDB,6,0.25,14,1.0,0.05,0.7,point_selection_balanced,False,,,0.0,True,NA,False,False,False,True
learning_curve|GaitPDB|seed=6|fraction=0.25|gamma=1|tau=0.05|lambda=0.7,learning_curve,GaitPDB,6,0.25,14,1.0,0.05,0.7,vera_balanced_iut,False,,,0.0,True,NA,False,False,False,True
learning_curve|GaitPDB|seed=6|fraction=0.25|gamma=1|tau=0.05|lambda=0.7,learning_curve,GaitPDB,6,0.25,14,1.0,0.05,0.7,vera_balanced_envelope,False,,,0.0,True,NA,False,False,False,True
learning_curve|GaitPDB|seed=6|fraction=0.25|gamma=1|tau=0.05|lambda=0.7,learning_curve,GaitPDB,6,0.25,14,1.0,0.05,0.7,external_balanced_oracle,True,LEACE::closed_form,LEACE,0.0,True,True,False,False,False,True
learning_curve|GaitPDB|seed=6|fraction=0.25|gamma=1|tau=0.05|lambda=0.8,learning_curve,GaitPDB,6,0.25,14,1.0,0.05,0.8,always_deploy_balanced,True,LEACE::closed_form,LEACE,0.0,True,True,False,False,False,True
learning_curve|GaitPDB|seed=6|fraction=0.25|gamma=1|tau=0.05|lambda=0.8,learning_curve,GaitPDB,6,0.25,14,1.0,0.05,0.8,point_selection_balanced,True,TaCo::components_removed=1,TaCo,0.0,True,True,False,False,False,True
learning_curve|GaitPDB|seed=6|fraction=0.25|gamma=1|tau=0.05|lambda=0.8,learning_curve,GaitPDB,6,0.25,14,1.0,0.05,0.8,vera_balanced_iut,False,,,0.0,True,NA,False,False,False,True
learning_curve|GaitPDB|seed=6|fraction=0.25|gamma=1|tau=0.05|lambda=0.8,learning_curve,GaitPDB,6,0.25,14,1.0,0.05,0.8,vera_balanced_envelope,False,,,0.0,True,NA,False,False,False,True
learning_curve|GaitPDB|seed=6|fraction=0.25|gamma=1|tau=0.05|lambda=0.8,learning_curve,GaitPDB,6,0.25,14,1.0,0.05,0.8,external_balanced_oracle,True,LEACE::closed_form,LEACE,0.0,True,True,False,False,False,True
learning_curve|GaitPDB|seed=6|fraction=0.25|gamma=1|tau=0.1|lambda=0.6,learning_curve,GaitPDB,6,0.25,14,1.0,0.1,0.6,always_deploy_balanced,True,LEACE::closed_form,LEACE,0.0,True,True,False,False,False,True
learning_curve|GaitPDB|seed=6|fraction=0.25|gamma=1|tau=0.1|lambda=0.6,learning_curve,GaitPDB,6,0.25,14,1.0,0.1,0.6,point_selection_balanced,False,,,0.0,True,NA,False,False,False,True
learning_curve|GaitPDB|seed=6|fraction=0.25|gamma=1|tau=0.1|lambda=0.6,learning_curve,GaitPDB,6,0.25,14,1.0,0.1,0.6,vera_balanced_iut,False,,,0.0,True,NA,False,False,False,True
learning_curve|GaitPDB|seed=6|fraction=0.25|gamma=1|tau=0.1|lambda=0.6,learning_curve,GaitPDB,6,0.25,14,1.0,0.1,0.6,vera_balanced_envelope,False,,,0.0,True,NA,False,False,False,True
learning_curve|GaitPDB|seed=6|fraction=0.25|gamma=1|tau=0.1|lambda=0.6,learning_curve,GaitPDB,6,0.25,14,1.0,0.1,0.6,external_balanced_oracle,True,LEACE::closed_form,LEACE,0.0,True,True,False,False,False,True
learning_curve|GaitPDB|seed=6|fraction=0.25|gamma=1|tau=0.1|lambda=0.7,learning_curve,GaitPDB,6,0.25,14,1.0,0.1,0.7,always_deploy_balanced,True,LEACE::closed_form,LEACE,0.0,True,True,False,False,False,True
learning_curve|GaitPDB|seed=6|fraction=0.25|gamma=1|tau=0.1|lambda=0.7,learning_curve,GaitPDB,6,0.25,14,1.0,0.1,0.7,point_selection_balanced,False,,,0.0,True,NA,False,False,False,True
learning_curve|GaitPDB|seed=6|fraction=0.25|gamma=1|tau=0.1|lambda=0.7,learning_curve,GaitPDB,6,0.25,14,1.0,0.1,0.7,vera_balanced_iut,False,,,0.0,True,NA,False,False,False,True
learning_curve|GaitPDB|seed=6|fraction=0.25|gamma=1|tau=0.1|lambda=0.7,learning_curve,GaitPDB,6,0.25,14,1.0,0.1,0.7,vera_balanced_envelope,False,,,0.0,True,NA,False,False,False,True
learning_curve|GaitPDB|seed=6|fraction=0.25|gamma=1|tau=0.1|lambda=0.7,learning_curve,GaitPDB,6,0.25,14,1.0,0.1,0.7,external_balanced_oracle,True,LEACE::closed_form,LEACE,0.0,True,True,False,False,False,True
learning_curve|GaitPDB|seed=6|fraction=0.25|gamma=1|tau=0.1|lambda=0.8,learning_curve,GaitPDB,6,0.25,14,1.0,0.1,0.8,always_deploy_balanced,True,LEACE::closed_form,LEACE,0.0,True,True,False,False,False,True
learning_curve|GaitPDB|seed=6|fraction=0.25|gamma=1|tau=0.1|lambda=0.8,learning_curve,GaitPDB,6,0.25,14,1.0,0.1,0.8,point_selection_balanced,True,TaCo::components_removed=1,TaCo,0.0,True,True,False,False,False,True
learning_curve|GaitPDB|seed=6|fraction=0.25|gamma=1|tau=0.1|lambda=0.8,learning_curve,GaitPDB,6,0.25,14,1.0,0.1,0.8,vera_balanced_iut,False,,,0.0,True,NA,False,False,False,True
learning_curve|GaitPDB|seed=6|fraction=0.25|gamma=1|tau=0.1|lambda=0.8,learning_curve,GaitPDB,6,0.25,14,1.0,0.1,0.8,vera_balanced_envelope,False,,,0.0,True,NA,False,False,False,True
learning_curve|GaitPDB|seed=6|fraction=0.25|gamma=1|tau=0.1|lambda=0.8,learning_curve,GaitPDB,6,0.25,14,1.0,0.1,0.8,external_balanced_oracle,True,LEACE::closed_form,LEACE,0.0,True,True,False,False,False,True
learning_curve|GaitPDB|seed=6|fraction=0.25|gamma=1|tau=0.2|lambda=0.6,learning_curve,GaitPDB,6,0.25,14,1.0,0.2,0.6,always_deploy_balanced,True,LEACE::closed_form,LEACE,0.0,True,True,False,False,False,True
learning_curve|GaitPDB|seed=6|fraction=0.25|gamma=1|tau=0.2|lambda=0.6,learning_curve,GaitPDB,6,0.25,14,1.0,0.2,0.6,point_selection_balanced,False,,,0.0,True,NA,False,False,False,True
learning_curve|GaitPDB|seed=6|fraction=0.25|gamma=1|tau=0.2|lambda=0.6,learning_curve,GaitPDB,6,0.25,14,1.0,0.2,0.6,vera_balanced_iut,False,,,0.0,True,NA,False,False,False,True
learning_curve|GaitPDB|seed=6|fraction=0.25|gamma=1|tau=0.2|lambda=0.6,learning_curve,GaitPDB,6,0.25,14,1.0,0.2,0.6,vera_balanced_envelope,False,,,0.0,True,NA,False,False,False,True
learning_curve|GaitPDB|seed=6|fraction=0.25|gamma=1|tau=0.2|lambda=0.6,learning_curve,GaitPDB,6,0.25,14,1.0,0.2,0.6,external_balanced_oracle,True,LEACE::closed_form,LEACE,0.0,True,True,False,False,False,True
learning_curve|GaitPDB|seed=6|fraction=0.25|gamma=1|tau=0.2|lambda=0.7,learning_curve,GaitPDB,6,0.25,14,1.0,0.2,0.7,always_deploy_balanced,True,LEACE::closed_form,LEACE,0.0,True,True,False,False,False,True
learning_curve|GaitPDB|seed=6|fraction=0.25|gamma=1|tau=0.2|lambda=0.7,learning_curve,GaitPDB,6,0.25,14,1.0,0.2,0.7,point_selection_balanced,False,,,0.0,True,NA,False,False,False,True
learning_curve|GaitPDB|seed=6|fraction=0.25|gamma=1|tau=0.2|lambda=0.7,learning_curve,GaitPDB,6,0.25,14,1.0,0.2,0.7,vera_balanced_iut,False,,,0.0,True,NA,False,False,False,True
learning_curve|GaitPDB|seed=6|fraction=0.25|gamma=1|tau=0.2|lambda=0.7,learning_curve,GaitPDB,6,0.25,14,1.0,0.2,0.7,vera_balanced_envelope,False,,,0.0,True,NA,False,False,False,True
learning_curve|GaitPDB|seed=6|fraction=0.25|gamma=1|tau=0.2|lambda=0.7,learning_curve,GaitPDB,6,0.25,14,1.0,0.2,0.7,external_balanced_oracle,True,LEACE::closed_form,LEACE,0.0,True,True,False,False,False,True
learning_curve|GaitPDB|seed=6|fraction=0.25|gamma=1|tau=0.2|lambda=0.8,learning_curve,GaitPDB,6,0.25,14,1.0,0.2,0.8,always_deploy_balanced,True,LEACE::closed_form,LEACE,0.0,True,True,False,False,False,True
learning_curve|GaitPDB|seed=6|fraction=0.25|gamma=1|tau=0.2|lambda=0.8,learning_curve,GaitPDB,6,0.25,14,1.0,0.2,0.8,point_selection_balanced,True,"MANCE++::epsilon=0.05,steps=3",MANCE++,0.0,True,True,False,False,False,True
learning_curve|GaitPDB|seed=6|fraction=0.25|gamma=1|tau=0.2|lambda=0.8,learning_curve,GaitPDB,6,0.25,14,1.0,0.2,0.8,vera_balanced_iut,False,,,0.0,True,NA,False,False,False,True
learning_curve|GaitPDB|seed=6|fraction=0.25|gamma=1|tau=0.2|lambda=0.8,learning_curve,GaitPDB,6,0.25,14,1.0,0.2,0.8,vera_balanced_envelope,False,,,0.0,True,NA,False,False,False,True
learning_curve|GaitPDB|seed=6|fraction=0.25|gamma=1|tau=0.2|lambda=0.8,learning_curve,GaitPDB,6,0.25,14,1.0,0.2,0.8,external_balanced_oracle,True,LEACE::closed_form,LEACE,0.0,True,True,False,False,False,True
learning_curve|GaitPDB|seed=6|fraction=0.5|gamma=1|tau=0.05|lambda=0.6,learning_curve,GaitPDB,6,0.5,30,1.0,0.05,0.6,always_deploy_balanced,True,"MANCE++::epsilon=0.05,steps=3",MANCE++,0.0,True,False,True,False,False,True
learning_curve|GaitPDB|seed=6|fraction=0.5|gamma=1|tau=0.05|lambda=0.6,learning_curve,GaitPDB,6,0.5,30,1.0,0.05,0.6,point_selection_balanced,False,,,0.0,True,NA,False,False,False,True
learning_curve|GaitPDB|seed=6|fraction=0.5|gamma=1|tau=0.05|lambda=0.6,learning_curve,GaitPDB,6,0.5,30,1.0,0.05,0.6,vera_balanced_iut,False,,,0.0,True,NA,False,False,False,True
learning_curve|GaitPDB|seed=6|fraction=0.5|gamma=1|tau=0.05|lambda=0.6,learning_curve,GaitPDB,6,0.5,30,1.0,0.05,0.6,vera_balanced_envelope,False,,,0.0,True,NA,False,False,False,True
learning_curve|GaitPDB|seed=6|fraction=0.5|gamma=1|tau=0.05|lambda=0.6,learning_curve,GaitPDB,6,0.5,30,1.0,0.05,0.6,external_balanced_oracle,True,LEACE::closed_form,LEACE,0.0,True,True,False,False,False,True
learning_curve|GaitPDB|seed=6|fraction=0.5|gamma=1|tau=0.05|lambda=0.7,learning_curve,GaitPDB,6,0.5,30,1.0,0.05,0.7,always_deploy_balanced,True,"MANCE++::epsilon=0.05,steps=3",MANCE++,0.0,True,False,True,False,False,True
learning_curve|GaitPDB|seed=6|fraction=0.5|gamma=1|tau=0.05|lambda=0.7,learning_curve,GaitPDB,6,0.5,30,1.0,0.05,0.7,point_selection_balanced,False,,,0.0,True,NA,False,False,False,True
learning_curve|GaitPDB|seed=6|fraction=0.5|gamma=1|tau=0.05|lambda=0.7,learning_curve,GaitPDB,6,0.5,30,1.0,0.05,0.7,vera_balanced_iut,False,,,0.0,True,NA,False,False,False,True
learning_curve|GaitPDB|seed=6|fraction=0.5|gamma=1|tau=0.05|lambda=0.7,learning_curve,GaitPDB,6,0.5,30,1.0,0.05,0.7,vera_balanced_envelope,False,,,0.0,True,NA,False,False,False,True
learning_curve|GaitPDB|seed=6|fraction=0.5|gamma=1|tau=0.05|lambda=0.7,learning_curve,GaitPDB,6,0.5,30,1.0,0.05,0.7,external_balanced_oracle,True,LEACE::closed_form,LEACE,0.0,True,True,False,False,False,True
learning_curve|GaitPDB|seed=6|fraction=0.5|gamma=1|tau=0.05|lambda=0.8,learning_curve,GaitPDB,6,0.5,30,1.0,0.05,0.8,always_deploy_balanced,True,"MANCE++::epsilon=0.05,steps=3",MANCE++,0.0,True,False,True,False,False,True
learning_curve|GaitPDB|seed=6|fraction=0.5|gamma=1|tau=0.05|lambda=0.8,learning_curve,GaitPDB,6,0.5,30,1.0,0.05,0.8,point_selection_balanced,True,TaCo::components_removed=1,TaCo,0.0,True,True,False,False,False,True
learning_curve|GaitPDB|seed=6|fraction=0.5|gamma=1|tau=0.05|lambda=0.8,learning_curve,GaitPDB,6,0.5,30,1.0,0.05,0.8,vera_balanced_iut,False,,,0.0,True,NA,False,False,False,True
learning_curve|GaitPDB|seed=6|fraction=0.5|gamma=1|tau=0.05|lambda=0.8,learning_curve,GaitPDB,6,0.5,30,1.0,0.05,0.8,vera_balanced_envelope,False,,,0.0,True,NA,False,False,False,True
learning_curve|GaitPDB|seed=6|fraction=0.5|gamma=1|tau=0.05|lambda=0.8,learning_curve,GaitPDB,6,0.5,30,1.0,0.05,0.8,external_balanced_oracle,True,LEACE::closed_form,LEACE,0.0,True,True,False,False,False,True
learning_curve|GaitPDB|seed=6|fraction=0.5|gamma=1|tau=0.1|lambda=0.6,learning_curve,GaitPDB,6,0.5,30,1.0,0.1,0.6,always_deploy_balanced,True,"MANCE++::epsilon=0.05,steps=3",MANCE++,0.0,True,False,True,False,False,True
learning_curve|GaitPDB|seed=6|fraction=0.5|gamma=1|tau=0.1|lambda=0.6,learning_curve,GaitPDB,6,0.5,30,1.0,0.1,0.6,point_selection_balanced,False,,,0.0,True,NA,False,False,False,True
learning_curve|GaitPDB|seed=6|fraction=0.5|gamma=1|tau=0.1|lambda=0.6,learning_curve,GaitPDB,6,0.5,30,1.0,0.1,0.6,vera_balanced_iut,False,,,0.0,True,NA,False,False,False,True
learning_curve|GaitPDB|seed=6|fraction=0.5|gamma=1|tau=0.1|lambda=0.6,learning_curve,GaitPDB,6,0.5,30,1.0,0.1,0.6,vera_balanced_envelope,False,,,0.0,True,NA,False,False,False,True
learning_curve|GaitPDB|seed=6|fraction=0.5|gamma=1|tau=0.1|lambda=0.6,learning_curve,GaitPDB,6,0.5,30,1.0,0.1,0.6,external_balanced_oracle,True,LEACE::closed_form,LEACE,0.0,True,True,False,False,False,True
learning_curve|GaitPDB|seed=6|fraction=0.5|gamma=1|tau=0.1|lambda=0.7,learning_curve,GaitPDB,6,0.5,30,1.0,0.1,0.7,always_deploy_balanced,True,"MANCE++::epsilon=0.05,steps=3",MANCE++,0.0,True,False,True,False,False,True
learning_curve|GaitPDB|seed=6|fraction=0.5|gamma=1|tau=0.1|lambda=0.7,learning_curve,GaitPDB,6,0.5,30,1.0,0.1,0.7,point_selection_balanced,True,"MANCE++::epsilon=0.05,steps=3",MANCE++,0.0,True,False,True,False,False,True
learning_curve|GaitPDB|seed=6|fraction=0.5|gamma=1|tau=0.1|lambda=0.7,learning_curve,GaitPDB,6,0.5,30,1.0,0.1,0.7,vera_balanced_iut,False,,,0.0,True,NA,False,False,False,True
learning_curve|GaitPDB|seed=6|fraction=0.5|gamma=1|tau=0.1|lambda=0.7,learning_curve,GaitPDB,6,0.5,30,1.0,0.1,0.7,vera_balanced_envelope,False,,,0.0,True,NA,False,False,False,True
learning_curve|GaitPDB|seed=6|fraction=0.5|gamma=1|tau=0.1|lambda=0.7,learning_curve,GaitPDB,6,0.5,30,1.0,0.1,0.7,external_balanced_oracle,True,LEACE::closed_form,LEACE,0.0,True,True,False,False,False,True
learning_curve|GaitPDB|seed=6|fraction=0.5|gamma=1|tau=0.1|lambda=0.8,learning_curve,GaitPDB,6,0.5,30,1.0,0.1,0.8,always_deploy_balanced,True,"MANCE++::epsilon=0.05,steps=3",MANCE++,0.0,True,False,True,False,False,True
learning_curve|GaitPDB|seed=6|fraction=0.5|gamma=1|tau=0.1|lambda=0.8,learning_curve,GaitPDB,6,0.5,30,1.0,0.1,0.8,point_selection_balanced,True,"MANCE++::epsilon=0.05,steps=3",MANCE++,0.0,True,False,True,False,False,True
learning_curve|GaitPDB|seed=6|fraction=0.5|gamma=1|tau=0.1|lambda=0.8,learning_curve,GaitPDB,6,0.5,30,1.0,0.1,0.8,vera_balanced_iut,False,,,0.0,True,NA,False,False,False,True
learning_curve|GaitPDB|seed=6|fraction=0.5|gamma=1|tau=0.1|lambda=0.8,learning_curve,GaitPDB,6,0.5,30,1.0,0.1,0.8,vera_balanced_envelope,False,,,0.0,True,NA,False,False,False,True
learning_curve|GaitPDB|seed=6|fraction=0.5|gamma=1|tau=0.1|lambda=0.8,learning_curve,GaitPDB,6,0.5,30,1.0,0.1,0.8,external_balanced_oracle,True,LEACE::closed_form,LEACE,0.0,True,True,False,False,False,True
learning_curve|GaitPDB|seed=6|fraction=0.5|gamma=1|tau=0.2|lambda=0.6,learning_curve,GaitPDB,6,0.5,30,1.0,0.2,0.6,always_deploy_balanced,True,"MANCE++::epsilon=0.05,steps=3",MANCE++,0.0,True,True,False,False,False,True
learning_curve|GaitPDB|seed=6|fraction=0.5|gamma=1|tau=0.2|lambda=0.6,learning_curve,GaitPDB,6,0.5,30,1.0,0.2,0.6,point_selection_balanced,False,,,0.0,True,NA,False,False,False,True
learning_curve|GaitPDB|seed=6|fraction=0.5|gamma=1|tau=0.2|lambda=0.6,learning_curve,GaitPDB,6,0.5,30,1.0,0.2,0.6,vera_balanced_iut,False,,,0.0,True,NA,False,False,False,True
learning_curve|GaitPDB|seed=6|fraction=0.5|gamma=1|tau=0.2|lambda=0.6,learning_curve,GaitPDB,6,0.5,30,1.0,0.2,0.6,vera_balanced_envelope,False,,,0.0,True,NA,False,False,False,True
learning_curve|GaitPDB|seed=6|fraction=0.5|gamma=1|tau=0.2|lambda=0.6,learning_curve,GaitPDB,6,0.5,30,1.0,0.2,0.6,external_balanced_oracle,True,"MANCE++::epsilon=0.05,steps=3",MANCE++,0.0,True,True,False,False,False,True
learning_curve|GaitPDB|seed=6|fraction=0.5|gamma=1|tau=0.2|lambda=0.7,learning_curve,GaitPDB,6,0.5,30,1.0,0.2,0.7,always_deploy_balanced,True,"MANCE++::epsilon=0.05,steps=3",MANCE++,0.0,True,True,False,False,False,True
learning_curve|GaitPDB|seed=6|fraction=0.5|gamma=1|tau=0.2|lambda=0.7,learning_curve,GaitPDB,6,0.5,30,1.0,0.2,0.7,point_selection_balanced,True,"MANCE++::epsilon=0.05,steps=3",MANCE++,0.0,True,True,False,False,False,True
learning_curve|GaitPDB|seed=6|fraction=0.5|gamma=1|tau=0.2|lambda=0.7,learning_curve,GaitPDB,6,0.5,30,1.0,0.2,0.7,vera_balanced_iut,False,,,0.0,True,NA,False,False,False,True
learning_curve|GaitPDB|seed=6|fraction=0.5|gamma=1|tau=0.2|lambda=0.7,learning_curve,GaitPDB,6,0.5,30,1.0,0.2,0.7,vera_balanced_envelope,False,,,0.0,True,NA,False,False,False,True
learning_curve|GaitPDB|seed=6|fraction=0.5|gamma=1|tau=0.2|lambda=0.7,learning_curve,GaitPDB,6,0.5,30,1.0,0.2,0.7,external_balanced_oracle,True,"MANCE++::epsilon=0.05,steps=3",MANCE++,0.0,True,True,False,False,False,True
learning_curve|GaitPDB|seed=6|fraction=0.5|gamma=1|tau=0.2|lambda=0.8,learning_curve,GaitPDB,6,0.5,30,1.0,0.2,0.8,always_deploy_balanced,True,"MANCE++::epsilon=0.05,steps=3",MANCE++,0.0,True,True,False,False,False,True
learning_curve|GaitPDB|seed=6|fraction=0.5|gamma=1|tau=0.2|lambda=0.8,learning_curve,GaitPDB,6,0.5,30,1.0,0.2,0.8,point_selection_balanced,True,"MANCE++::epsilon=0.05,steps=3",MANCE++,0.0,True,True,False,False,False,True
learning_curve|GaitPDB|seed=6|fraction=0.5|gamma=1|tau=0.2|lambda=0.8,learning_curve,GaitPDB,6,0.5,30,1.0,0.2,0.8,vera_balanced_iut,False,,,0.0,True,NA,False,False,False,True
learning_curve|GaitPDB|seed=6|fraction=0.5|gamma=1|tau=0.2|lambda=0.8,learning_curve,GaitPDB,6,0.5,30,1.0,0.2,0.8,vera_balanced_envelope,False,,,0.0,True,NA,False,False,False,True
learning_curve|GaitPDB|seed=6|fraction=0.5|gamma=1|tau=0.2|lambda=0.8,learning_curve,GaitPDB,6,0.5,30,1.0,0.2,0.8,external_balanced_oracle,True,"MANCE++::epsilon=0.05,steps=3",MANCE++,0.0,True,True,False,False,False,True
primary|GaitPDB|seed=6|fraction=1|gamma=1|tau=0.05|lambda=0.6,primary,GaitPDB,6,1.0,63,1.0,0.05,0.6,always_deploy_balanced,True,LEACE::closed_form,LEACE,0.0,True,True,False,False,False,True
primary|GaitPDB|seed=6|fraction=1|gamma=1|tau=0.05|lambda=0.6,primary,GaitPDB,6,1.0,63,1.0,0.05,0.6,point_selection_balanced,False,,,0.0,True,NA,False,False,False,True
primary|GaitPDB|seed=6|fraction=1|gamma=1|tau=0.05|lambda=0.6,primary,GaitPDB,6,1.0,63,1.0,0.05,0.6,vera_balanced_iut,False,,,0.0,True,NA,False,False,False,True
primary|GaitPDB|seed=6|fraction=1|gamma=1|tau=0.05|lambda=0.6,primary,GaitPDB,6,1.0,63,1.0,0.05,0.6,vera_balanced_envelope,False,,,0.0,True,NA,False,False,False,True
primary|GaitPDB|seed=6|fraction=1|gamma=1|tau=0.05|lambda=0.6,primary,GaitPDB,6,1.0,63,1.0,0.05,0.6,external_balanced_oracle,True,LEACE::closed_form,LEACE,0.0,True,True,False,False,False,True
primary|GaitPDB|seed=6|fraction=1|gamma=1|tau=0.05|lambda=0.7,primary,GaitPDB,6,1.0,63,1.0,0.05,0.7,always_deploy_balanced,True,LEACE::closed_form,LEACE,0.0,True,True,False,False,False,True
primary|GaitPDB|seed=6|fraction=1|gamma=1|tau=0.05|lambda=0.7,primary,GaitPDB,6,1.0,63,1.0,0.05,0.7,point_selection_balanced,True,INLP::rank=2,INLP,0.0,True,True,False,False,False,True
primary|GaitPDB|seed=6|fraction=1|gamma=1|tau=0.05|lambda=0.7,primary,GaitPDB,6,1.0,63,1.0,0.05,0.7,vera_balanced_iut,False,,,0.0,True,NA,False,False,False,True
primary|GaitPDB|seed=6|fraction=1|gamma=1|tau=0.05|lambda=0.7,primary,GaitPDB,6,1.0,63,1.0,0.05,0.7,vera_balanced_envelope,False,,,0.0,True,NA,False,False,False,True
primary|GaitPDB|seed=6|fraction=1|gamma=1|tau=0.05|lambda=0.7,primary,GaitPDB,6,1.0,63,1.0,0.05,0.7,external_balanced_oracle,True,LEACE::closed_form,LEACE,0.0,True,True,False,False,False,True
primary|GaitPDB|seed=6|fraction=1|gamma=1|tau=0.05|lambda=0.8,primary,GaitPDB,6,1.0,63,1.0,0.05,0.8,always_deploy_balanced,True,LEACE::closed_form,LEACE,0.0,True,True,False,False,False,True
primary|GaitPDB|seed=6|fraction=1|gamma=1|tau=0.05|lambda=0.8,primary,GaitPDB,6,1.0,63,1.0,0.05,0.8,point_selection_balanced,True,INLP::rank=2,INLP,0.0,True,True,False,False,False,True
primary|GaitPDB|seed=6|fraction=1|gamma=1|tau=0.05|lambda=0.8,primary,GaitPDB,6,1.0,63,1.0,0.05,0.8,vera_balanced_iut,False,,,0.0,True,NA,False,False,False,True
primary|GaitPDB|seed=6|fraction=1|gamma=1|tau=0.05|lambda=0.8,primary,GaitPDB,6,1.0,63,1.0,0.05,0.8,vera_balanced_envelope,False,,,0.0,True,NA,False,False,False,True
primary|GaitPDB|seed=6|fraction=1|gamma=1|tau=0.05|lambda=0.8,primary,GaitPDB,6,1.0,63,1.0,0.05,0.8,external_balanced_oracle,True,LEACE::closed_form,LEACE,0.0,True,True,False,False,False,True
primary|GaitPDB|seed=6|fraction=1|gamma=1|tau=0.1|lambda=0.6,primary,GaitPDB,6,1.0,63,1.0,0.1,0.6,always_deploy_balanced,True,LEACE::closed_form,LEACE,0.0,True,True,False,False,False,True
primary|GaitPDB|seed=6|fraction=1|gamma=1|tau=0.1|lambda=0.6,primary,GaitPDB,6,1.0,63,1.0,0.1,0.6,point_selection_balanced,False,,,0.0,True,NA,False,False,False,True
primary|GaitPDB|seed=6|fraction=1|gamma=1|tau=0.1|lambda=0.6,primary,GaitPDB,6,1.0,63,1.0,0.1,0.6,vera_balanced_iut,False,,,0.0,True,NA,False,False,False,True
primary|GaitPDB|seed=6|fraction=1|gamma=1|tau=0.1|lambda=0.6,primary,GaitPDB,6,1.0,63,1.0,0.1,0.6,vera_balanced_envelope,False,,,0.0,True,NA,False,False,False,True
primary|GaitPDB|seed=6|fraction=1|gamma=1|tau=0.1|lambda=0.6,primary,GaitPDB,6,1.0,63,1.0,0.1,0.6,external_balanced_oracle,True,LEACE::closed_form,LEACE,0.0,True,True,False,False,False,True
primary|GaitPDB|seed=6|fraction=1|gamma=1|tau=0.1|lambda=0.7,primary,GaitPDB,6,1.0,63,1.0,0.1,0.7,always_deploy_balanced,True,LEACE::closed_form,LEACE,0.0,True,True,False,False,False,True
primary|GaitPDB|seed=6|fraction=1|gamma=1|tau=0.1|lambda=0.7,primary,GaitPDB,6,1.0,63,1.0,0.1,0.7,point_selection_balanced,True,LEACE::closed_form,LEACE,0.0,True,True,False,False,False,True
primary|GaitPDB|seed=6|fraction=1|gamma=1|tau=0.1|lambda=0.7,primary,GaitPDB,6,1.0,63,1.0,0.1,0.7,vera_balanced_iut,False,,,0.0,True,NA,False,False,False,True
primary|GaitPDB|seed=6|fraction=1|gamma=1|tau=0.1|lambda=0.7,primary,GaitPDB,6,1.0,63,1.0,0.1,0.7,vera_balanced_envelope,False,,,0.0,True,NA,False,False,False,True
primary|GaitPDB|seed=6|fraction=1|gamma=1|tau=0.1|lambda=0.7,primary,GaitPDB,6,1.0,63,1.0,0.1,0.7,external_balanced_oracle,True,LEACE::closed_form,LEACE,0.0,True,True,False,False,False,True
primary|GaitPDB|seed=6|fraction=1|gamma=1|tau=0.1|lambda=0.8,primary,GaitPDB,6,1.0,63,1.0,0.1,0.8,always_deploy_balanced,True,LEACE::closed_form,LEACE,0.0,True,True,False,False,False,True
primary|GaitPDB|seed=6|fraction=1|gamma=1|tau=0.1|lambda=0.8,primary,GaitPDB,6,1.0,63,1.0,0.1,0.8,point_selection_balanced,True,LEACE::closed_form,LEACE,0.0,True,True,False,False,False,True
primary|GaitPDB|seed=6|fraction=1|gamma=1|tau=0.1|lambda=0.8,primary,GaitPDB,6,1.0,63,1.0,0.1,0.8,vera_balanced_iut,False,,,0.0,True,NA,False,False,False,True
primary|GaitPDB|seed=6|fraction=1|gamma=1|tau=0.1|lambda=0.8,primary,GaitPDB,6,1.0,63,1.0,0.1,0.8,vera_balanced_envelope,False,,,0.0,True,NA,False,False,False,True
primary|GaitPDB|seed=6|fraction=1|gamma=1|tau=0.1|lambda=0.8,primary,GaitPDB,6,1.0,63,1.0,0.1,0.8,external_balanced_oracle,True,LEACE::closed_form,LEACE,0.0,True,True,False,False,False,True
primary|GaitPDB|seed=6|fraction=1|gamma=1|tau=0.2|lambda=0.6,primary,GaitPDB,6,1.0,63,1.0,0.2,0.6,always_deploy_balanced,True,LEACE::closed_form,LEACE,0.0,True,True,False,False,False,True
primary|GaitPDB|seed=6|fraction=1|gamma=1|tau=0.2|lambda=0.6,primary,GaitPDB,6,1.0,63,1.0,0.2,0.6,point_selection_balanced,False,,,0.0,True,NA,False,False,False,True
primary|GaitPDB|seed=6|fraction=1|gamma=1|tau=0.2|lambda=0.6,primary,GaitPDB,6,1.0,63,1.0,0.2,0.6,vera_balanced_iut,False,,,0.0,True,NA,False,False,False,True
primary|GaitPDB|seed=6|fraction=1|gamma=1|tau=0.2|lambda=0.6,primary,GaitPDB,6,1.0,63,1.0,0.2,0.6,vera_balanced_envelope,False,,,0.0,True,NA,False,False,False,True
primary|GaitPDB|seed=6|fraction=1|gamma=1|tau=0.2|lambda=0.6,primary,GaitPDB,6,1.0,63,1.0,0.2,0.6,external_balanced_oracle,True,LEACE::closed_form,LEACE,0.0,True,True,False,False,False,True
primary|GaitPDB|seed=6|fraction=1|gamma=1|tau=0.2|lambda=0.7,primary,GaitPDB,6,1.0,63,1.0,0.2,0.7,always_deploy_balanced,True,LEACE::closed_form,LEACE,0.0,True,True,False,False,False,True
primary|GaitPDB|seed=6|fraction=1|gamma=1|tau=0.2|lambda=0.7,primary,GaitPDB,6,1.0,63,1.0,0.2,0.7,point_selection_balanced,True,LEACE::closed_form,LEACE,0.0,True,True,False,False,False,True
primary|GaitPDB|seed=6|fraction=1|gamma=1|tau=0.2|lambda=0.7,primary,GaitPDB,6,1.0,63,1.0,0.2,0.7,vera_balanced_iut,False,,,0.0,True,NA,False,False,False,True
primary|GaitPDB|seed=6|fraction=1|gamma=1|tau=0.2|lambda=0.7,primary,GaitPDB,6,1.0,63,1.0,0.2,0.7,vera_balanced_envelope,False,,,0.0,True,NA,False,False,False,True
primary|GaitPDB|seed=6|fraction=1|gamma=1|tau=0.2|lambda=0.7,primary,GaitPDB,6,1.0,63,1.0,0.2,0.7,external_balanced_oracle,True,LEACE::closed_form,LEACE,0.0,True,True,False,False,False,True
primary|GaitPDB|seed=6|fraction=1|gamma=1|tau=0.2|lambda=0.8,primary,GaitPDB,6,1.0,63,1.0,0.2,0.8,always_deploy_balanced,True,LEACE::closed_form,LEACE,0.0,True,True,False,False,False,True
primary|GaitPDB|seed=6|fraction=1|gamma=1|tau=0.2|lambda=0.8,primary,GaitPDB,6,1.0,63,1.0,0.2,0.8,point_selection_balanced,True,LEACE::closed_form,LEACE,0.0,True,True,False,False,False,True
primary|GaitPDB|seed=6|fraction=1|gamma=1|tau=0.2|lambda=0.8,primary,GaitPDB,6,1.0,63,1.0,0.2,0.8,vera_balanced_iut,False,,,0.0,True,NA,False,False,False,True
primary|GaitPDB|seed=6|fraction=1|gamma=1|tau=0.2|lambda=0.8,primary,GaitPDB,6,1.0,63,1.0,0.2,0.8,vera_balanced_envelope,False,,,0.0,True,NA,False,False,False,True
primary|GaitPDB|seed=6|fraction=1|gamma=1|tau=0.2|lambda=0.8,primary,GaitPDB,6,1.0,63,1.0,0.2,0.8,external_balanced_oracle,True,LEACE::closed_form,LEACE,0.0,True,True,False,False,False,True
shifted_sensitivity|GaitPDB|seed=6|fraction=1|gamma=1.01|tau=0.05|lambda=0.6,shifted_sensitivity,GaitPDB,6,1.0,63,1.01,0.05,0.6,always_deploy_balanced,True,LEACE::closed_form,LEACE,0.0,True,True,False,False,False,True
shifted_sensitivity|GaitPDB|seed=6|fraction=1|gamma=1.01|tau=0.05|lambda=0.6,shifted_sensitivity,GaitPDB,6,1.0,63,1.01,0.05,0.6,point_selection_balanced,False,,,0.0,True,NA,False,False,False,True
shifted_sensitivity|GaitPDB|seed=6|fraction=1|gamma=1.01|tau=0.05|lambda=0.6,shifted_sensitivity,GaitPDB,6,1.0,63,1.01,0.05,0.6,vera_balanced_iut,False,,,0.0,True,NA,False,False,False,True
shifted_sensitivity|GaitPDB|seed=6|fraction=1|gamma=1.01|tau=0.05|lambda=0.6,shifted_sensitivity,GaitPDB,6,1.0,63,1.01,0.05,0.6,vera_balanced_envelope,False,,,0.0,True,NA,False,False,False,True
shifted_sensitivity|GaitPDB|seed=6|fraction=1|gamma=1.01|tau=0.05|lambda=0.6,shifted_sensitivity,GaitPDB,6,1.0,63,1.01,0.05,0.6,external_balanced_oracle,True,LEACE::closed_form,LEACE,0.0,True,True,False,False,False,True
shifted_sensitivity|GaitPDB|seed=6|fraction=1|gamma=1.01|tau=0.05|lambda=0.7,shifted_sensitivity,GaitPDB,6,1.0,63,1.01,0.05,0.7,always_deploy_balanced,True,LEACE::closed_form,LEACE,0.0,True,True,False,False,False,True
shifted_sensitivity|GaitPDB|seed=6|fraction=1|gamma=1.01|tau=0.05|lambda=0.7,shifted_sensitivity,GaitPDB,6,1.0,63,1.01,0.05,0.7,point_selection_balanced,True,INLP::rank=2,INLP,0.0,True,True,False,False,False,True
shifted_sensitivity|GaitPDB|seed=6|fraction=1|gamma=1.01|tau=0.05|lambda=0.7,shifted_sensitivity,GaitPDB,6,1.0,63,1.01,0.05,0.7,vera_balanced_iut,False,,,0.0,True,NA,False,False,False,True
shifted_sensitivity|GaitPDB|seed=6|fraction=1|gamma=1.01|tau=0.05|lambda=0.7,shifted_sensitivity,GaitPDB,6,1.0,63,1.01,0.05,0.7,vera_balanced_envelope,False,,,0.0,True,NA,False,False,False,True
shifted_sensitivity|GaitPDB|seed=6|fraction=1|gamma=1.01|tau=0.05|lambda=0.7,shifted_sensitivity,GaitPDB,6,1.0,63,1.01,0.05,0.7,external_balanced_oracle,True,LEACE::closed_form,LEACE,0.0,True,True,False,False,False,True
shifted_sensitivity|GaitPDB|seed=6|fraction=1|gamma=1.01|tau=0.05|lambda=0.8,shifted_sensitivity,GaitPDB,6,1.0,63,1.01,0.05,0.8,always_deploy_balanced,True,LEACE::closed_form,LEACE,0.0,True,True,False,False,False,True
shifted_sensitivity|GaitPDB|seed=6|fraction=1|gamma=1.01|tau=0.05|lambda=0.8,shifted_sensitivity,GaitPDB,6,1.0,63,1.01,0.05,0.8,point_selection_balanced,True,INLP::rank=2,INLP,0.0,True,True,False,False,False,True
shifted_sensitivity|GaitPDB|seed=6|fraction=1|gamma=1.01|tau=0.05|lambda=0.8,shifted_sensitivity,GaitPDB,6,1.0,63,1.01,0.05,0.8,vera_balanced_iut,False,,,0.0,True,NA,False,False,False,True
shifted_sensitivity|GaitPDB|seed=6|fraction=1|gamma=1.01|tau=0.05|lambda=0.8,shifted_sensitivity,GaitPDB,6,1.0,63,1.01,0.05,0.8,vera_balanced_envelope,False,,,0.0,True,NA,False,False,False,True
shifted_sensitivity|GaitPDB|seed=6|fraction=1|gamma=1.01|tau=0.05|lambda=0.8,shifted_sensitivity,GaitPDB,6,1.0,63,1.01,0.05,0.8,external_balanced_oracle,True,LEACE::closed_form,LEACE,0.0,True,True,False,False,False,True
shifted_sensitivity|GaitPDB|seed=6|fraction=1|gamma=1.01|tau=0.1|lambda=0.6,shifted_sensitivity,GaitPDB,6,1.0,63,1.01,0.1,0.6,always_deploy_balanced,True,LEACE::closed_form,LEACE,0.0,True,True,False,False,False,True
shifted_sensitivity|GaitPDB|seed=6|fraction=1|gamma=1.01|tau=0.1|lambda=0.6,shifted_sensitivity,GaitPDB,6,1.0,63,1.01,0.1,0.6,point_selection_balanced,False,,,0.0,True,NA,False,False,False,True
shifted_sensitivity|GaitPDB|seed=6|fraction=1|gamma=1.01|tau=0.1|lambda=0.6,shifted_sensitivity,GaitPDB,6,1.0,63,1.01,0.1,0.6,vera_balanced_iut,False,,,0.0,True,NA,False,False,False,True
shifted_sensitivity|GaitPDB|seed=6|fraction=1|gamma=1.01|tau=0.1|lambda=0.6,shifted_sensitivity,GaitPDB,6,1.0,63,1.01,0.1,0.6,vera_balanced_envelope,False,,,0.0,True,NA,False,False,False,True
shifted_sensitivity|GaitPDB|seed=6|fraction=1|gamma=1.01|tau=0.1|lambda=0.6,shifted_sensitivity,GaitPDB,6,1.0,63,1.01,0.1,0.6,external_balanced_oracle,True,LEACE::closed_form,LEACE,0.0,True,True,False,False,False,True
shifted_sensitivity|GaitPDB|seed=6|fraction=1|gamma=1.01|tau=0.1|lambda=0.7,shifted_sensitivity,GaitPDB,6,1.0,63,1.01,0.1,0.7,always_deploy_balanced,True,LEACE::closed_form,LEACE,0.0,True,True,False,False,False,True
shifted_sensitivity|GaitPDB|seed=6|fraction=1|gamma=1.01|tau=0.1|lambda=0.7,shifted_sensitivity,GaitPDB,6,1.0,63,1.01,0.1,0.7,point_selection_balanced,True,LEACE::closed_form,LEACE,0.0,True,True,False,False,False,True
shifted_sensitivity|GaitPDB|seed=6|fraction=1|gamma=1.01|tau=0.1|lambda=0.7,shifted_sensitivity,GaitPDB,6,1.0,63,1.01,0.1,0.7,vera_balanced_iut,False,,,0.0,True,NA,False,False,False,True
shifted_sensitivity|GaitPDB|seed=6|fraction=1|gamma=1.01|tau=0.1|lambda=0.7,shifted_sensitivity,GaitPDB,6,1.0,63,1.01,0.1,0.7,vera_balanced_envelope,False,,,0.0,True,NA,False,False,False,True
shifted_sensitivity|GaitPDB|seed=6|fraction=1|gamma=1.01|tau=0.1|lambda=0.7,shifted_sensitivity,GaitPDB,6,1.0,63,1.01,0.1,0.7,external_balanced_oracle,True,LEACE::closed_form,LEACE,0.0,True,True,False,False,False,True
shifted_sensitivity|GaitPDB|seed=6|fraction=1|gamma=1.01|tau=0.1|lambda=0.8,shifted_sensitivity,GaitPDB,6,1.0,63,1.01,0.1,0.8,always_deploy_balanced,True,LEACE::closed_form,LEACE,0.0,True,True,False,False,False,True
shifted_sensitivity|GaitPDB|seed=6|fraction=1|gamma=1.01|tau=0.1|lambda=0.8,shifted_sensitivity,GaitPDB,6,1.0,63,1.01,0.1,0.8,point_selection_balanced,True,LEACE::closed_form,LEACE,0.0,True,True,False,False,False,True
shifted_sensitivity|GaitPDB|seed=6|fraction=1|gamma=1.01|tau=0.1|lambda=0.8,shifted_sensitivity,GaitPDB,6,1.0,63,1.01,0.1,0.8,vera_balanced_iut,False,,,0.0,True,NA,False,False,False,True
shifted_sensitivity|GaitPDB|seed=6|fraction=1|gamma=1.01|tau=0.1|lambda=0.8,shifted_sensitivity,GaitPDB,6,1.0,63,1.01,0.1,0.8,vera_balanced_envelope,False,,,0.0,True,NA,False,False,False,True
shifted_sensitivity|GaitPDB|seed=6|fraction=1|gamma=1.01|tau=0.1|lambda=0.8,shifted_sensitivity,GaitPDB,6,1.0,63,1.01,0.1,0.8,external_balanced_oracle,True,LEACE::closed_form,LEACE,0.0,True,True,False,False,False,True
shifted_sensitivity|GaitPDB|seed=6|fraction=1|gamma=1.01|tau=0.2|lambda=0.6,shifted_sensitivity,GaitPDB,6,1.0,63,1.01,0.2,0.6,always_deploy_balanced,True,LEACE::closed_form,LEACE,0.0,True,True,False,False,False,True
shifted_sensitivity|GaitPDB|seed=6|fraction=1|gamma=1.01|tau=0.2|lambda=0.6,shifted_sensitivity,GaitPDB,6,1.0,63,1.01,0.2,0.6,point_selection_balanced,False,,,0.0,True,NA,False,False,False,True
shifted_sensitivity|GaitPDB|seed=6|fraction=1|gamma=1.01|tau=0.2|lambda=0.6,shifted_sensitivity,GaitPDB,6,1.0,63,1.01,0.2,0.6,vera_balanced_iut,False,,,0.0,True,NA,False,False,False,True
shifted_sensitivity|GaitPDB|seed=6|fraction=1|gamma=1.01|tau=0.2|lambda=0.6,shifted_sensitivity,GaitPDB,6,1.0,63,1.01,0.2,0.6,vera_balanced_envelope,False,,,0.0,True,NA,False,False,False,True
shifted_sensitivity|GaitPDB|seed=6|fraction=1|gamma=1.01|tau=0.2|lambda=0.6,shifted_sensitivity,GaitPDB,6,1.0,63,1.01,0.2,0.6,external_balanced_oracle,True,LEACE::closed_form,LEACE,0.0,True,True,False,False,False,True
shifted_sensitivity|GaitPDB|seed=6|fraction=1|gamma=1.01|tau=0.2|lambda=0.7,shifted_sensitivity,GaitPDB,6,1.0,63,1.01,0.2,0.7,always_deploy_balanced,True,LEACE::closed_form,LEACE,0.0,True,True,False,False,False,True
shifted_sensitivity|GaitPDB|seed=6|fraction=1|gamma=1.01|tau=0.2|lambda=0.7,shifted_sensitivity,GaitPDB,6,1.0,63,1.01,0.2,0.7,point_selection_balanced,True,LEACE::closed_form,LEACE,0.0,True,True,False,False,False,True
shifted_sensitivity|GaitPDB|seed=6|fraction=1|gamma=1.01|tau=0.2|lambda=0.7,shifted_sensitivity,GaitPDB,6,1.0,63,1.01,0.2,0.7,vera_balanced_iut,False,,,0.0,True,NA,False,False,False,True
shifted_sensitivity|GaitPDB|seed=6|fraction=1|gamma=1.01|tau=0.2|lambda=0.7,shifted_sensitivity,GaitPDB,6,1.0,63,1.01,0.2,0.7,vera_balanced_envelope,False,,,0.0,True,NA,False,False,False,True
shifted_sensitivity|GaitPDB|seed=6|fraction=1|gamma=1.01|tau=0.2|lambda=0.7,shifted_sensitivity,GaitPDB,6,1.0,63,1.01,0.2,0.7,external_balanced_oracle,True,LEACE::closed_form,LEACE,0.0,True,True,False,False,False,True
shifted_sensitivity|GaitPDB|seed=6|fraction=1|gamma=1.01|tau=0.2|lambda=0.8,shifted_sensitivity,GaitPDB,6,1.0,63,1.01,0.2,0.8,always_deploy_balanced,True,LEACE::closed_form,LEACE,0.0,True,True,False,False,False,True
shifted_sensitivity|GaitPDB|seed=6|fraction=1|gamma=1.01|tau=0.2|lambda=0.8,shifted_sensitivity,GaitPDB,6,1.0,63,1.01,0.2,0.8,point_selection_balanced,True,LEACE::closed_form,LEACE,0.0,True,True,False,False,False,True
shifted_sensitivity|GaitPDB|seed=6|fraction=1|gamma=1.01|tau=0.2|lambda=0.8,shifted_sensitivity,GaitPDB,6,1.0,63,1.01,0.2,0.8,vera_balanced_iut,False,,,0.0,True,NA,False,False,False,True
shifted_sensitivity|GaitPDB|seed=6|fraction=1|gamma=1.01|tau=0.2|lambda=0.8,shifted_sensitivity,GaitPDB,6,1.0,63,1.01,0.2,0.8,vera_balanced_envelope,False,,,0.0,True,NA,False,False,False,True
shifted_sensitivity|GaitPDB|seed=6|fraction=1|gamma=1.01|tau=0.2|lambda=0.8,shifted_sensitivity,GaitPDB,6,1.0,63,1.01,0.2,0.8,external_balanced_oracle,True,LEACE::closed_form,LEACE,0.0,True,True,False,False,False,True
learning_curve|GaitPDB|seed=7|fraction=0.05|gamma=1|tau=0.05|lambda=0.6,learning_curve,GaitPDB,7,0.05,4,1.0,0.05,0.6,always_deploy_balanced,True,LEACE::closed_form,LEACE,0.0,True,False,True,False,False,True
learning_curve|GaitPDB|seed=7|fraction=0.05|gamma=1|tau=0.05|lambda=0.6,learning_curve,GaitPDB,7,0.05,4,1.0,0.05,0.6,point_selection_balanced,False,,,0.0,True,NA,False,False,False,True
learning_curve|GaitPDB|seed=7|fraction=0.05|gamma=1|tau=0.05|lambda=0.6,learning_curve,GaitPDB,7,0.05,4,1.0,0.05,0.6,vera_balanced_iut,False,,,0.0,True,NA,False,False,False,True
learning_curve|GaitPDB|seed=7|fraction=0.05|gamma=1|tau=0.05|lambda=0.6,learning_curve,GaitPDB,7,0.05,4,1.0,0.05,0.6,vera_balanced_envelope,False,,,0.0,True,NA,False,False,False,True
learning_curve|GaitPDB|seed=7|fraction=0.05|gamma=1|tau=0.05|lambda=0.6,learning_curve,GaitPDB,7,0.05,4,1.0,0.05,0.6,external_balanced_oracle,True,"MANCE++::epsilon=0.05,steps=3",MANCE++,0.0,True,True,False,False,False,True
learning_curve|GaitPDB|seed=7|fraction=0.05|gamma=1|tau=0.05|lambda=0.7,learning_curve,GaitPDB,7,0.05,4,1.0,0.05,0.7,always_deploy_balanced,True,LEACE::closed_form,LEACE,0.0,True,True,False,False,False,True
learning_curve|GaitPDB|seed=7|fraction=0.05|gamma=1|tau=0.05|lambda=0.7,learning_curve,GaitPDB,7,0.05,4,1.0,0.05,0.7,point_selection_balanced,False,,,0.0,True,NA,False,False,False,True
learning_curve|GaitPDB|seed=7|fraction=0.05|gamma=1|tau=0.05|lambda=0.7,learning_curve,GaitPDB,7,0.05,4,1.0,0.05,0.7,vera_balanced_iut,False,,,0.0,True,NA,False,False,False,True
learning_curve|GaitPDB|seed=7|fraction=0.05|gamma=1|tau=0.05|lambda=0.7,learning_curve,GaitPDB,7,0.05,4,1.0,0.05,0.7,vera_balanced_envelope,False,,,0.0,True,NA,False,False,False,True
learning_curve|GaitPDB|seed=7|fraction=0.05|gamma=1|tau=0.05|lambda=0.7,learning_curve,GaitPDB,7,0.05,4,1.0,0.05,0.7,external_balanced_oracle,True,LEACE::closed_form,LEACE,0.0,True,True,False,False,False,True
learning_curve|GaitPDB|seed=7|fraction=0.05|gamma=1|tau=0.05|lambda=0.8,learning_curve,GaitPDB,7,0.05,4,1.0,0.05,0.8,always_deploy_balanced,True,LEACE::closed_form,LEACE,0.0,True,True,False,False,False,True
learning_curve|GaitPDB|seed=7|fraction=0.05|gamma=1|tau=0.05|lambda=0.8,learning_curve,GaitPDB,7,0.05,4,1.0,0.05,0.8,point_selection_balanced,True,LEACE::closed_form,LEACE,0.0,True,True,False,False,False,True
learning_curve|GaitPDB|seed=7|fraction=0.05|gamma=1|tau=0.05|lambda=0.8,learning_curve,GaitPDB,7,0.05,4,1.0,0.05,0.8,vera_balanced_iut,False,,,0.0,True,NA,False,False,False,True
learning_curve|GaitPDB|seed=7|fraction=0.05|gamma=1|tau=0.05|lambda=0.8,learning_curve,GaitPDB,7,0.05,4,1.0,0.05,0.8,vera_balanced_envelope,False,,,0.0,True,NA,False,False,False,True
learning_curve|GaitPDB|seed=7|fraction=0.05|gamma=1|tau=0.05|lambda=0.8,learning_curve,GaitPDB,7,0.05,4,1.0,0.05,0.8,external_balanced_oracle,True,LEACE::closed_form,LEACE,0.0,True,True,False,False,False,True
learning_curve|GaitPDB|seed=7|fraction=0.05|gamma=1|tau=0.1|lambda=0.6,learning_curve,GaitPDB,7,0.05,4,1.0,0.1,0.6,always_deploy_balanced,True,LEACE::closed_form,LEACE,0.0,True,False,True,False,False,True
learning_curve|GaitPDB|seed=7|fraction=0.05|gamma=1|tau=0.1|lambda=0.6,learning_curve,GaitPDB,7,0.05,4,1.0,0.1,0.6,point_selection_balanced,False,,,0.0,True,NA,False,False,False,True
learning_curve|GaitPDB|seed=7|fraction=0.05|gamma=1|tau=0.1|lambda=0.6,learning_curve,GaitPDB,7,0.05,4,1.0,0.1,0.6,vera_balanced_iut,False,,,0.0,True,NA,False,False,False,True
learning_curve|GaitPDB|seed=7|fraction=0.05|gamma=1|tau=0.1|lambda=0.6,learning_curve,GaitPDB,7,0.05,4,1.0,0.1,0.6,vera_balanced_envelope,False,,,0.0,True,NA,False,False,False,True
learning_curve|GaitPDB|seed=7|fraction=0.05|gamma=1|tau=0.1|lambda=0.6,learning_curve,GaitPDB,7,0.05,4,1.0,0.1,0.6,external_balanced_oracle,True,"MANCE++::epsilon=0.05,steps=3",MANCE++,0.0,True,True,False,False,False,True
learning_curve|GaitPDB|seed=7|fraction=0.05|gamma=1|tau=0.1|lambda=0.7,learning_curve,GaitPDB,7,0.05,4,1.0,0.1,0.7,always_deploy_balanced,True,LEACE::closed_form,LEACE,0.0,True,True,False,False,False,True
learning_curve|GaitPDB|seed=7|fraction=0.05|gamma=1|tau=0.1|lambda=0.7,learning_curve,GaitPDB,7,0.05,4,1.0,0.1,0.7,point_selection_balanced,False,,,0.0,True,NA,False,False,False,True
learning_curve|GaitPDB|seed=7|fraction=0.05|gamma=1|tau=0.1|lambda=0.7,learning_curve,GaitPDB,7,0.05,4,1.0,0.1,0.7,vera_balanced_iut,False,,,0.0,True,NA,False,False,False,True
learning_curve|GaitPDB|seed=7|fraction=0.05|gamma=1|tau=0.1|lambda=0.7,learning_curve,GaitPDB,7,0.05,4,1.0,0.1,0.7,vera_balanced_envelope,False,,,0.0,True,NA,False,False,False,True
learning_curve|GaitPDB|seed=7|fraction=0.05|gamma=1|tau=0.1|lambda=0.7,learning_curve,GaitPDB,7,0.05,4,1.0,0.1,0.7,external_balanced_oracle,True,LEACE::closed_form,LEACE,0.0,True,True,False,False,False,True
learning_curve|GaitPDB|seed=7|fraction=0.05|gamma=1|tau=0.1|lambda=0.8,learning_curve,GaitPDB,7,0.05,4,1.0,0.1,0.8,always_deploy_balanced,True,LEACE::closed_form,LEACE,0.0,True,True,False,False,False,True
learning_curve|GaitPDB|seed=7|fraction=0.05|gamma=1|tau=0.1|lambda=0.8,learning_curve,GaitPDB,7,0.05,4,1.0,0.1,0.8,point_selection_balanced,True,LEACE::closed_form,LEACE,0.0,True,True,False,False,False,True
learning_curve|GaitPDB|seed=7|fraction=0.05|gamma=1|tau=0.1|lambda=0.8,learning_curve,GaitPDB,7,0.05,4,1.0,0.1,0.8,vera_balanced_iut,False,,,0.0,True,NA,False,False,False,True
learning_curve|GaitPDB|seed=7|fraction=0.05|gamma=1|tau=0.1|lambda=0.8,learning_curve,GaitPDB,7,0.05,4,1.0,0.1,0.8,vera_balanced_envelope,False,,,0.0,True,NA,False,False,False,True
learning_curve|GaitPDB|seed=7|fraction=0.05|gamma=1|tau=0.1|lambda=0.8,learning_curve,GaitPDB,7,0.05,4,1.0,0.1,0.8,external_balanced_oracle,True,LEACE::closed_form,LEACE,0.0,True,True,False,False,False,True
learning_curve|GaitPDB|seed=7|fraction=0.05|gamma=1|tau=0.2|lambda=0.6,learning_curve,GaitPDB,7,0.05,4,1.0,0.2,0.6,always_deploy_balanced,True,LEACE::closed_form,LEACE,0.0,True,False,True,False,False,True
learning_curve|GaitPDB|seed=7|fraction=0.05|gamma=1|tau=0.2|lambda=0.6,learning_curve,GaitPDB,7,0.05,4,1.0,0.2,0.6,point_selection_balanced,False,,,0.0,True,NA,False,False,False,True
learning_curve|GaitPDB|seed=7|fraction=0.05|gamma=1|tau=0.2|lambda=0.6,learning_curve,GaitPDB,7,0.05,4,1.0,0.2,0.6,vera_balanced_iut,False,,,0.0,True,NA,False,False,False,True
learning_curve|GaitPDB|seed=7|fraction=0.05|gamma=1|tau=0.2|lambda=0.6,learning_curve,GaitPDB,7,0.05,4,1.0,0.2,0.6,vera_balanced_envelope,False,,,0.0,True,NA,False,False,False,True
learning_curve|GaitPDB|seed=7|fraction=0.05|gamma=1|tau=0.2|lambda=0.6,learning_curve,GaitPDB,7,0.05,4,1.0,0.2,0.6,external_balanced_oracle,True,"MANCE++::epsilon=0.05,steps=3",MANCE++,0.0,True,True,False,False,False,True
learning_curve|GaitPDB|seed=7|fraction=0.05|gamma=1|tau=0.2|lambda=0.7,learning_curve,GaitPDB,7,0.05,4,1.0,0.2,0.7,always_deploy_balanced,True,LEACE::closed_form,LEACE,0.0,True,True,False,False,False,True
learning_curve|GaitPDB|seed=7|fraction=0.05|gamma=1|tau=0.2|lambda=0.7,learning_curve,GaitPDB,7,0.05,4,1.0,0.2,0.7,point_selection_balanced,False,,,0.0,True,NA,False,False,False,True
learning_curve|GaitPDB|seed=7|fraction=0.05|gamma=1|tau=0.2|lambda=0.7,learning_curve,GaitPDB,7,0.05,4,1.0,0.2,0.7,vera_balanced_iut,False,,,0.0,True,NA,False,False,False,True
learning_curve|GaitPDB|seed=7|fraction=0.05|gamma=1|tau=0.2|lambda=0.7,learning_curve,GaitPDB,7,0.05,4,1.0,0.2,0.7,vera_balanced_envelope,False,,,0.0,True,NA,False,False,False,True
learning_curve|GaitPDB|seed=7|fraction=0.05|gamma=1|tau=0.2|lambda=0.7,learning_curve,GaitPDB,7,0.05,4,1.0,0.2,0.7,external_balanced_oracle,True,LEACE::closed_form,LEACE,0.0,True,True,False,False,False,True
learning_curve|GaitPDB|seed=7|fraction=0.05|gamma=1|tau=0.2|lambda=0.8,learning_curve,GaitPDB,7,0.05,4,1.0,0.2,0.8,always_deploy_balanced,True,LEACE::closed_form,LEACE,0.0,True,True,False,False,False,True
learning_curve|GaitPDB|seed=7|fraction=0.05|gamma=1|tau=0.2|lambda=0.8,learning_curve,GaitPDB,7,0.05,4,1.0,0.2,0.8,point_selection_balanced,True,LEACE::closed_form,LEACE,0.0,True,True,False,False,False,True
learning_curve|GaitPDB|seed=7|fraction=0.05|gamma=1|tau=0.2|lambda=0.8,learning_curve,GaitPDB,7,0.05,4,1.0,0.2,0.8,vera_balanced_iut,False,,,0.0,True,NA,False,False,False,True
learning_curve|GaitPDB|seed=7|fraction=0.05|gamma=1|tau=0.2|lambda=0.8,learning_curve,GaitPDB,7,0.05,4,1.0,0.2,0.8,vera_balanced_envelope,False,,,0.0,True,NA,False,False,False,True
learning_curve|GaitPDB|seed=7|fraction=0.05|gamma=1|tau=0.2|lambda=0.8,learning_curve,GaitPDB,7,0.05,4,1.0,0.2,0.8,external_balanced_oracle,True,LEACE::closed_form,LEACE,0.0,True,True,False,False,False,True
learning_curve|GaitPDB|seed=7|fraction=0.1|gamma=1|tau=0.05|lambda=0.6,learning_curve,GaitPDB,7,0.1,5,1.0,0.05,0.6,always_deploy_balanced,True,LEACE::closed_form,LEACE,0.0,True,False,True,False,False,True
learning_curve|GaitPDB|seed=7|fraction=0.1|gamma=1|tau=0.05|lambda=0.6,learning_curve,GaitPDB,7,0.1,5,1.0,0.05,0.6,point_selection_balanced,False,,,0.0,True,NA,False,False,False,True
learning_curve|GaitPDB|seed=7|fraction=0.1|gamma=1|tau=0.05|lambda=0.6,learning_curve,GaitPDB,7,0.1,5,1.0,0.05,0.6,vera_balanced_iut,False,,,0.0,True,NA,False,False,False,True
learning_curve|GaitPDB|seed=7|fraction=0.1|gamma=1|tau=0.05|lambda=0.6,learning_curve,GaitPDB,7,0.1,5,1.0,0.05,0.6,vera_balanced_envelope,False,,,0.0,True,NA,False,False,False,True
learning_curve|GaitPDB|seed=7|fraction=0.1|gamma=1|tau=0.05|lambda=0.6,learning_curve,GaitPDB,7,0.1,5,1.0,0.05,0.6,external_balanced_oracle,True,"MANCE++::epsilon=0.05,steps=3",MANCE++,0.0,True,True,False,False,False,True
learning_curve|GaitPDB|seed=7|fraction=0.1|gamma=1|tau=0.05|lambda=0.7,learning_curve,GaitPDB,7,0.1,5,1.0,0.05,0.7,always_deploy_balanced,True,LEACE::closed_form,LEACE,0.0,True,True,False,False,False,True
learning_curve|GaitPDB|seed=7|fraction=0.1|gamma=1|tau=0.05|lambda=0.7,learning_curve,GaitPDB,7,0.1,5,1.0,0.05,0.7,point_selection_balanced,True,LEACE::closed_form,LEACE,0.0,True,True,False,False,False,True
learning_curve|GaitPDB|seed=7|fraction=0.1|gamma=1|tau=0.05|lambda=0.7,learning_curve,GaitPDB,7,0.1,5,1.0,0.05,0.7,vera_balanced_iut,False,,,0.0,True,NA,False,False,False,True
learning_curve|GaitPDB|seed=7|fraction=0.1|gamma=1|tau=0.05|lambda=0.7,learning_curve,GaitPDB,7,0.1,5,1.0,0.05,0.7,vera_balanced_envelope,False,,,0.0,True,NA,False,False,False,True
learning_curve|GaitPDB|seed=7|fraction=0.1|gamma=1|tau=0.05|lambda=0.7,learning_curve,GaitPDB,7,0.1,5,1.0,0.05,0.7,external_balanced_oracle,True,LEACE::closed_form,LEACE,0.0,True,True,False,False,False,True
learning_curve|GaitPDB|seed=7|fraction=0.1|gamma=1|tau=0.05|lambda=0.8,learning_curve,GaitPDB,7,0.1,5,1.0,0.05,0.8,always_deploy_balanced,True,LEACE::closed_form,LEACE,0.0,True,True,False,False,False,True
learning_curve|GaitPDB|seed=7|fraction=0.1|gamma=1|tau=0.05|lambda=0.8,learning_curve,GaitPDB,7,0.1,5,1.0,0.05,0.8,point_selection_balanced,True,LEACE::closed_form,LEACE,0.0,True,True,False,False,False,True
learning_curve|GaitPDB|seed=7|fraction=0.1|gamma=1|tau=0.05|lambda=0.8,learning_curve,GaitPDB,7,0.1,5,1.0,0.05,0.8,vera_balanced_iut,False,,,0.0,True,NA,False,False,False,True
learning_curve|GaitPDB|seed=7|fraction=0.1|gamma=1|tau=0.05|lambda=0.8,learning_curve,GaitPDB,7,0.1,5,1.0,0.05,0.8,vera_balanced_envelope,False,,,0.0,True,NA,False,False,False,True
learning_curve|GaitPDB|seed=7|fraction=0.1|gamma=1|tau=0.05|lambda=0.8,learning_curve,GaitPDB,7,0.1,5,1.0,0.05,0.8,external_balanced_oracle,True,LEACE::closed_form,LEACE,0.0,True,True,False,False,False,True
learning_curve|GaitPDB|seed=7|fraction=0.1|gamma=1|tau=0.1|lambda=0.6,learning_curve,GaitPDB,7,0.1,5,1.0,0.1,0.6,always_deploy_balanced,True,LEACE::closed_form,LEACE,0.0,True,False,True,False,False,True
learning_curve|GaitPDB|seed=7|fraction=0.1|gamma=1|tau=0.1|lambda=0.6,learning_curve,GaitPDB,7,0.1,5,1.0,0.1,0.6,point_selection_balanced,False,,,0.0,True,NA,False,False,False,True
learning_curve|GaitPDB|seed=7|fraction=0.1|gamma=1|tau=0.1|lambda=0.6,learning_curve,GaitPDB,7,0.1,5,1.0,0.1,0.6,vera_balanced_iut,False,,,0.0,True,NA,False,False,False,True
learning_curve|GaitPDB|seed=7|fraction=0.1|gamma=1|tau=0.1|lambda=0.6,learning_curve,GaitPDB,7,0.1,5,1.0,0.1,0.6,vera_balanced_envelope,False,,,0.0,True,NA,False,False,False,True
learning_curve|GaitPDB|seed=7|fraction=0.1|gamma=1|tau=0.1|lambda=0.6,learning_curve,GaitPDB,7,0.1,5,1.0,0.1,0.6,external_balanced_oracle,True,"MANCE++::epsilon=0.05,steps=3",MANCE++,0.0,True,True,False,False,False,True
learning_curve|GaitPDB|seed=7|fraction=0.1|gamma=1|tau=0.1|lambda=0.7,learning_curve,GaitPDB,7,0.1,5,1.0,0.1,0.7,always_deploy_balanced,True,LEACE::closed_form,LEACE,0.0,True,True,False,False,False,True
learning_curve|GaitPDB|seed=7|fraction=0.1|gamma=1|tau=0.1|lambda=0.7,learning_curve,GaitPDB,7,0.1,5,1.0,0.1,0.7,point_selection_balanced,True,LEACE::closed_form,LEACE,0.0,True,True,False,False,False,True
learning_curve|GaitPDB|seed=7|fraction=0.1|gamma=1|tau=0.1|lambda=0.7,learning_curve,GaitPDB,7,0.1,5,1.0,0.1,0.7,vera_balanced_iut,False,,,0.0,True,NA,False,False,False,True
learning_curve|GaitPDB|seed=7|fraction=0.1|gamma=1|tau=0.1|lambda=0.7,learning_curve,GaitPDB,7,0.1,5,1.0,0.1,0.7,vera_balanced_envelope,False,,,0.0,True,NA,False,False,False,True
learning_curve|GaitPDB|seed=7|fraction=0.1|gamma=1|tau=0.1|lambda=0.7,learning_curve,GaitPDB,7,0.1,5,1.0,0.1,0.7,external_balanced_oracle,True,LEACE::closed_form,LEACE,0.0,True,True,False,False,False,True
learning_curve|GaitPDB|seed=7|fraction=0.1|gamma=1|tau=0.1|lambda=0.8,learning_curve,GaitPDB,7,0.1,5,1.0,0.1,0.8,always_deploy_balanced,True,LEACE::closed_form,LEACE,0.0,True,True,False,False,False,True
learning_curve|GaitPDB|seed=7|fraction=0.1|gamma=1|tau=0.1|lambda=0.8,learning_curve,GaitPDB,7,0.1,5,1.0,0.1,0.8,point_selection_balanced,True,LEACE::closed_form,LEACE,0.0,True,True,False,False,False,True
learning_curve|GaitPDB|seed=7|fraction=0.1|gamma=1|tau=0.1|lambda=0.8,learning_curve,GaitPDB,7,0.1,5,1.0,0.1,0.8,vera_balanced_iut,False,,,0.0,True,NA,False,False,False,True
learning_curve|GaitPDB|seed=7|fraction=0.1|gamma=1|tau=0.1|lambda=0.8,learning_curve,GaitPDB,7,0.1,5,1.0,0.1,0.8,vera_balanced_envelope,False,,,0.0,True,NA,False,False,False,True
learning_curve|GaitPDB|seed=7|fraction=0.1|gamma=1|tau=0.1|lambda=0.8,learning_curve,GaitPDB,7,0.1,5,1.0,0.1,0.8,external_balanced_oracle,True,LEACE::closed_form,LEACE,0.0,True,True,False,False,False,True
learning_curve|GaitPDB|seed=7|fraction=0.1|gamma=1|tau=0.2|lambda=0.6,learning_curve,GaitPDB,7,0.1,5,1.0,0.2,0.6,always_deploy_balanced,True,LEACE::closed_form,LEACE,0.0,True,False,True,False,False,True
learning_curve|GaitPDB|seed=7|fraction=0.1|gamma=1|tau=0.2|lambda=0.6,learning_curve,GaitPDB,7,0.1,5,1.0,0.2,0.6,point_selection_balanced,False,,,0.0,True,NA,False,False,False,True
learning_curve|GaitPDB|seed=7|fraction=0.1|gamma=1|tau=0.2|lambda=0.6,learning_curve,GaitPDB,7,0.1,5,1.0,0.2,0.6,vera_balanced_iut,False,,,0.0,True,NA,False,False,False,True
learning_curve|GaitPDB|seed=7|fraction=0.1|gamma=1|tau=0.2|lambda=0.6,learning_curve,GaitPDB,7,0.1,5,1.0,0.2,0.6,vera_balanced_envelope,False,,,0.0,True,NA,False,False,False,True
learning_curve|GaitPDB|seed=7|fraction=0.1|gamma=1|tau=0.2|lambda=0.6,learning_curve,GaitPDB,7,0.1,5,1.0,0.2,0.6,external_balanced_oracle,True,"MANCE++::epsilon=0.05,steps=3",MANCE++,0.0,True,True,False,False,False,True
learning_curve|GaitPDB|seed=7|fraction=0.1|gamma=1|tau=0.2|lambda=0.7,learning_curve,GaitPDB,7,0.1,5,1.0,0.2,0.7,always_deploy_balanced,True,LEACE::closed_form,LEACE,0.0,True,True,False,False,False,True
learning_curve|GaitPDB|seed=7|fraction=0.1|gamma=1|tau=0.2|lambda=0.7,learning_curve,GaitPDB,7,0.1,5,1.0,0.2,0.7,point_selection_balanced,True,LEACE::closed_form,LEACE,0.0,True,True,False,False,False,True
learning_curve|GaitPDB|seed=7|fraction=0.1|gamma=1|tau=0.2|lambda=0.7,learning_curve,GaitPDB,7,0.1,5,1.0,0.2,0.7,vera_balanced_iut,False,,,0.0,True,NA,False,False,False,True
learning_curve|GaitPDB|seed=7|fraction=0.1|gamma=1|tau=0.2|lambda=0.7,learning_curve,GaitPDB,7,0.1,5,1.0,0.2,0.7,vera_balanced_envelope,False,,,0.0,True,NA,False,False,False,True
learning_curve|GaitPDB|seed=7|fraction=0.1|gamma=1|tau=0.2|lambda=0.7,learning_curve,GaitPDB,7,0.1,5,1.0,0.2,0.7,external_balanced_oracle,True,LEACE::closed_form,LEACE,0.0,True,True,False,False,False,True
learning_curve|GaitPDB|seed=7|fraction=0.1|gamma=1|tau=0.2|lambda=0.8,learning_curve,GaitPDB,7,0.1,5,1.0,0.2,0.8,always_deploy_balanced,True,LEACE::closed_form,LEACE,0.0,True,True,False,False,False,True
learning_curve|GaitPDB|seed=7|fraction=0.1|gamma=1|tau=0.2|lambda=0.8,learning_curve,GaitPDB,7,0.1,5,1.0,0.2,0.8,point_selection_balanced,True,LEACE::closed_form,LEACE,0.0,True,True,False,False,False,True
learning_curve|GaitPDB|seed=7|fraction=0.1|gamma=1|tau=0.2|lambda=0.8,learning_curve,GaitPDB,7,0.1,5,1.0,0.2,0.8,vera_balanced_iut,False,,,0.0,True,NA,False,False,False,True
learning_curve|GaitPDB|seed=7|fraction=0.1|gamma=1|tau=0.2|lambda=0.8,learning_curve,GaitPDB,7,0.1,5,1.0,0.2,0.8,vera_balanced_envelope,False,,,0.0,True,NA,False,False,False,True
learning_curve|GaitPDB|seed=7|fraction=0.1|gamma=1|tau=0.2|lambda=0.8,learning_curve,GaitPDB,7,0.1,5,1.0,0.2,0.8,external_balanced_oracle,True,LEACE::closed_form,LEACE,0.0,True,True,False,False,False,True
learning_curve|GaitPDB|seed=7|fraction=0.25|gamma=1|tau=0.05|lambda=0.6,learning_curve,GaitPDB,7,0.25,14,1.0,0.05,0.6,always_deploy_balanced,True,LEACE::closed_form,LEACE,0.0,True,False,True,False,False,True
learning_curve|GaitPDB|seed=7|fraction=0.25|gamma=1|tau=0.05|lambda=0.6,learning_curve,GaitPDB,7,0.25,14,1.0,0.05,0.6,point_selection_balanced,True,LEACE::closed_form,LEACE,0.0,True,False,True,False,False,True
learning_curve|GaitPDB|seed=7|fraction=0.25|gamma=1|tau=0.05|lambda=0.6,learning_curve,GaitPDB,7,0.25,14,1.0,0.05,0.6,vera_balanced_iut,False,,,0.0,True,NA,False,False,False,True
learning_curve|GaitPDB|seed=7|fraction=0.25|gamma=1|tau=0.05|lambda=0.6,learning_curve,GaitPDB,7,0.25,14,1.0,0.05,0.6,vera_balanced_envelope,False,,,0.0,True,NA,False,False,False,True
learning_curve|GaitPDB|seed=7|fraction=0.25|gamma=1|tau=0.05|lambda=0.6,learning_curve,GaitPDB,7,0.25,14,1.0,0.05,0.6,external_balanced_oracle,True,"MANCE++::epsilon=0.05,steps=3",MANCE++,0.0,True,True,False,False,False,True
learning_curve|GaitPDB|seed=7|fraction=0.25|gamma=1|tau=0.05|lambda=0.7,learning_curve,GaitPDB,7,0.25,14,1.0,0.05,0.7,always_deploy_balanced,True,LEACE::closed_form,LEACE,0.0,True,True,False,False,False,True
learning_curve|GaitPDB|seed=7|fraction=0.25|gamma=1|tau=0.05|lambda=0.7,learning_curve,GaitPDB,7,0.25,14,1.0,0.05,0.7,point_selection_balanced,True,LEACE::closed_form,LEACE,0.0,True,True,False,False,False,True
learning_curve|GaitPDB|seed=7|fraction=0.25|gamma=1|tau=0.05|lambda=0.7,learning_curve,GaitPDB,7,0.25,14,1.0,0.05,0.7,vera_balanced_iut,False,,,0.0,True,NA,False,False,False,True
learning_curve|GaitPDB|seed=7|fraction=0.25|gamma=1|tau=0.05|lambda=0.7,learning_curve,GaitPDB,7,0.25,14,1.0,0.05,0.7,vera_balanced_envelope,False,,,0.0,True,NA,False,False,False,True
learning_curve|GaitPDB|seed=7|fraction=0.25|gamma=1|tau=0.05|lambda=0.7,learning_curve,GaitPDB,7,0.25,14,1.0,0.05,0.7,external_balanced_oracle,True,LEACE::closed_form,LEACE,0.0,True,True,False,False,False,True
learning_curve|GaitPDB|seed=7|fraction=0.25|gamma=1|tau=0.05|lambda=0.8,learning_curve,GaitPDB,7,0.25,14,1.0,0.05,0.8,always_deploy_balanced,True,LEACE::closed_form,LEACE,0.0,True,True,False,False,False,True
learning_curve|GaitPDB|seed=7|fraction=0.25|gamma=1|tau=0.05|lambda=0.8,learning_curve,GaitPDB,7,0.25,14,1.0,0.05,0.8,point_selection_balanced,True,LEACE::closed_form,LEACE,0.0,True,True,False,False,False,True
learning_curve|GaitPDB|seed=7|fraction=0.25|gamma=1|tau=0.05|lambda=0.8,learning_curve,GaitPDB,7,0.25,14,1.0,0.05,0.8,vera_balanced_iut,False,,,0.0,True,NA,False,False,False,True
learning_curve|GaitPDB|seed=7|fraction=0.25|gamma=1|tau=0.05|lambda=0.8,learning_curve,GaitPDB,7,0.25,14,1.0,0.05,0.8,vera_balanced_envelope,False,,,0.0,True,NA,False,False,False,True
learning_curve|GaitPDB|seed=7|fraction=0.25|gamma=1|tau=0.05|lambda=0.8,learning_curve,GaitPDB,7,0.25,14,1.0,0.05,0.8,external_balanced_oracle,True,LEACE::closed_form,LEACE,0.0,True,True,False,False,False,True
learning_curve|GaitPDB|seed=7|fraction=0.25|gamma=1|tau=0.1|lambda=0.6,learning_curve,GaitPDB,7,0.25,14,1.0,0.1,0.6,always_deploy_balanced,True,LEACE::closed_form,LEACE,0.0,True,False,True,False,False,True
learning_curve|GaitPDB|seed=7|fraction=0.25|gamma=1|tau=0.1|lambda=0.6,learning_curve,GaitPDB,7,0.25,14,1.0,0.1,0.6,point_selection_balanced,True,LEACE::closed_form,LEACE,0.0,True,False,True,False,False,True
learning_curve|GaitPDB|seed=7|fraction=0.25|gamma=1|tau=0.1|lambda=0.6,learning_curve,GaitPDB,7,0.25,14,1.0,0.1,0.6,vera_balanced_iut,False,,,0.0,True,NA,False,False,False,True
learning_curve|GaitPDB|seed=7|fraction=0.25|gamma=1|tau=0.1|lambda=0.6,learning_curve,GaitPDB,7,0.25,14,1.0,0.1,0.6,vera_balanced_envelope,False,,,0.0,True,NA,False,False,False,True
learning_curve|GaitPDB|seed=7|fraction=0.25|gamma=1|tau=0.1|lambda=0.6,learning_curve,GaitPDB,7,0.25,14,1.0,0.1,0.6,external_balanced_oracle,True,"MANCE++::epsilon=0.05,steps=3",MANCE++,0.0,True,True,False,False,False,True
learning_curve|GaitPDB|seed=7|fraction=0.25|gamma=1|tau=0.1|lambda=0.7,learning_curve,GaitPDB,7,0.25,14,1.0,0.1,0.7,always_deploy_balanced,True,LEACE::closed_form,LEACE,0.0,True,True,False,False,False,True
learning_curve|GaitPDB|seed=7|fraction=0.25|gamma=1|tau=0.1|lambda=0.7,learning_curve,GaitPDB,7,0.25,14,1.0,0.1,0.7,point_selection_balanced,True,LEACE::closed_form,LEACE,0.0,True,True,False,False,False,True
learning_curve|GaitPDB|seed=7|fraction=0.25|gamma=1|tau=0.1|lambda=0.7,learning_curve,GaitPDB,7,0.25,14,1.0,0.1,0.7,vera_balanced_iut,False,,,0.0,True,NA,False,False,False,True
learning_curve|GaitPDB|seed=7|fraction=0.25|gamma=1|tau=0.1|lambda=0.7,learning_curve,GaitPDB,7,0.25,14,1.0,0.1,0.7,vera_balanced_envelope,False,,,0.0,True,NA,False,False,False,True
learning_curve|GaitPDB|seed=7|fraction=0.25|gamma=1|tau=0.1|lambda=0.7,learning_curve,GaitPDB,7,0.25,14,1.0,0.1,0.7,external_balanced_oracle,True,LEACE::closed_form,LEACE,0.0,True,True,False,False,False,True
learning_curve|GaitPDB|seed=7|fraction=0.25|gamma=1|tau=0.1|lambda=0.8,learning_curve,GaitPDB,7,0.25,14,1.0,0.1,0.8,always_deploy_balanced,True,LEACE::closed_form,LEACE,0.0,True,True,False,False,False,True
learning_curve|GaitPDB|seed=7|fraction=0.25|gamma=1|tau=0.1|lambda=0.8,learning_curve,GaitPDB,7,0.25,14,1.0,0.1,0.8,point_selection_balanced,True,LEACE::closed_form,LEACE,0.0,True,True,False,False,False,True
learning_curve|GaitPDB|seed=7|fraction=0.25|gamma=1|tau=0.1|lambda=0.8,learning_curve,GaitPDB,7,0.25,14,1.0,0.1,0.8,vera_balanced_iut,False,,,0.0,True,NA,False,False,False,True
learning_curve|GaitPDB|seed=7|fraction=0.25|gamma=1|tau=0.1|lambda=0.8,learning_curve,GaitPDB,7,0.25,14,1.0,0.1,0.8,vera_balanced_envelope,False,,,0.0,True,NA,False,False,False,True
learning_curve|GaitPDB|seed=7|fraction=0.25|gamma=1|tau=0.1|lambda=0.8,learning_curve,GaitPDB,7,0.25,14,1.0,0.1,0.8,external_balanced_oracle,True,LEACE::closed_form,LEACE,0.0,True,True,False,False,False,True
learning_curve|GaitPDB|seed=7|fraction=0.25|gamma=1|tau=0.2|lambda=0.6,learning_curve,GaitPDB,7,0.25,14,1.0,0.2,0.6,always_deploy_balanced,True,LEACE::closed_form,LEACE,0.0,True,False,True,False,False,True
learning_curve|GaitPDB|seed=7|fraction=0.25|gamma=1|tau=0.2|lambda=0.6,learning_curve,GaitPDB,7,0.25,14,1.0,0.2,0.6,point_selection_balanced,True,LEACE::closed_form,LEACE,0.0,True,False,True,False,False,True
learning_curve|GaitPDB|seed=7|fraction=0.25|gamma=1|tau=0.2|lambda=0.6,learning_curve,GaitPDB,7,0.25,14,1.0,0.2,0.6,vera_balanced_iut,False,,,0.0,True,NA,False,False,False,True
learning_curve|GaitPDB|seed=7|fraction=0.25|gamma=1|tau=0.2|lambda=0.6,learning_curve,GaitPDB,7,0.25,14,1.0,0.2,0.6,vera_balanced_envelope,False,,,0.0,True,NA,False,False,False,True
learning_curve|GaitPDB|seed=7|fraction=0.25|gamma=1|tau=0.2|lambda=0.6,learning_curve,GaitPDB,7,0.25,14,1.0,0.2,0.6,external_balanced_oracle,True,"MANCE++::epsilon=0.05,steps=3",MANCE++,0.0,True,True,False,False,False,True
learning_curve|GaitPDB|seed=7|fraction=0.25|gamma=1|tau=0.2|lambda=0.7,learning_curve,GaitPDB,7,0.25,14,1.0,0.2,0.7,always_deploy_balanced,True,LEACE::closed_form,LEACE,0.0,True,True,False,False,False,True
learning_curve|GaitPDB|seed=7|fraction=0.25|gamma=1|tau=0.2|lambda=0.7,learning_curve,GaitPDB,7,0.25,14,1.0,0.2,0.7,point_selection_balanced,True,LEACE::closed_form,LEACE,0.0,True,True,False,False,False,True
learning_curve|GaitPDB|seed=7|fraction=0.25|gamma=1|tau=0.2|lambda=0.7,learning_curve,GaitPDB,7,0.25,14,1.0,0.2,0.7,vera_balanced_iut,False,,,0.0,True,NA,False,False,False,True
learning_curve|GaitPDB|seed=7|fraction=0.25|gamma=1|tau=0.2|lambda=0.7,learning_curve,GaitPDB,7,0.25,14,1.0,0.2,0.7,vera_balanced_envelope,False,,,0.0,True,NA,False,False,False,True
learning_curve|GaitPDB|seed=7|fraction=0.25|gamma=1|tau=0.2|lambda=0.7,learning_curve,GaitPDB,7,0.25,14,1.0,0.2,0.7,external_balanced_oracle,True,LEACE::closed_form,LEACE,0.0,True,True,False,False,False,True
learning_curve|GaitPDB|seed=7|fraction=0.25|gamma=1|tau=0.2|lambda=0.8,learning_curve,GaitPDB,7,0.25,14,1.0,0.2,0.8,always_deploy_balanced,True,LEACE::closed_form,LEACE,0.0,True,True,False,False,False,True
learning_curve|GaitPDB|seed=7|fraction=0.25|gamma=1|tau=0.2|lambda=0.8,learning_curve,GaitPDB,7,0.25,14,1.0,0.2,0.8,point_selection_balanced,True,LEACE::closed_form,LEACE,0.0,True,True,False,False,False,True
learning_curve|GaitPDB|seed=7|fraction=0.25|gamma=1|tau=0.2|lambda=0.8,learning_curve,GaitPDB,7,0.25,14,1.0,0.2,0.8,vera_balanced_iut,False,,,0.0,True,NA,False,False,False,True
learning_curve|GaitPDB|seed=7|fraction=0.25|gamma=1|tau=0.2|lambda=0.8,learning_curve,GaitPDB,7,0.25,14,1.0,0.2,0.8,vera_balanced_envelope,False,,,0.0,True,NA,False,False,False,True
learning_curve|GaitPDB|seed=7|fraction=0.25|gamma=1|tau=0.2|lambda=0.8,learning_curve,GaitPDB,7,0.25,14,1.0,0.2,0.8,external_balanced_oracle,True,LEACE::closed_form,LEACE,0.0,True,True,False,False,False,True
learning_curve|GaitPDB|seed=7|fraction=0.5|gamma=1|tau=0.05|lambda=0.6,learning_curve,GaitPDB,7,0.5,30,1.0,0.05,0.6,always_deploy_balanced,True,"MANCE++::epsilon=0.05,steps=3",MANCE++,0.0,True,True,False,False,False,True
learning_curve|GaitPDB|seed=7|fraction=0.5|gamma=1|tau=0.05|lambda=0.6,learning_curve,GaitPDB,7,0.5,30,1.0,0.05,0.6,point_selection_balanced,True,"MANCE++::epsilon=0.05,steps=3",MANCE++,0.0,True,True,False,False,False,True
learning_curve|GaitPDB|seed=7|fraction=0.5|gamma=1|tau=0.05|lambda=0.6,learning_curve,GaitPDB,7,0.5,30,1.0,0.05,0.6,vera_balanced_iut,False,,,0.0,True,NA,False,False,False,True
learning_curve|GaitPDB|seed=7|fraction=0.5|gamma=1|tau=0.05|lambda=0.6,learning_curve,GaitPDB,7,0.5,30,1.0,0.05,0.6,vera_balanced_envelope,False,,,0.0,True,NA,False,False,False,True
learning_curve|GaitPDB|seed=7|fraction=0.5|gamma=1|tau=0.05|lambda=0.6,learning_curve,GaitPDB,7,0.5,30,1.0,0.05,0.6,external_balanced_oracle,True,"MANCE++::epsilon=0.05,steps=3",MANCE++,0.0,True,True,False,False,False,True
learning_curve|GaitPDB|seed=7|fraction=0.5|gamma=1|tau=0.05|lambda=0.7,learning_curve,GaitPDB,7,0.5,30,1.0,0.05,0.7,always_deploy_balanced,True,"MANCE++::epsilon=0.05,steps=3",MANCE++,0.0,True,True,False,False,False,True
learning_curve|GaitPDB|seed=7|fraction=0.5|gamma=1|tau=0.05|lambda=0.7,learning_curve,GaitPDB,7,0.5,30,1.0,0.05,0.7,point_selection_balanced,True,"MANCE++::epsilon=0.05,steps=3",MANCE++,0.0,True,True,False,False,False,True
learning_curve|GaitPDB|seed=7|fraction=0.5|gamma=1|tau=0.05|lambda=0.7,learning_curve,GaitPDB,7,0.5,30,1.0,0.05,0.7,vera_balanced_iut,False,,,0.0,True,NA,False,False,False,True
learning_curve|GaitPDB|seed=7|fraction=0.5|gamma=1|tau=0.05|lambda=0.7,learning_curve,GaitPDB,7,0.5,30,1.0,0.05,0.7,vera_balanced_envelope,False,,,0.0,True,NA,False,False,False,True
learning_curve|GaitPDB|seed=7|fraction=0.5|gamma=1|tau=0.05|lambda=0.7,learning_curve,GaitPDB,7,0.5,30,1.0,0.05,0.7,external_balanced_oracle,True,"MANCE++::epsilon=0.05,steps=3",MANCE++,0.0,True,True,False,False,False,True
learning_curve|GaitPDB|seed=7|fraction=0.5|gamma=1|tau=0.05|lambda=0.8,learning_curve,GaitPDB,7,0.5,30,1.0,0.05,0.8,always_deploy_balanced,True,"MANCE++::epsilon=0.05,steps=3",MANCE++,0.0,True,True,False,False,False,True
learning_curve|GaitPDB|seed=7|fraction=0.5|gamma=1|tau=0.05|lambda=0.8,learning_curve,GaitPDB,7,0.5,30,1.0,0.05,0.8,point_selection_balanced,True,"MANCE++::epsilon=0.05,steps=3",MANCE++,0.0,True,True,False,False,False,True
learning_curve|GaitPDB|seed=7|fraction=0.5|gamma=1|tau=0.05|lambda=0.8,learning_curve,GaitPDB,7,0.5,30,1.0,0.05,0.8,vera_balanced_iut,False,,,0.0,True,NA,False,False,False,True
learning_curve|GaitPDB|seed=7|fraction=0.5|gamma=1|tau=0.05|lambda=0.8,learning_curve,GaitPDB,7,0.5,30,1.0,0.05,0.8,vera_balanced_envelope,False,,,0.0,True,NA,False,False,False,True
learning_curve|GaitPDB|seed=7|fraction=0.5|gamma=1|tau=0.05|lambda=0.8,learning_curve,GaitPDB,7,0.5,30,1.0,0.05,0.8,external_balanced_oracle,True,"MANCE++::epsilon=0.05,steps=3",MANCE++,0.0,True,True,False,False,False,True
learning_curve|GaitPDB|seed=7|fraction=0.5|gamma=1|tau=0.1|lambda=0.6,learning_curve,GaitPDB,7,0.5,30,1.0,0.1,0.6,always_deploy_balanced,True,"MANCE++::epsilon=0.05,steps=3",MANCE++,0.0,True,True,False,False,False,True
learning_curve|GaitPDB|seed=7|fraction=0.5|gamma=1|tau=0.1|lambda=0.6,learning_curve,GaitPDB,7,0.5,30,1.0,0.1,0.6,point_selection_balanced,True,"MANCE++::epsilon=0.05,steps=3",MANCE++,0.0,True,True,False,False,False,True
learning_curve|GaitPDB|seed=7|fraction=0.5|gamma=1|tau=0.1|lambda=0.6,learning_curve,GaitPDB,7,0.5,30,1.0,0.1,0.6,vera_balanced_iut,False,,,0.0,True,NA,False,False,False,True
learning_curve|GaitPDB|seed=7|fraction=0.5|gamma=1|tau=0.1|lambda=0.6,learning_curve,GaitPDB,7,0.5,30,1.0,0.1,0.6,vera_balanced_envelope,False,,,0.0,True,NA,False,False,False,True
learning_curve|GaitPDB|seed=7|fraction=0.5|gamma=1|tau=0.1|lambda=0.6,learning_curve,GaitPDB,7,0.5,30,1.0,0.1,0.6,external_balanced_oracle,True,"MANCE++::epsilon=0.05,steps=3",MANCE++,0.0,True,True,False,False,False,True
learning_curve|GaitPDB|seed=7|fraction=0.5|gamma=1|tau=0.1|lambda=0.7,learning_curve,GaitPDB,7,0.5,30,1.0,0.1,0.7,always_deploy_balanced,True,"MANCE++::epsilon=0.05,steps=3",MANCE++,0.0,True,True,False,False,False,True
learning_curve|GaitPDB|seed=7|fraction=0.5|gamma=1|tau=0.1|lambda=0.7,learning_curve,GaitPDB,7,0.5,30,1.0,0.1,0.7,point_selection_balanced,True,"MANCE++::epsilon=0.05,steps=3",MANCE++,0.0,True,True,False,False,False,True
learning_curve|GaitPDB|seed=7|fraction=0.5|gamma=1|tau=0.1|lambda=0.7,learning_curve,GaitPDB,7,0.5,30,1.0,0.1,0.7,vera_balanced_iut,False,,,0.0,True,NA,False,False,False,True
learning_curve|GaitPDB|seed=7|fraction=0.5|gamma=1|tau=0.1|lambda=0.7,learning_curve,GaitPDB,7,0.5,30,1.0,0.1,0.7,vera_balanced_envelope,False,,,0.0,True,NA,False,False,False,True
learning_curve|GaitPDB|seed=7|fraction=0.5|gamma=1|tau=0.1|lambda=0.7,learning_curve,GaitPDB,7,0.5,30,1.0,0.1,0.7,external_balanced_oracle,True,"MANCE++::epsilon=0.05,steps=3",MANCE++,0.0,True,True,False,False,False,True
learning_curve|GaitPDB|seed=7|fraction=0.5|gamma=1|tau=0.1|lambda=0.8,learning_curve,GaitPDB,7,0.5,30,1.0,0.1,0.8,always_deploy_balanced,True,"MANCE++::epsilon=0.05,steps=3",MANCE++,0.0,True,True,False,False,False,True
learning_curve|GaitPDB|seed=7|fraction=0.5|gamma=1|tau=0.1|lambda=0.8,learning_curve,GaitPDB,7,0.5,30,1.0,0.1,0.8,point_selection_balanced,True,"MANCE++::epsilon=0.05,steps=3",MANCE++,0.0,True,True,False,False,False,True
learning_curve|GaitPDB|seed=7|fraction=0.5|gamma=1|tau=0.1|lambda=0.8,learning_curve,GaitPDB,7,0.5,30,1.0,0.1,0.8,vera_balanced_iut,False,,,0.0,True,NA,False,False,False,True
learning_curve|GaitPDB|seed=7|fraction=0.5|gamma=1|tau=0.1|lambda=0.8,learning_curve,GaitPDB,7,0.5,30,1.0,0.1,0.8,vera_balanced_envelope,False,,,0.0,True,NA,False,False,False,True
learning_curve|GaitPDB|seed=7|fraction=0.5|gamma=1|tau=0.1|lambda=0.8,learning_curve,GaitPDB,7,0.5,30,1.0,0.1,0.8,external_balanced_oracle,True,"MANCE++::epsilon=0.05,steps=3",MANCE++,0.0,True,True,False,False,False,True
learning_curve|GaitPDB|seed=7|fraction=0.5|gamma=1|tau=0.2|lambda=0.6,learning_curve,GaitPDB,7,0.5,30,1.0,0.2,0.6,always_deploy_balanced,True,"MANCE++::epsilon=0.05,steps=3",MANCE++,0.0,True,True,False,False,False,True
learning_curve|GaitPDB|seed=7|fraction=0.5|gamma=1|tau=0.2|lambda=0.6,learning_curve,GaitPDB,7,0.5,30,1.0,0.2,0.6,point_selection_balanced,True,"MANCE++::epsilon=0.05,steps=3",MANCE++,0.0,True,True,False,False,False,True
learning_curve|GaitPDB|seed=7|fraction=0.5|gamma=1|tau=0.2|lambda=0.6,learning_curve,GaitPDB,7,0.5,30,1.0,0.2,0.6,vera_balanced_iut,False,,,0.0,True,NA,False,False,False,True
learning_curve|GaitPDB|seed=7|fraction=0.5|gamma=1|tau=0.2|lambda=0.6,learning_curve,GaitPDB,7,0.5,30,1.0,0.2,0.6,vera_balanced_envelope,False,,,0.0,True,NA,False,False,False,True
learning_curve|GaitPDB|seed=7|fraction=0.5|gamma=1|tau=0.2|lambda=0.6,learning_curve,GaitPDB,7,0.5,30,1.0,0.2,0.6,external_balanced_oracle,True,"MANCE++::epsilon=0.05,steps=3",MANCE++,0.0,True,True,False,False,False,True
learning_curve|GaitPDB|seed=7|fraction=0.5|gamma=1|tau=0.2|lambda=0.7,learning_curve,GaitPDB,7,0.5,30,1.0,0.2,0.7,always_deploy_balanced,True,"MANCE++::epsilon=0.05,steps=3",MANCE++,0.0,True,True,False,False,False,True
learning_curve|GaitPDB|seed=7|fraction=0.5|gamma=1|tau=0.2|lambda=0.7,learning_curve,GaitPDB,7,0.5,30,1.0,0.2,0.7,point_selection_balanced,True,"MANCE++::epsilon=0.05,steps=3",MANCE++,0.0,True,True,False,False,False,True
learning_curve|GaitPDB|seed=7|fraction=0.5|gamma=1|tau=0.2|lambda=0.7,learning_curve,GaitPDB,7,0.5,30,1.0,0.2,0.7,vera_balanced_iut,False,,,0.0,True,NA,False,False,False,True
learning_curve|GaitPDB|seed=7|fraction=0.5|gamma=1|tau=0.2|lambda=0.7,learning_curve,GaitPDB,7,0.5,30,1.0,0.2,0.7,vera_balanced_envelope,False,,,0.0,True,NA,False,False,False,True
learning_curve|GaitPDB|seed=7|fraction=0.5|gamma=1|tau=0.2|lambda=0.7,learning_curve,GaitPDB,7,0.5,30,1.0,0.2,0.7,external_balanced_oracle,True,"MANCE++::epsilon=0.05,steps=3",MANCE++,0.0,True,True,False,False,False,True
learning_curve|GaitPDB|seed=7|fraction=0.5|gamma=1|tau=0.2|lambda=0.8,learning_curve,GaitPDB,7,0.5,30,1.0,0.2,0.8,always_deploy_balanced,True,"MANCE++::epsilon=0.05,steps=3",MANCE++,0.0,True,True,False,False,False,True
learning_curve|GaitPDB|seed=7|fraction=0.5|gamma=1|tau=0.2|lambda=0.8,learning_curve,GaitPDB,7,0.5,30,1.0,0.2,0.8,point_selection_balanced,True,"MANCE++::epsilon=0.05,steps=3",MANCE++,0.0,True,True,False,False,False,True
learning_curve|GaitPDB|seed=7|fraction=0.5|gamma=1|tau=0.2|lambda=0.8,learning_curve,GaitPDB,7,0.5,30,1.0,0.2,0.8,vera_balanced_iut,False,,,0.0,True,NA,False,False,False,True
learning_curve|GaitPDB|seed=7|fraction=0.5|gamma=1|tau=0.2|lambda=0.8,learning_curve,GaitPDB,7,0.5,30,1.0,0.2,0.8,vera_balanced_envelope,False,,,0.0,True,NA,False,False,False,True
learning_curve|GaitPDB|seed=7|fraction=0.5|gamma=1|tau=0.2|lambda=0.8,learning_curve,GaitPDB,7,0.5,30,1.0,0.2,0.8,external_balanced_oracle,True,"MANCE++::epsilon=0.05,steps=3",MANCE++,0.0,True,True,False,False,False,True
primary|GaitPDB|seed=7|fraction=1|gamma=1|tau=0.05|lambda=0.6,primary,GaitPDB,7,1.0,63,1.0,0.05,0.6,always_deploy_balanced,True,"MANCE++::epsilon=0.05,steps=3",MANCE++,0.0,True,True,False,False,False,True
primary|GaitPDB|seed=7|fraction=1|gamma=1|tau=0.05|lambda=0.6,primary,GaitPDB,7,1.0,63,1.0,0.05,0.6,point_selection_balanced,True,"MANCE++::epsilon=0.05,steps=3",MANCE++,0.0,True,True,False,False,False,True
primary|GaitPDB|seed=7|fraction=1|gamma=1|tau=0.05|lambda=0.6,primary,GaitPDB,7,1.0,63,1.0,0.05,0.6,vera_balanced_iut,False,,,0.0,True,NA,False,False,False,True
primary|GaitPDB|seed=7|fraction=1|gamma=1|tau=0.05|lambda=0.6,primary,GaitPDB,7,1.0,63,1.0,0.05,0.6,vera_balanced_envelope,False,,,0.0,True,NA,False,False,False,True
primary|GaitPDB|seed=7|fraction=1|gamma=1|tau=0.05|lambda=0.6,primary,GaitPDB,7,1.0,63,1.0,0.05,0.6,external_balanced_oracle,True,"MANCE++::epsilon=0.05,steps=3",MANCE++,0.0,True,True,False,False,False,True
primary|GaitPDB|seed=7|fraction=1|gamma=1|tau=0.05|lambda=0.7,primary,GaitPDB,7,1.0,63,1.0,0.05,0.7,always_deploy_balanced,True,"MANCE++::epsilon=0.05,steps=3",MANCE++,0.0,True,True,False,False,False,True
primary|GaitPDB|seed=7|fraction=1|gamma=1|tau=0.05|lambda=0.7,primary,GaitPDB,7,1.0,63,1.0,0.05,0.7,point_selection_balanced,True,"MANCE++::epsilon=0.05,steps=3",MANCE++,0.0,True,True,False,False,False,True
primary|GaitPDB|seed=7|fraction=1|gamma=1|tau=0.05|lambda=0.7,primary,GaitPDB,7,1.0,63,1.0,0.05,0.7,vera_balanced_iut,False,,,0.0,True,NA,False,False,False,True
primary|GaitPDB|seed=7|fraction=1|gamma=1|tau=0.05|lambda=0.7,primary,GaitPDB,7,1.0,63,1.0,0.05,0.7,vera_balanced_envelope,False,,,0.0,True,NA,False,False,False,True
primary|GaitPDB|seed=7|fraction=1|gamma=1|tau=0.05|lambda=0.7,primary,GaitPDB,7,1.0,63,1.0,0.05,0.7,external_balanced_oracle,True,"MANCE++::epsilon=0.05,steps=3",MANCE++,0.0,True,True,False,False,False,True
primary|GaitPDB|seed=7|fraction=1|gamma=1|tau=0.05|lambda=0.8,primary,GaitPDB,7,1.0,63,1.0,0.05,0.8,always_deploy_balanced,True,"MANCE++::epsilon=0.05,steps=3",MANCE++,0.0,True,True,False,False,False,True
primary|GaitPDB|seed=7|fraction=1|gamma=1|tau=0.05|lambda=0.8,primary,GaitPDB,7,1.0,63,1.0,0.05,0.8,point_selection_balanced,True,"MANCE++::epsilon=0.05,steps=3",MANCE++,0.0,True,True,False,False,False,True
primary|GaitPDB|seed=7|fraction=1|gamma=1|tau=0.05|lambda=0.8,primary,GaitPDB,7,1.0,63,1.0,0.05,0.8,vera_balanced_iut,False,,,0.0,True,NA,False,False,False,True
primary|GaitPDB|seed=7|fraction=1|gamma=1|tau=0.05|lambda=0.8,primary,GaitPDB,7,1.0,63,1.0,0.05,0.8,vera_balanced_envelope,False,,,0.0,True,NA,False,False,False,True
primary|GaitPDB|seed=7|fraction=1|gamma=1|tau=0.05|lambda=0.8,primary,GaitPDB,7,1.0,63,1.0,0.05,0.8,external_balanced_oracle,True,"MANCE++::epsilon=0.05,steps=3",MANCE++,0.0,True,True,False,False,False,True
primary|GaitPDB|seed=7|fraction=1|gamma=1|tau=0.1|lambda=0.6,primary,GaitPDB,7,1.0,63,1.0,0.1,0.6,always_deploy_balanced,True,"MANCE++::epsilon=0.05,steps=3",MANCE++,0.0,True,True,False,False,False,True
primary|GaitPDB|seed=7|fraction=1|gamma=1|tau=0.1|lambda=0.6,primary,GaitPDB,7,1.0,63,1.0,0.1,0.6,point_selection_balanced,True,"MANCE++::epsilon=0.05,steps=3",MANCE++,0.0,True,True,False,False,False,True
primary|GaitPDB|seed=7|fraction=1|gamma=1|tau=0.1|lambda=0.6,primary,GaitPDB,7,1.0,63,1.0,0.1,0.6,vera_balanced_iut,False,,,0.0,True,NA,False,False,False,True
primary|GaitPDB|seed=7|fraction=1|gamma=1|tau=0.1|lambda=0.6,primary,GaitPDB,7,1.0,63,1.0,0.1,0.6,vera_balanced_envelope,False,,,0.0,True,NA,False,False,False,True
primary|GaitPDB|seed=7|fraction=1|gamma=1|tau=0.1|lambda=0.6,primary,GaitPDB,7,1.0,63,1.0,0.1,0.6,external_balanced_oracle,True,"MANCE++::epsilon=0.05,steps=3",MANCE++,0.0,True,True,False,False,False,True
primary|GaitPDB|seed=7|fraction=1|gamma=1|tau=0.1|lambda=0.7,primary,GaitPDB,7,1.0,63,1.0,0.1,0.7,always_deploy_balanced,True,"MANCE++::epsilon=0.05,steps=3",MANCE++,0.0,True,True,False,False,False,True
primary|GaitPDB|seed=7|fraction=1|gamma=1|tau=0.1|lambda=0.7,primary,GaitPDB,7,1.0,63,1.0,0.1,0.7,point_selection_balanced,True,"MANCE++::epsilon=0.05,steps=3",MANCE++,0.0,True,True,False,False,False,True
primary|GaitPDB|seed=7|fraction=1|gamma=1|tau=0.1|lambda=0.7,primary,GaitPDB,7,1.0,63,1.0,0.1,0.7,vera_balanced_iut,False,,,0.0,True,NA,False,False,False,True
primary|GaitPDB|seed=7|fraction=1|gamma=1|tau=0.1|lambda=0.7,primary,GaitPDB,7,1.0,63,1.0,0.1,0.7,vera_balanced_envelope,False,,,0.0,True,NA,False,False,False,True
primary|GaitPDB|seed=7|fraction=1|gamma=1|tau=0.1|lambda=0.7,primary,GaitPDB,7,1.0,63,1.0,0.1,0.7,external_balanced_oracle,True,"MANCE++::epsilon=0.05,steps=3",MANCE++,0.0,True,True,False,False,False,True
primary|GaitPDB|seed=7|fraction=1|gamma=1|tau=0.1|lambda=0.8,primary,GaitPDB,7,1.0,63,1.0,0.1,0.8,always_deploy_balanced,True,"MANCE++::epsilon=0.05,steps=3",MANCE++,0.0,True,True,False,False,False,True
primary|GaitPDB|seed=7|fraction=1|gamma=1|tau=0.1|lambda=0.8,primary,GaitPDB,7,1.0,63,1.0,0.1,0.8,point_selection_balanced,True,"MANCE++::epsilon=0.05,steps=3",MANCE++,0.0,True,True,False,False,False,True
primary|GaitPDB|seed=7|fraction=1|gamma=1|tau=0.1|lambda=0.8,primary,GaitPDB,7,1.0,63,1.0,0.1,0.8,vera_balanced_iut,False,,,0.0,True,NA,False,False,False,True
primary|GaitPDB|seed=7|fraction=1|gamma=1|tau=0.1|lambda=0.8,primary,GaitPDB,7,1.0,63,1.0,0.1,0.8,vera_balanced_envelope,False,,,0.0,True,NA,False,False,False,True
primary|GaitPDB|seed=7|fraction=1|gamma=1|tau=0.1|lambda=0.8,primary,GaitPDB,7,1.0,63,1.0,0.1,0.8,external_balanced_oracle,True,"MANCE++::epsilon=0.05,steps=3",MANCE++,0.0,True,True,False,False,False,True
primary|GaitPDB|seed=7|fraction=1|gamma=1|tau=0.2|lambda=0.6,primary,GaitPDB,7,1.0,63,1.0,0.2,0.6,always_deploy_balanced,True,"MANCE++::epsilon=0.05,steps=3",MANCE++,0.0,True,True,False,False,False,True
primary|GaitPDB|seed=7|fraction=1|gamma=1|tau=0.2|lambda=0.6,primary,GaitPDB,7,1.0,63,1.0,0.2,0.6,point_selection_balanced,True,"MANCE++::epsilon=0.05,steps=3",MANCE++,0.0,True,True,False,False,False,True
primary|GaitPDB|seed=7|fraction=1|gamma=1|tau=0.2|lambda=0.6,primary,GaitPDB,7,1.0,63,1.0,0.2,0.6,vera_balanced_iut,False,,,0.0,True,NA,False,False,False,True
primary|GaitPDB|seed=7|fraction=1|gamma=1|tau=0.2|lambda=0.6,primary,GaitPDB,7,1.0,63,1.0,0.2,0.6,vera_balanced_envelope,False,,,0.0,True,NA,False,False,False,True
primary|GaitPDB|seed=7|fraction=1|gamma=1|tau=0.2|lambda=0.6,primary,GaitPDB,7,1.0,63,1.0,0.2,0.6,external_balanced_oracle,True,"MANCE++::epsilon=0.05,steps=3",MANCE++,0.0,True,True,False,False,False,True
primary|GaitPDB|seed=7|fraction=1|gamma=1|tau=0.2|lambda=0.7,primary,GaitPDB,7,1.0,63,1.0,0.2,0.7,always_deploy_balanced,True,"MANCE++::epsilon=0.05,steps=3",MANCE++,0.0,True,True,False,False,False,True
primary|GaitPDB|seed=7|fraction=1|gamma=1|tau=0.2|lambda=0.7,primary,GaitPDB,7,1.0,63,1.0,0.2,0.7,point_selection_balanced,True,"MANCE++::epsilon=0.05,steps=3",MANCE++,0.0,True,True,False,False,False,True
primary|GaitPDB|seed=7|fraction=1|gamma=1|tau=0.2|lambda=0.7,primary,GaitPDB,7,1.0,63,1.0,0.2,0.7,vera_balanced_iut,False,,,0.0,True,NA,False,False,False,True
primary|GaitPDB|seed=7|fraction=1|gamma=1|tau=0.2|lambda=0.7,primary,GaitPDB,7,1.0,63,1.0,0.2,0.7,vera_balanced_envelope,False,,,0.0,True,NA,False,False,False,True
primary|GaitPDB|seed=7|fraction=1|gamma=1|tau=0.2|lambda=0.7,primary,GaitPDB,7,1.0,63,1.0,0.2,0.7,external_balanced_oracle,True,"MANCE++::epsilon=0.05,steps=3",MANCE++,0.0,True,True,False,False,False,True
primary|GaitPDB|seed=7|fraction=1|gamma=1|tau=0.2|lambda=0.8,primary,GaitPDB,7,1.0,63,1.0,0.2,0.8,always_deploy_balanced,True,"MANCE++::epsilon=0.05,steps=3",MANCE++,0.0,True,True,False,False,False,True
primary|GaitPDB|seed=7|fraction=1|gamma=1|tau=0.2|lambda=0.8,primary,GaitPDB,7,1.0,63,1.0,0.2,0.8,point_selection_balanced,True,"MANCE++::epsilon=0.05,steps=3",MANCE++,0.0,True,True,False,False,False,True
primary|GaitPDB|seed=7|fraction=1|gamma=1|tau=0.2|lambda=0.8,primary,GaitPDB,7,1.0,63,1.0,0.2,0.8,vera_balanced_iut,True,"MANCE++::epsilon=0.05,steps=3",MANCE++,0.0,True,True,False,False,False,True
primary|GaitPDB|seed=7|fraction=1|gamma=1|tau=0.2|lambda=0.8,primary,GaitPDB,7,1.0,63,1.0,0.2,0.8,vera_balanced_envelope,False,,,0.0,True,NA,False,False,False,True
primary|GaitPDB|seed=7|fraction=1|gamma=1|tau=0.2|lambda=0.8,primary,GaitPDB,7,1.0,63,1.0,0.2,0.8,external_balanced_oracle,True,"MANCE++::epsilon=0.05,steps=3",MANCE++,0.0,True,True,False,False,False,True
shifted_sensitivity|GaitPDB|seed=7|fraction=1|gamma=1.01|tau=0.05|lambda=0.6,shifted_sensitivity,GaitPDB,7,1.0,63,1.01,0.05,0.6,always_deploy_balanced,True,"MANCE++::epsilon=0.05,steps=3",MANCE++,0.0,True,True,False,False,False,True
shifted_sensitivity|GaitPDB|seed=7|fraction=1|gamma=1.01|tau=0.05|lambda=0.6,shifted_sensitivity,GaitPDB,7,1.0,63,1.01,0.05,0.6,point_selection_balanced,True,"MANCE++::epsilon=0.05,steps=3",MANCE++,0.0,True,True,False,False,False,True
shifted_sensitivity|GaitPDB|seed=7|fraction=1|gamma=1.01|tau=0.05|lambda=0.6,shifted_sensitivity,GaitPDB,7,1.0,63,1.01,0.05,0.6,vera_balanced_iut,False,,,0.0,True,NA,False,False,False,True
shifted_sensitivity|GaitPDB|seed=7|fraction=1|gamma=1.01|tau=0.05|lambda=0.6,shifted_sensitivity,GaitPDB,7,1.0,63,1.01,0.05,0.6,vera_balanced_envelope,False,,,0.0,True,NA,False,False,False,True
shifted_sensitivity|GaitPDB|seed=7|fraction=1|gamma=1.01|tau=0.05|lambda=0.6,shifted_sensitivity,GaitPDB,7,1.0,63,1.01,0.05,0.6,external_balanced_oracle,True,"MANCE++::epsilon=0.05,steps=3",MANCE++,0.0,True,True,False,False,False,True
shifted_sensitivity|GaitPDB|seed=7|fraction=1|gamma=1.01|tau=0.05|lambda=0.7,shifted_sensitivity,GaitPDB,7,1.0,63,1.01,0.05,0.7,always_deploy_balanced,True,"MANCE++::epsilon=0.05,steps=3",MANCE++,0.0,True,True,False,False,False,True
shifted_sensitivity|GaitPDB|seed=7|fraction=1|gamma=1.01|tau=0.05|lambda=0.7,shifted_sensitivity,GaitPDB,7,1.0,63,1.01,0.05,0.7,point_selection_balanced,True,"MANCE++::epsilon=0.05,steps=3",MANCE++,0.0,True,True,False,False,False,True
shifted_sensitivity|GaitPDB|seed=7|fraction=1|gamma=1.01|tau=0.05|lambda=0.7,shifted_sensitivity,GaitPDB,7,1.0,63,1.01,0.05,0.7,vera_balanced_iut,False,,,0.0,True,NA,False,False,False,True
shifted_sensitivity|GaitPDB|seed=7|fraction=1|gamma=1.01|tau=0.05|lambda=0.7,shifted_sensitivity,GaitPDB,7,1.0,63,1.01,0.05,0.7,vera_balanced_envelope,False,,,0.0,True,NA,False,False,False,True
shifted_sensitivity|GaitPDB|seed=7|fraction=1|gamma=1.01|tau=0.05|lambda=0.7,shifted_sensitivity,GaitPDB,7,1.0,63,1.01,0.05,0.7,external_balanced_oracle,True,"MANCE++::epsilon=0.05,steps=3",MANCE++,0.0,True,True,False,False,False,True
shifted_sensitivity|GaitPDB|seed=7|fraction=1|gamma=1.01|tau=0.05|lambda=0.8,shifted_sensitivity,GaitPDB,7,1.0,63,1.01,0.05,0.8,always_deploy_balanced,True,"MANCE++::epsilon=0.05,steps=3",MANCE++,0.0,True,True,False,False,False,True
shifted_sensitivity|GaitPDB|seed=7|fraction=1|gamma=1.01|tau=0.05|lambda=0.8,shifted_sensitivity,GaitPDB,7,1.0,63,1.01,0.05,0.8,point_selection_balanced,True,"MANCE++::epsilon=0.05,steps=3",MANCE++,0.0,True,True,False,False,False,True
shifted_sensitivity|GaitPDB|seed=7|fraction=1|gamma=1.01|tau=0.05|lambda=0.8,shifted_sensitivity,GaitPDB,7,1.0,63,1.01,0.05,0.8,vera_balanced_iut,False,,,0.0,True,NA,False,False,False,True
shifted_sensitivity|GaitPDB|seed=7|fraction=1|gamma=1.01|tau=0.05|lambda=0.8,shifted_sensitivity,GaitPDB,7,1.0,63,1.01,0.05,0.8,vera_balanced_envelope,False,,,0.0,True,NA,False,False,False,True
shifted_sensitivity|GaitPDB|seed=7|fraction=1|gamma=1.01|tau=0.05|lambda=0.8,shifted_sensitivity,GaitPDB,7,1.0,63,1.01,0.05,0.8,external_balanced_oracle,True,"MANCE++::epsilon=0.05,steps=3",MANCE++,0.0,True,True,False,False,False,True
shifted_sensitivity|GaitPDB|seed=7|fraction=1|gamma=1.01|tau=0.1|lambda=0.6,shifted_sensitivity,GaitPDB,7,1.0,63,1.01,0.1,0.6,always_deploy_balanced,True,"MANCE++::epsilon=0.05,steps=3",MANCE++,0.0,True,True,False,False,False,True
shifted_sensitivity|GaitPDB|seed=7|fraction=1|gamma=1.01|tau=0.1|lambda=0.6,shifted_sensitivity,GaitPDB,7,1.0,63,1.01,0.1,0.6,point_selection_balanced,True,"MANCE++::epsilon=0.05,steps=3",MANCE++,0.0,True,True,False,False,False,True
shifted_sensitivity|GaitPDB|seed=7|fraction=1|gamma=1.01|tau=0.1|lambda=0.6,shifted_sensitivity,GaitPDB,7,1.0,63,1.01,0.1,0.6,vera_balanced_iut,False,,,0.0,True,NA,False,False,False,True
shifted_sensitivity|GaitPDB|seed=7|fraction=1|gamma=1.01|tau=0.1|lambda=0.6,shifted_sensitivity,GaitPDB,7,1.0,63,1.01,0.1,0.6,vera_balanced_envelope,False,,,0.0,True,NA,False,False,False,True
shifted_sensitivity|GaitPDB|seed=7|fraction=1|gamma=1.01|tau=0.1|lambda=0.6,shifted_sensitivity,GaitPDB,7,1.0,63,1.01,0.1,0.6,external_balanced_oracle,True,"MANCE++::epsilon=0.05,steps=3",MANCE++,0.0,True,True,False,False,False,True
shifted_sensitivity|GaitPDB|seed=7|fraction=1|gamma=1.01|tau=0.1|lambda=0.7,shifted_sensitivity,GaitPDB,7,1.0,63,1.01,0.1,0.7,always_deploy_balanced,True,"MANCE++::epsilon=0.05,steps=3",MANCE++,0.0,True,True,False,False,False,True
shifted_sensitivity|GaitPDB|seed=7|fraction=1|gamma=1.01|tau=0.1|lambda=0.7,shifted_sensitivity,GaitPDB,7,1.0,63,1.01,0.1,0.7,point_selection_balanced,True,"MANCE++::epsilon=0.05,steps=3",MANCE++,0.0,True,True,False,False,False,True
shifted_sensitivity|GaitPDB|seed=7|fraction=1|gamma=1.01|tau=0.1|lambda=0.7,shifted_sensitivity,GaitPDB,7,1.0,63,1.01,0.1,0.7,vera_balanced_iut,False,,,0.0,True,NA,False,False,False,True
shifted_sensitivity|GaitPDB|seed=7|fraction=1|gamma=1.01|tau=0.1|lambda=0.7,shifted_sensitivity,GaitPDB,7,1.0,63,1.01,0.1,0.7,vera_balanced_envelope,False,,,0.0,True,NA,False,False,False,True
shifted_sensitivity|GaitPDB|seed=7|fraction=1|gamma=1.01|tau=0.1|lambda=0.7,shifted_sensitivity,GaitPDB,7,1.0,63,1.01,0.1,0.7,external_balanced_oracle,True,"MANCE++::epsilon=0.05,steps=3",MANCE++,0.0,True,True,False,False,False,True
shifted_sensitivity|GaitPDB|seed=7|fraction=1|gamma=1.01|tau=0.1|lambda=0.8,shifted_sensitivity,GaitPDB,7,1.0,63,1.01,0.1,0.8,always_deploy_balanced,True,"MANCE++::epsilon=0.05,steps=3",MANCE++,0.0,True,True,False,False,False,True
shifted_sensitivity|GaitPDB|seed=7|fraction=1|gamma=1.01|tau=0.1|lambda=0.8,shifted_sensitivity,GaitPDB,7,1.0,63,1.01,0.1,0.8,point_selection_balanced,True,"MANCE++::epsilon=0.05,steps=3",MANCE++,0.0,True,True,False,False,False,True
shifted_sensitivity|GaitPDB|seed=7|fraction=1|gamma=1.01|tau=0.1|lambda=0.8,shifted_sensitivity,GaitPDB,7,1.0,63,1.01,0.1,0.8,vera_balanced_iut,False,,,0.0,True,NA,False,False,False,True
shifted_sensitivity|GaitPDB|seed=7|fraction=1|gamma=1.01|tau=0.1|lambda=0.8,shifted_sensitivity,GaitPDB,7,1.0,63,1.01,0.1,0.8,vera_balanced_envelope,False,,,0.0,True,NA,False,False,False,True
shifted_sensitivity|GaitPDB|seed=7|fraction=1|gamma=1.01|tau=0.1|lambda=0.8,shifted_sensitivity,GaitPDB,7,1.0,63,1.01,0.1,0.8,external_balanced_oracle,True,"MANCE++::epsilon=0.05,steps=3",MANCE++,0.0,True,True,False,False,False,True
shifted_sensitivity|GaitPDB|seed=7|fraction=1|gamma=1.01|tau=0.2|lambda=0.6,shifted_sensitivity,GaitPDB,7,1.0,63,1.01,0.2,0.6,always_deploy_balanced,True,"MANCE++::epsilon=0.05,steps=3",MANCE++,0.0,True,True,False,False,False,True
shifted_sensitivity|GaitPDB|seed=7|fraction=1|gamma=1.01|tau=0.2|lambda=0.6,shifted_sensitivity,GaitPDB,7,1.0,63,1.01,0.2,0.6,point_selection_balanced,True,"MANCE++::epsilon=0.05,steps=3",MANCE++,0.0,True,True,False,False,False,True
shifted_sensitivity|GaitPDB|seed=7|fraction=1|gamma=1.01|tau=0.2|lambda=0.6,shifted_sensitivity,GaitPDB,7,1.0,63,1.01,0.2,0.6,vera_balanced_iut,False,,,0.0,True,NA,False,False,False,True
shifted_sensitivity|GaitPDB|seed=7|fraction=1|gamma=1.01|tau=0.2|lambda=0.6,shifted_sensitivity,GaitPDB,7,1.0,63,1.01,0.2,0.6,vera_balanced_envelope,False,,,0.0,True,NA,False,False,False,True
shifted_sensitivity|GaitPDB|seed=7|fraction=1|gamma=1.01|tau=0.2|lambda=0.6,shifted_sensitivity,GaitPDB,7,1.0,63,1.01,0.2,0.6,external_balanced_oracle,True,"MANCE++::epsilon=0.05,steps=3",MANCE++,0.0,True,True,False,False,False,True
shifted_sensitivity|GaitPDB|seed=7|fraction=1|gamma=1.01|tau=0.2|lambda=0.7,shifted_sensitivity,GaitPDB,7,1.0,63,1.01,0.2,0.7,always_deploy_balanced,True,"MANCE++::epsilon=0.05,steps=3",MANCE++,0.0,True,True,False,False,False,True
shifted_sensitivity|GaitPDB|seed=7|fraction=1|gamma=1.01|tau=0.2|lambda=0.7,shifted_sensitivity,GaitPDB,7,1.0,63,1.01,0.2,0.7,point_selection_balanced,True,"MANCE++::epsilon=0.05,steps=3",MANCE++,0.0,True,True,False,False,False,True
shifted_sensitivity|GaitPDB|seed=7|fraction=1|gamma=1.01|tau=0.2|lambda=0.7,shifted_sensitivity,GaitPDB,7,1.0,63,1.01,0.2,0.7,vera_balanced_iut,False,,,0.0,True,NA,False,False,False,True
shifted_sensitivity|GaitPDB|seed=7|fraction=1|gamma=1.01|tau=0.2|lambda=0.7,shifted_sensitivity,GaitPDB,7,1.0,63,1.01,0.2,0.7,vera_balanced_envelope,False,,,0.0,True,NA,False,False,False,True
shifted_sensitivity|GaitPDB|seed=7|fraction=1|gamma=1.01|tau=0.2|lambda=0.7,shifted_sensitivity,GaitPDB,7,1.0,63,1.01,0.2,0.7,external_balanced_oracle,True,"MANCE++::epsilon=0.05,steps=3",MANCE++,0.0,True,True,False,False,False,True
shifted_sensitivity|GaitPDB|seed=7|fraction=1|gamma=1.01|tau=0.2|lambda=0.8,shifted_sensitivity,GaitPDB,7,1.0,63,1.01,0.2,0.8,always_deploy_balanced,True,"MANCE++::epsilon=0.05,steps=3",MANCE++,0.0,True,True,False,False,False,True
shifted_sensitivity|GaitPDB|seed=7|fraction=1|gamma=1.01|tau=0.2|lambda=0.8,shifted_sensitivity,GaitPDB,7,1.0,63,1.01,0.2,0.8,point_selection_balanced,True,"MANCE++::epsilon=0.05,steps=3",MANCE++,0.0,True,True,False,False,False,True
shifted_sensitivity|GaitPDB|seed=7|fraction=1|gamma=1.01|tau=0.2|lambda=0.8,shifted_sensitivity,GaitPDB,7,1.0,63,1.01,0.2,0.8,vera_balanced_iut,True,"MANCE++::epsilon=0.05,steps=3",MANCE++,0.0,True,True,False,False,False,True
shifted_sensitivity|GaitPDB|seed=7|fraction=1|gamma=1.01|tau=0.2|lambda=0.8,shifted_sensitivity,GaitPDB,7,1.0,63,1.01,0.2,0.8,vera_balanced_envelope,False,,,0.0,True,NA,False,False,False,True
shifted_sensitivity|GaitPDB|seed=7|fraction=1|gamma=1.01|tau=0.2|lambda=0.8,shifted_sensitivity,GaitPDB,7,1.0,63,1.01,0.2,0.8,external_balanced_oracle,True,"MANCE++::epsilon=0.05,steps=3",MANCE++,0.0,True,True,False,False,False,True
learning_curve|GaitPDB|seed=8|fraction=0.05|gamma=1|tau=0.05|lambda=0.6,learning_curve,GaitPDB,8,0.05,4,1.0,0.05,0.6,always_deploy_balanced,True,INLP::rank=1,INLP,0.0,True,False,True,False,False,True
learning_curve|GaitPDB|seed=8|fraction=0.05|gamma=1|tau=0.05|lambda=0.6,learning_curve,GaitPDB,8,0.05,4,1.0,0.05,0.6,point_selection_balanced,True,INLP::rank=1,INLP,0.0,True,False,True,False,False,True
learning_curve|GaitPDB|seed=8|fraction=0.05|gamma=1|tau=0.05|lambda=0.6,learning_curve,GaitPDB,8,0.05,4,1.0,0.05,0.6,vera_balanced_iut,False,,,0.0,True,NA,False,False,False,True
learning_curve|GaitPDB|seed=8|fraction=0.05|gamma=1|tau=0.05|lambda=0.6,learning_curve,GaitPDB,8,0.05,4,1.0,0.05,0.6,vera_balanced_envelope,False,,,0.0,True,NA,False,False,False,True
learning_curve|GaitPDB|seed=8|fraction=0.05|gamma=1|tau=0.05|lambda=0.6,learning_curve,GaitPDB,8,0.05,4,1.0,0.05,0.6,external_balanced_oracle,True,INLP::rank=4,INLP,0.0,True,True,False,False,False,True
learning_curve|GaitPDB|seed=8|fraction=0.05|gamma=1|tau=0.05|lambda=0.7,learning_curve,GaitPDB,8,0.05,4,1.0,0.05,0.7,always_deploy_balanced,True,INLP::rank=1,INLP,0.0,True,False,True,False,False,True
learning_curve|GaitPDB|seed=8|fraction=0.05|gamma=1|tau=0.05|lambda=0.7,learning_curve,GaitPDB,8,0.05,4,1.0,0.05,0.7,point_selection_balanced,True,INLP::rank=1,INLP,0.0,True,False,True,False,False,True
learning_curve|GaitPDB|seed=8|fraction=0.05|gamma=1|tau=0.05|lambda=0.7,learning_curve,GaitPDB,8,0.05,4,1.0,0.05,0.7,vera_balanced_iut,False,,,0.0,True,NA,False,False,False,True
learning_curve|GaitPDB|seed=8|fraction=0.05|gamma=1|tau=0.05|lambda=0.7,learning_curve,GaitPDB,8,0.05,4,1.0,0.05,0.7,vera_balanced_envelope,False,,,0.0,True,NA,False,False,False,True
learning_curve|GaitPDB|seed=8|fraction=0.05|gamma=1|tau=0.05|lambda=0.7,learning_curve,GaitPDB,8,0.05,4,1.0,0.05,0.7,external_balanced_oracle,True,INLP::rank=2,INLP,0.0,True,True,False,False,False,True
learning_curve|GaitPDB|seed=8|fraction=0.05|gamma=1|tau=0.05|lambda=0.8,learning_curve,GaitPDB,8,0.05,4,1.0,0.05,0.8,always_deploy_balanced,True,INLP::rank=1,INLP,0.0,True,True,False,False,False,True
learning_curve|GaitPDB|seed=8|fraction=0.05|gamma=1|tau=0.05|lambda=0.8,learning_curve,GaitPDB,8,0.05,4,1.0,0.05,0.8,point_selection_balanced,True,INLP::rank=1,INLP,0.0,True,True,False,False,False,True
learning_curve|GaitPDB|seed=8|fraction=0.05|gamma=1|tau=0.05|lambda=0.8,learning_curve,GaitPDB,8,0.05,4,1.0,0.05,0.8,vera_balanced_iut,False,,,0.0,True,NA,False,False,False,True
learning_curve|GaitPDB|seed=8|fraction=0.05|gamma=1|tau=0.05|lambda=0.8,learning_curve,GaitPDB,8,0.05,4,1.0,0.05,0.8,vera_balanced_envelope,False,,,0.0,True,NA,False,False,False,True
learning_curve|GaitPDB|seed=8|fraction=0.05|gamma=1|tau=0.05|lambda=0.8,learning_curve,GaitPDB,8,0.05,4,1.0,0.05,0.8,external_balanced_oracle,True,INLP::rank=1,INLP,0.0,True,True,False,False,False,True
learning_curve|GaitPDB|seed=8|fraction=0.05|gamma=1|tau=0.1|lambda=0.6,learning_curve,GaitPDB,8,0.05,4,1.0,0.1,0.6,always_deploy_balanced,True,INLP::rank=1,INLP,0.0,True,False,True,False,False,True
learning_curve|GaitPDB|seed=8|fraction=0.05|gamma=1|tau=0.1|lambda=0.6,learning_curve,GaitPDB,8,0.05,4,1.0,0.1,0.6,point_selection_balanced,True,INLP::rank=1,INLP,0.0,True,False,True,False,False,True
learning_curve|GaitPDB|seed=8|fraction=0.05|gamma=1|tau=0.1|lambda=0.6,learning_curve,GaitPDB,8,0.05,4,1.0,0.1,0.6,vera_balanced_iut,False,,,0.0,True,NA,False,False,False,True
learning_curve|GaitPDB|seed=8|fraction=0.05|gamma=1|tau=0.1|lambda=0.6,learning_curve,GaitPDB,8,0.05,4,1.0,0.1,0.6,vera_balanced_envelope,False,,,0.0,True,NA,False,False,False,True
learning_curve|GaitPDB|seed=8|fraction=0.05|gamma=1|tau=0.1|lambda=0.6,learning_curve,GaitPDB,8,0.05,4,1.0,0.1,0.6,external_balanced_oracle,True,TaCo::components_removed=1,TaCo,0.0,True,True,False,False,False,True
learning_curve|GaitPDB|seed=8|fraction=0.05|gamma=1|tau=0.1|lambda=0.7,learning_curve,GaitPDB,8,0.05,4,1.0,0.1,0.7,always_deploy_balanced,True,INLP::rank=1,INLP,0.0,True,False,True,False,False,True
learning_curve|GaitPDB|seed=8|fraction=0.05|gamma=1|tau=0.1|lambda=0.7,learning_curve,GaitPDB,8,0.05,4,1.0,0.1,0.7,point_selection_balanced,True,INLP::rank=1,INLP,0.0,True,False,True,False,False,True
learning_curve|GaitPDB|seed=8|fraction=0.05|gamma=1|tau=0.1|lambda=0.7,learning_curve,GaitPDB,8,0.05,4,1.0,0.1,0.7,vera_balanced_iut,False,,,0.0,True,NA,False,False,False,True
learning_curve|GaitPDB|seed=8|fraction=0.05|gamma=1|tau=0.1|lambda=0.7,learning_curve,GaitPDB,8,0.05,4,1.0,0.1,0.7,vera_balanced_envelope,False,,,0.0,True,NA,False,False,False,True
learning_curve|GaitPDB|seed=8|fraction=0.05|gamma=1|tau=0.1|lambda=0.7,learning_curve,GaitPDB,8,0.05,4,1.0,0.1,0.7,external_balanced_oracle,True,INLP::rank=2,INLP,0.0,True,True,False,False,False,True
learning_curve|GaitPDB|seed=8|fraction=0.05|gamma=1|tau=0.1|lambda=0.8,learning_curve,GaitPDB,8,0.05,4,1.0,0.1,0.8,always_deploy_balanced,True,INLP::rank=1,INLP,0.0,True,True,False,False,False,True
learning_curve|GaitPDB|seed=8|fraction=0.05|gamma=1|tau=0.1|lambda=0.8,learning_curve,GaitPDB,8,0.05,4,1.0,0.1,0.8,point_selection_balanced,True,INLP::rank=1,INLP,0.0,True,True,False,False,False,True
learning_curve|GaitPDB|seed=8|fraction=0.05|gamma=1|tau=0.1|lambda=0.8,learning_curve,GaitPDB,8,0.05,4,1.0,0.1,0.8,vera_balanced_iut,False,,,0.0,True,NA,False,False,False,True
learning_curve|GaitPDB|seed=8|fraction=0.05|gamma=1|tau=0.1|lambda=0.8,learning_curve,GaitPDB,8,0.05,4,1.0,0.1,0.8,vera_balanced_envelope,False,,,0.0,True,NA,False,False,False,True
learning_curve|GaitPDB|seed=8|fraction=0.05|gamma=1|tau=0.1|lambda=0.8,learning_curve,GaitPDB,8,0.05,4,1.0,0.1,0.8,external_balanced_oracle,True,INLP::rank=1,INLP,0.0,True,True,False,False,False,True
learning_curve|GaitPDB|seed=8|fraction=0.05|gamma=1|tau=0.2|lambda=0.6,learning_curve,GaitPDB,8,0.05,4,1.0,0.2,0.6,always_deploy_balanced,True,INLP::rank=1,INLP,0.0,True,False,True,False,False,True
learning_curve|GaitPDB|seed=8|fraction=0.05|gamma=1|tau=0.2|lambda=0.6,learning_curve,GaitPDB,8,0.05,4,1.0,0.2,0.6,point_selection_balanced,True,INLP::rank=1,INLP,0.0,True,False,True,False,False,True
learning_curve|GaitPDB|seed=8|fraction=0.05|gamma=1|tau=0.2|lambda=0.6,learning_curve,GaitPDB,8,0.05,4,1.0,0.2,0.6,vera_balanced_iut,False,,,0.0,True,NA,False,False,False,True
learning_curve|GaitPDB|seed=8|fraction=0.05|gamma=1|tau=0.2|lambda=0.6,learning_curve,GaitPDB,8,0.05,4,1.0,0.2,0.6,vera_balanced_envelope,False,,,0.0,True,NA,False,False,False,True
learning_curve|GaitPDB|seed=8|fraction=0.05|gamma=1|tau=0.2|lambda=0.6,learning_curve,GaitPDB,8,0.05,4,1.0,0.2,0.6,external_balanced_oracle,True,TaCo::components_removed=1,TaCo,0.0,True,True,False,False,False,True
learning_curve|GaitPDB|seed=8|fraction=0.05|gamma=1|tau=0.2|lambda=0.7,learning_curve,GaitPDB,8,0.05,4,1.0,0.2,0.7,always_deploy_balanced,True,INLP::rank=1,INLP,0.0,True,False,True,False,False,True
learning_curve|GaitPDB|seed=8|fraction=0.05|gamma=1|tau=0.2|lambda=0.7,learning_curve,GaitPDB,8,0.05,4,1.0,0.2,0.7,point_selection_balanced,True,INLP::rank=1,INLP,0.0,True,False,True,False,False,True
learning_curve|GaitPDB|seed=8|fraction=0.05|gamma=1|tau=0.2|lambda=0.7,learning_curve,GaitPDB,8,0.05,4,1.0,0.2,0.7,vera_balanced_iut,False,,,0.0,True,NA,False,False,False,True
learning_curve|GaitPDB|seed=8|fraction=0.05|gamma=1|tau=0.2|lambda=0.7,learning_curve,GaitPDB,8,0.05,4,1.0,0.2,0.7,vera_balanced_envelope,False,,,0.0,True,NA,False,False,False,True
learning_curve|GaitPDB|seed=8|fraction=0.05|gamma=1|tau=0.2|lambda=0.7,learning_curve,GaitPDB,8,0.05,4,1.0,0.2,0.7,external_balanced_oracle,True,INLP::rank=2,INLP,0.0,True,True,False,False,False,True
learning_curve|GaitPDB|seed=8|fraction=0.05|gamma=1|tau=0.2|lambda=0.8,learning_curve,GaitPDB,8,0.05,4,1.0,0.2,0.8,always_deploy_balanced,True,INLP::rank=1,INLP,0.0,True,True,False,False,False,True
learning_curve|GaitPDB|seed=8|fraction=0.05|gamma=1|tau=0.2|lambda=0.8,learning_curve,GaitPDB,8,0.05,4,1.0,0.2,0.8,point_selection_balanced,True,INLP::rank=1,INLP,0.0,True,True,False,False,False,True
learning_curve|GaitPDB|seed=8|fraction=0.05|gamma=1|tau=0.2|lambda=0.8,learning_curve,GaitPDB,8,0.05,4,1.0,0.2,0.8,vera_balanced_iut,False,,,0.0,True,NA,False,False,False,True
learning_curve|GaitPDB|seed=8|fraction=0.05|gamma=1|tau=0.2|lambda=0.8,learning_curve,GaitPDB,8,0.05,4,1.0,0.2,0.8,vera_balanced_envelope,False,,,0.0,True,NA,False,False,False,True
learning_curve|GaitPDB|seed=8|fraction=0.05|gamma=1|tau=0.2|lambda=0.8,learning_curve,GaitPDB,8,0.05,4,1.0,0.2,0.8,external_balanced_oracle,True,INLP::rank=1,INLP,0.0,True,True,False,False,False,True
learning_curve|GaitPDB|seed=8|fraction=0.1|gamma=1|tau=0.05|lambda=0.6,learning_curve,GaitPDB,8,0.1,5,1.0,0.05,0.6,always_deploy_balanced,True,INLP::rank=1,INLP,0.0,True,False,True,False,False,True
learning_curve|GaitPDB|seed=8|fraction=0.1|gamma=1|tau=0.05|lambda=0.6,learning_curve,GaitPDB,8,0.1,5,1.0,0.05,0.6,point_selection_balanced,True,INLP::rank=1,INLP,0.0,True,False,True,False,False,True
learning_curve|GaitPDB|seed=8|fraction=0.1|gamma=1|tau=0.05|lambda=0.6,learning_curve,GaitPDB,8,0.1,5,1.0,0.05,0.6,vera_balanced_iut,False,,,0.0,True,NA,False,False,False,True
learning_curve|GaitPDB|seed=8|fraction=0.1|gamma=1|tau=0.05|lambda=0.6,learning_curve,GaitPDB,8,0.1,5,1.0,0.05,0.6,vera_balanced_envelope,False,,,0.0,True,NA,False,False,False,True
learning_curve|GaitPDB|seed=8|fraction=0.1|gamma=1|tau=0.05|lambda=0.6,learning_curve,GaitPDB,8,0.1,5,1.0,0.05,0.6,external_balanced_oracle,True,INLP::rank=4,INLP,0.0,True,True,False,False,False,True
learning_curve|GaitPDB|seed=8|fraction=0.1|gamma=1|tau=0.05|lambda=0.7,learning_curve,GaitPDB,8,0.1,5,1.0,0.05,0.7,always_deploy_balanced,True,INLP::rank=1,INLP,0.0,True,False,True,False,False,True
learning_curve|GaitPDB|seed=8|fraction=0.1|gamma=1|tau=0.05|lambda=0.7,learning_curve,GaitPDB,8,0.1,5,1.0,0.05,0.7,point_selection_balanced,True,INLP::rank=1,INLP,0.0,True,False,True,False,False,True
learning_curve|GaitPDB|seed=8|fraction=0.1|gamma=1|tau=0.05|lambda=0.7,learning_curve,GaitPDB,8,0.1,5,1.0,0.05,0.7,vera_balanced_iut,False,,,0.0,True,NA,False,False,False,True
learning_curve|GaitPDB|seed=8|fraction=0.1|gamma=1|tau=0.05|lambda=0.7,learning_curve,GaitPDB,8,0.1,5,1.0,0.05,0.7,vera_balanced_envelope,False,,,0.0,True,NA,False,False,False,True
learning_curve|GaitPDB|seed=8|fraction=0.1|gamma=1|tau=0.05|lambda=0.7,learning_curve,GaitPDB,8,0.1,5,1.0,0.05,0.7,external_balanced_oracle,True,INLP::rank=2,INLP,0.0,True,True,False,False,False,True
learning_curve|GaitPDB|seed=8|fraction=0.1|gamma=1|tau=0.05|lambda=0.8,learning_curve,GaitPDB,8,0.1,5,1.0,0.05,0.8,always_deploy_balanced,True,INLP::rank=1,INLP,0.0,True,True,False,False,False,True
learning_curve|GaitPDB|seed=8|fraction=0.1|gamma=1|tau=0.05|lambda=0.8,learning_curve,GaitPDB,8,0.1,5,1.0,0.05,0.8,point_selection_balanced,True,INLP::rank=1,INLP,0.0,True,True,False,False,False,True
learning_curve|GaitPDB|seed=8|fraction=0.1|gamma=1|tau=0.05|lambda=0.8,learning_curve,GaitPDB,8,0.1,5,1.0,0.05,0.8,vera_balanced_iut,False,,,0.0,True,NA,False,False,False,True
learning_curve|GaitPDB|seed=8|fraction=0.1|gamma=1|tau=0.05|lambda=0.8,learning_curve,GaitPDB,8,0.1,5,1.0,0.05,0.8,vera_balanced_envelope,False,,,0.0,True,NA,False,False,False,True
learning_curve|GaitPDB|seed=8|fraction=0.1|gamma=1|tau=0.05|lambda=0.8,learning_curve,GaitPDB,8,0.1,5,1.0,0.05,0.8,external_balanced_oracle,True,INLP::rank=1,INLP,0.0,True,True,False,False,False,True
learning_curve|GaitPDB|seed=8|fraction=0.1|gamma=1|tau=0.1|lambda=0.6,learning_curve,GaitPDB,8,0.1,5,1.0,0.1,0.6,always_deploy_balanced,True,INLP::rank=1,INLP,0.0,True,False,True,False,False,True
learning_curve|GaitPDB|seed=8|fraction=0.1|gamma=1|tau=0.1|lambda=0.6,learning_curve,GaitPDB,8,0.1,5,1.0,0.1,0.6,point_selection_balanced,True,INLP::rank=1,INLP,0.0,True,False,True,False,False,True
learning_curve|GaitPDB|seed=8|fraction=0.1|gamma=1|tau=0.1|lambda=0.6,learning_curve,GaitPDB,8,0.1,5,1.0,0.1,0.6,vera_balanced_iut,False,,,0.0,True,NA,False,False,False,True
learning_curve|GaitPDB|seed=8|fraction=0.1|gamma=1|tau=0.1|lambda=0.6,learning_curve,GaitPDB,8,0.1,5,1.0,0.1,0.6,vera_balanced_envelope,False,,,0.0,True,NA,False,False,False,True
learning_curve|GaitPDB|seed=8|fraction=0.1|gamma=1|tau=0.1|lambda=0.6,learning_curve,GaitPDB,8,0.1,5,1.0,0.1,0.6,external_balanced_oracle,True,TaCo::components_removed=1,TaCo,0.0,True,True,False,False,False,True
learning_curve|GaitPDB|seed=8|fraction=0.1|gamma=1|tau=0.1|lambda=0.7,learning_curve,GaitPDB,8,0.1,5,1.0,0.1,0.7,always_deploy_balanced,True,INLP::rank=1,INLP,0.0,True,False,True,False,False,True
learning_curve|GaitPDB|seed=8|fraction=0.1|gamma=1|tau=0.1|lambda=0.7,learning_curve,GaitPDB,8,0.1,5,1.0,0.1,0.7,point_selection_balanced,True,INLP::rank=1,INLP,0.0,True,False,True,False,False,True
learning_curve|GaitPDB|seed=8|fraction=0.1|gamma=1|tau=0.1|lambda=0.7,learning_curve,GaitPDB,8,0.1,5,1.0,0.1,0.7,vera_balanced_iut,False,,,0.0,True,NA,False,False,False,True
learning_curve|GaitPDB|seed=8|fraction=0.1|gamma=1|tau=0.1|lambda=0.7,learning_curve,GaitPDB,8,0.1,5,1.0,0.1,0.7,vera_balanced_envelope,False,,,0.0,True,NA,False,False,False,True
learning_curve|GaitPDB|seed=8|fraction=0.1|gamma=1|tau=0.1|lambda=0.7,learning_curve,GaitPDB,8,0.1,5,1.0,0.1,0.7,external_balanced_oracle,True,INLP::rank=2,INLP,0.0,True,True,False,False,False,True
learning_curve|GaitPDB|seed=8|fraction=0.1|gamma=1|tau=0.1|lambda=0.8,learning_curve,GaitPDB,8,0.1,5,1.0,0.1,0.8,always_deploy_balanced,True,INLP::rank=1,INLP,0.0,True,True,False,False,False,True
learning_curve|GaitPDB|seed=8|fraction=0.1|gamma=1|tau=0.1|lambda=0.8,learning_curve,GaitPDB,8,0.1,5,1.0,0.1,0.8,point_selection_balanced,True,INLP::rank=1,INLP,0.0,True,True,False,False,False,True
learning_curve|GaitPDB|seed=8|fraction=0.1|gamma=1|tau=0.1|lambda=0.8,learning_curve,GaitPDB,8,0.1,5,1.0,0.1,0.8,vera_balanced_iut,False,,,0.0,True,NA,False,False,False,True
learning_curve|GaitPDB|seed=8|fraction=0.1|gamma=1|tau=0.1|lambda=0.8,learning_curve,GaitPDB,8,0.1,5,1.0,0.1,0.8,vera_balanced_envelope,False,,,0.0,True,NA,False,False,False,True
learning_curve|GaitPDB|seed=8|fraction=0.1|gamma=1|tau=0.1|lambda=0.8,learning_curve,GaitPDB,8,0.1,5,1.0,0.1,0.8,external_balanced_oracle,True,INLP::rank=1,INLP,0.0,True,True,False,False,False,True
learning_curve|GaitPDB|seed=8|fraction=0.1|gamma=1|tau=0.2|lambda=0.6,learning_curve,GaitPDB,8,0.1,5,1.0,0.2,0.6,always_deploy_balanced,True,INLP::rank=1,INLP,0.0,True,False,True,False,False,True
learning_curve|GaitPDB|seed=8|fraction=0.1|gamma=1|tau=0.2|lambda=0.6,learning_curve,GaitPDB,8,0.1,5,1.0,0.2,0.6,point_selection_balanced,True,INLP::rank=1,INLP,0.0,True,False,True,False,False,True
learning_curve|GaitPDB|seed=8|fraction=0.1|gamma=1|tau=0.2|lambda=0.6,learning_curve,GaitPDB,8,0.1,5,1.0,0.2,0.6,vera_balanced_iut,False,,,0.0,True,NA,False,False,False,True
learning_curve|GaitPDB|seed=8|fraction=0.1|gamma=1|tau=0.2|lambda=0.6,learning_curve,GaitPDB,8,0.1,5,1.0,0.2,0.6,vera_balanced_envelope,False,,,0.0,True,NA,False,False,False,True
learning_curve|GaitPDB|seed=8|fraction=0.1|gamma=1|tau=0.2|lambda=0.6,learning_curve,GaitPDB,8,0.1,5,1.0,0.2,0.6,external_balanced_oracle,True,TaCo::components_removed=1,TaCo,0.0,True,True,False,False,False,True
learning_curve|GaitPDB|seed=8|fraction=0.1|gamma=1|tau=0.2|lambda=0.7,learning_curve,GaitPDB,8,0.1,5,1.0,0.2,0.7,always_deploy_balanced,True,INLP::rank=1,INLP,0.0,True,False,True,False,False,True
learning_curve|GaitPDB|seed=8|fraction=0.1|gamma=1|tau=0.2|lambda=0.7,learning_curve,GaitPDB,8,0.1,5,1.0,0.2,0.7,point_selection_balanced,True,INLP::rank=1,INLP,0.0,True,False,True,False,False,True
learning_curve|GaitPDB|seed=8|fraction=0.1|gamma=1|tau=0.2|lambda=0.7,learning_curve,GaitPDB,8,0.1,5,1.0,0.2,0.7,vera_balanced_iut,False,,,0.0,True,NA,False,False,False,True
learning_curve|GaitPDB|seed=8|fraction=0.1|gamma=1|tau=0.2|lambda=0.7,learning_curve,GaitPDB,8,0.1,5,1.0,0.2,0.7,vera_balanced_envelope,False,,,0.0,True,NA,False,False,False,True
learning_curve|GaitPDB|seed=8|fraction=0.1|gamma=1|tau=0.2|lambda=0.7,learning_curve,GaitPDB,8,0.1,5,1.0,0.2,0.7,external_balanced_oracle,True,INLP::rank=2,INLP,0.0,True,True,False,False,False,True
learning_curve|GaitPDB|seed=8|fraction=0.1|gamma=1|tau=0.2|lambda=0.8,learning_curve,GaitPDB,8,0.1,5,1.0,0.2,0.8,always_deploy_balanced,True,INLP::rank=1,INLP,0.0,True,True,False,False,False,True
learning_curve|GaitPDB|seed=8|fraction=0.1|gamma=1|tau=0.2|lambda=0.8,learning_curve,GaitPDB,8,0.1,5,1.0,0.2,0.8,point_selection_balanced,True,INLP::rank=1,INLP,0.0,True,True,False,False,False,True
learning_curve|GaitPDB|seed=8|fraction=0.1|gamma=1|tau=0.2|lambda=0.8,learning_curve,GaitPDB,8,0.1,5,1.0,0.2,0.8,vera_balanced_iut,False,,,0.0,True,NA,False,False,False,True
learning_curve|GaitPDB|seed=8|fraction=0.1|gamma=1|tau=0.2|lambda=0.8,learning_curve,GaitPDB,8,0.1,5,1.0,0.2,0.8,vera_balanced_envelope,False,,,0.0,True,NA,False,False,False,True
learning_curve|GaitPDB|seed=8|fraction=0.1|gamma=1|tau=0.2|lambda=0.8,learning_curve,GaitPDB,8,0.1,5,1.0,0.2,0.8,external_balanced_oracle,True,INLP::rank=1,INLP,0.0,True,True,False,False,False,True
learning_curve|GaitPDB|seed=8|fraction=0.25|gamma=1|tau=0.05|lambda=0.6,learning_curve,GaitPDB,8,0.25,14,1.0,0.05,0.6,always_deploy_balanced,True,INLP::rank=1,INLP,0.0,True,False,True,False,False,True
learning_curve|GaitPDB|seed=8|fraction=0.25|gamma=1|tau=0.05|lambda=0.6,learning_curve,GaitPDB,8,0.25,14,1.0,0.05,0.6,point_selection_balanced,True,INLP::rank=1,INLP,0.0,True,False,True,False,False,True
learning_curve|GaitPDB|seed=8|fraction=0.25|gamma=1|tau=0.05|lambda=0.6,learning_curve,GaitPDB,8,0.25,14,1.0,0.05,0.6,vera_balanced_iut,False,,,0.0,True,NA,False,False,False,True
learning_curve|GaitPDB|seed=8|fraction=0.25|gamma=1|tau=0.05|lambda=0.6,learning_curve,GaitPDB,8,0.25,14,1.0,0.05,0.6,vera_balanced_envelope,False,,,0.0,True,NA,False,False,False,True
learning_curve|GaitPDB|seed=8|fraction=0.25|gamma=1|tau=0.05|lambda=0.6,learning_curve,GaitPDB,8,0.25,14,1.0,0.05,0.6,external_balanced_oracle,True,INLP::rank=8,INLP,0.0,True,True,False,False,False,True
learning_curve|GaitPDB|seed=8|fraction=0.25|gamma=1|tau=0.05|lambda=0.7,learning_curve,GaitPDB,8,0.25,14,1.0,0.05,0.7,always_deploy_balanced,True,INLP::rank=1,INLP,0.0,True,False,True,False,False,True
learning_curve|GaitPDB|seed=8|fraction=0.25|gamma=1|tau=0.05|lambda=0.7,learning_curve,GaitPDB,8,0.25,14,1.0,0.05,0.7,point_selection_balanced,True,INLP::rank=1,INLP,0.0,True,False,True,False,False,True
learning_curve|GaitPDB|seed=8|fraction=0.25|gamma=1|tau=0.05|lambda=0.7,learning_curve,GaitPDB,8,0.25,14,1.0,0.05,0.7,vera_balanced_iut,False,,,0.0,True,NA,False,False,False,True
learning_curve|GaitPDB|seed=8|fraction=0.25|gamma=1|tau=0.05|lambda=0.7,learning_curve,GaitPDB,8,0.25,14,1.0,0.05,0.7,vera_balanced_envelope,False,,,0.0,True,NA,False,False,False,True
learning_curve|GaitPDB|seed=8|fraction=0.25|gamma=1|tau=0.05|lambda=0.7,learning_curve,GaitPDB,8,0.25,14,1.0,0.05,0.7,external_balanced_oracle,True,INLP::rank=8,INLP,0.0,True,True,False,False,False,True
learning_curve|GaitPDB|seed=8|fraction=0.25|gamma=1|tau=0.05|lambda=0.8,learning_curve,GaitPDB,8,0.25,14,1.0,0.05,0.8,always_deploy_balanced,True,INLP::rank=1,INLP,0.0,True,True,False,False,False,True
learning_curve|GaitPDB|seed=8|fraction=0.25|gamma=1|tau=0.05|lambda=0.8,learning_curve,GaitPDB,8,0.25,14,1.0,0.05,0.8,point_selection_balanced,True,INLP::rank=1,INLP,0.0,True,True,False,False,False,True
learning_curve|GaitPDB|seed=8|fraction=0.25|gamma=1|tau=0.05|lambda=0.8,learning_curve,GaitPDB,8,0.25,14,1.0,0.05,0.8,vera_balanced_iut,False,,,0.0,True,NA,False,False,False,True
learning_curve|GaitPDB|seed=8|fraction=0.25|gamma=1|tau=0.05|lambda=0.8,learning_curve,GaitPDB,8,0.25,14,1.0,0.05,0.8,vera_balanced_envelope,False,,,0.0,True,NA,False,False,False,True
learning_curve|GaitPDB|seed=8|fraction=0.25|gamma=1|tau=0.05|lambda=0.8,learning_curve,GaitPDB,8,0.25,14,1.0,0.05,0.8,external_balanced_oracle,True,INLP::rank=1,INLP,0.0,True,True,False,False,False,True
learning_curve|GaitPDB|seed=8|fraction=0.25|gamma=1|tau=0.1|lambda=0.6,learning_curve,GaitPDB,8,0.25,14,1.0,0.1,0.6,always_deploy_balanced,True,INLP::rank=1,INLP,0.0,True,False,True,False,False,True
learning_curve|GaitPDB|seed=8|fraction=0.25|gamma=1|tau=0.1|lambda=0.6,learning_curve,GaitPDB,8,0.25,14,1.0,0.1,0.6,point_selection_balanced,True,INLP::rank=1,INLP,0.0,True,False,True,False,False,True
learning_curve|GaitPDB|seed=8|fraction=0.25|gamma=1|tau=0.1|lambda=0.6,learning_curve,GaitPDB,8,0.25,14,1.0,0.1,0.6,vera_balanced_iut,False,,,0.0,True,NA,False,False,False,True
learning_curve|GaitPDB|seed=8|fraction=0.25|gamma=1|tau=0.1|lambda=0.6,learning_curve,GaitPDB,8,0.25,14,1.0,0.1,0.6,vera_balanced_envelope,False,,,0.0,True,NA,False,False,False,True
learning_curve|GaitPDB|seed=8|fraction=0.25|gamma=1|tau=0.1|lambda=0.6,learning_curve,GaitPDB,8,0.25,14,1.0,0.1,0.6,external_balanced_oracle,True,INLP::rank=8,INLP,0.0,True,True,False,False,False,True
learning_curve|GaitPDB|seed=8|fraction=0.25|gamma=1|tau=0.1|lambda=0.7,learning_curve,GaitPDB,8,0.25,14,1.0,0.1,0.7,always_deploy_balanced,True,INLP::rank=1,INLP,0.0,True,False,True,False,False,True
learning_curve|GaitPDB|seed=8|fraction=0.25|gamma=1|tau=0.1|lambda=0.7,learning_curve,GaitPDB,8,0.25,14,1.0,0.1,0.7,point_selection_balanced,True,INLP::rank=1,INLP,0.0,True,False,True,False,False,True
learning_curve|GaitPDB|seed=8|fraction=0.25|gamma=1|tau=0.1|lambda=0.7,learning_curve,GaitPDB,8,0.25,14,1.0,0.1,0.7,vera_balanced_iut,False,,,0.0,True,NA,False,False,False,True
learning_curve|GaitPDB|seed=8|fraction=0.25|gamma=1|tau=0.1|lambda=0.7,learning_curve,GaitPDB,8,0.25,14,1.0,0.1,0.7,vera_balanced_envelope,False,,,0.0,True,NA,False,False,False,True
learning_curve|GaitPDB|seed=8|fraction=0.25|gamma=1|tau=0.1|lambda=0.7,learning_curve,GaitPDB,8,0.25,14,1.0,0.1,0.7,external_balanced_oracle,True,INLP::rank=8,INLP,0.0,True,True,False,False,False,True
learning_curve|GaitPDB|seed=8|fraction=0.25|gamma=1|tau=0.1|lambda=0.8,learning_curve,GaitPDB,8,0.25,14,1.0,0.1,0.8,always_deploy_balanced,True,INLP::rank=1,INLP,0.0,True,True,False,False,False,True
learning_curve|GaitPDB|seed=8|fraction=0.25|gamma=1|tau=0.1|lambda=0.8,learning_curve,GaitPDB,8,0.25,14,1.0,0.1,0.8,point_selection_balanced,True,INLP::rank=1,INLP,0.0,True,True,False,False,False,True
learning_curve|GaitPDB|seed=8|fraction=0.25|gamma=1|tau=0.1|lambda=0.8,learning_curve,GaitPDB,8,0.25,14,1.0,0.1,0.8,vera_balanced_iut,False,,,0.0,True,NA,False,False,False,True
learning_curve|GaitPDB|seed=8|fraction=0.25|gamma=1|tau=0.1|lambda=0.8,learning_curve,GaitPDB,8,0.25,14,1.0,0.1,0.8,vera_balanced_envelope,False,,,0.0,True,NA,False,False,False,True
learning_curve|GaitPDB|seed=8|fraction=0.25|gamma=1|tau=0.1|lambda=0.8,learning_curve,GaitPDB,8,0.25,14,1.0,0.1,0.8,external_balanced_oracle,True,INLP::rank=1,INLP,0.0,True,True,False,False,False,True
learning_curve|GaitPDB|seed=8|fraction=0.25|gamma=1|tau=0.2|lambda=0.6,learning_curve,GaitPDB,8,0.25,14,1.0,0.2,0.6,always_deploy_balanced,True,INLP::rank=1,INLP,0.0,True,False,True,False,False,True
learning_curve|GaitPDB|seed=8|fraction=0.25|gamma=1|tau=0.2|lambda=0.6,learning_curve,GaitPDB,8,0.25,14,1.0,0.2,0.6,point_selection_balanced,True,INLP::rank=1,INLP,0.0,True,False,True,False,False,True
learning_curve|GaitPDB|seed=8|fraction=0.25|gamma=1|tau=0.2|lambda=0.6,learning_curve,GaitPDB,8,0.25,14,1.0,0.2,0.6,vera_balanced_iut,False,,,0.0,True,NA,False,False,False,True
learning_curve|GaitPDB|seed=8|fraction=0.25|gamma=1|tau=0.2|lambda=0.6,learning_curve,GaitPDB,8,0.25,14,1.0,0.2,0.6,vera_balanced_envelope,False,,,0.0,True,NA,False,False,False,True
learning_curve|GaitPDB|seed=8|fraction=0.25|gamma=1|tau=0.2|lambda=0.6,learning_curve,GaitPDB,8,0.25,14,1.0,0.2,0.6,external_balanced_oracle,True,INLP::rank=8,INLP,0.0,True,True,False,False,False,True
learning_curve|GaitPDB|seed=8|fraction=0.25|gamma=1|tau=0.2|lambda=0.7,learning_curve,GaitPDB,8,0.25,14,1.0,0.2,0.7,always_deploy_balanced,True,INLP::rank=1,INLP,0.0,True,False,True,False,False,True
learning_curve|GaitPDB|seed=8|fraction=0.25|gamma=1|tau=0.2|lambda=0.7,learning_curve,GaitPDB,8,0.25,14,1.0,0.2,0.7,point_selection_balanced,True,INLP::rank=1,INLP,0.0,True,False,True,False,False,True
learning_curve|GaitPDB|seed=8|fraction=0.25|gamma=1|tau=0.2|lambda=0.7,learning_curve,GaitPDB,8,0.25,14,1.0,0.2,0.7,vera_balanced_iut,False,,,0.0,True,NA,False,False,False,True
learning_curve|GaitPDB|seed=8|fraction=0.25|gamma=1|tau=0.2|lambda=0.7,learning_curve,GaitPDB,8,0.25,14,1.0,0.2,0.7,vera_balanced_envelope,False,,,0.0,True,NA,False,False,False,True
learning_curve|GaitPDB|seed=8|fraction=0.25|gamma=1|tau=0.2|lambda=0.7,learning_curve,GaitPDB,8,0.25,14,1.0,0.2,0.7,external_balanced_oracle,True,INLP::rank=8,INLP,0.0,True,True,False,False,False,True
learning_curve|GaitPDB|seed=8|fraction=0.25|gamma=1|tau=0.2|lambda=0.8,learning_curve,GaitPDB,8,0.25,14,1.0,0.2,0.8,always_deploy_balanced,True,INLP::rank=1,INLP,0.0,True,True,False,False,False,True
learning_curve|GaitPDB|seed=8|fraction=0.25|gamma=1|tau=0.2|lambda=0.8,learning_curve,GaitPDB,8,0.25,14,1.0,0.2,0.8,point_selection_balanced,True,INLP::rank=1,INLP,0.0,True,True,False,False,False,True
learning_curve|GaitPDB|seed=8|fraction=0.25|gamma=1|tau=0.2|lambda=0.8,learning_curve,GaitPDB,8,0.25,14,1.0,0.2,0.8,vera_balanced_iut,False,,,0.0,True,NA,False,False,False,True
learning_curve|GaitPDB|seed=8|fraction=0.25|gamma=1|tau=0.2|lambda=0.8,learning_curve,GaitPDB,8,0.25,14,1.0,0.2,0.8,vera_balanced_envelope,False,,,0.0,True,NA,False,False,False,True
learning_curve|GaitPDB|seed=8|fraction=0.25|gamma=1|tau=0.2|lambda=0.8,learning_curve,GaitPDB,8,0.25,14,1.0,0.2,0.8,external_balanced_oracle,True,INLP::rank=1,INLP,0.0,True,True,False,False,False,True
learning_curve|GaitPDB|seed=8|fraction=0.5|gamma=1|tau=0.05|lambda=0.6,learning_curve,GaitPDB,8,0.5,30,1.0,0.05,0.6,always_deploy_balanced,True,"MANCE++::epsilon=0.05,steps=3",MANCE++,0.0,True,True,False,False,False,True
learning_curve|GaitPDB|seed=8|fraction=0.5|gamma=1|tau=0.05|lambda=0.6,learning_curve,GaitPDB,8,0.5,30,1.0,0.05,0.6,point_selection_balanced,True,INLP::rank=8,INLP,0.0,True,True,False,False,False,True
learning_curve|GaitPDB|seed=8|fraction=0.5|gamma=1|tau=0.05|lambda=0.6,learning_curve,GaitPDB,8,0.5,30,1.0,0.05,0.6,vera_balanced_iut,False,,,0.0,True,NA,False,False,False,True
learning_curve|GaitPDB|seed=8|fraction=0.5|gamma=1|tau=0.05|lambda=0.6,learning_curve,GaitPDB,8,0.5,30,1.0,0.05,0.6,vera_balanced_envelope,False,,,0.0,True,NA,False,False,False,True
learning_curve|GaitPDB|seed=8|fraction=0.5|gamma=1|tau=0.05|lambda=0.6,learning_curve,GaitPDB,8,0.5,30,1.0,0.05,0.6,external_balanced_oracle,True,"MANCE++::epsilon=0.05,steps=3",MANCE++,0.0,True,True,False,False,False,True
learning_curve|GaitPDB|seed=8|fraction=0.5|gamma=1|tau=0.05|lambda=0.7,learning_curve,GaitPDB,8,0.5,30,1.0,0.05,0.7,always_deploy_balanced,True,"MANCE++::epsilon=0.05,steps=3",MANCE++,0.0,True,True,False,False,False,True
learning_curve|GaitPDB|seed=8|fraction=0.5|gamma=1|tau=0.05|lambda=0.7,learning_curve,GaitPDB,8,0.5,30,1.0,0.05,0.7,point_selection_balanced,True,INLP::rank=8,INLP,0.0,True,True,False,False,False,True
learning_curve|GaitPDB|seed=8|fraction=0.5|gamma=1|tau=0.05|lambda=0.7,learning_curve,GaitPDB,8,0.5,30,1.0,0.05,0.7,vera_balanced_iut,False,,,0.0,True,NA,False,False,False,True
learning_curve|GaitPDB|seed=8|fraction=0.5|gamma=1|tau=0.05|lambda=0.7,learning_curve,GaitPDB,8,0.5,30,1.0,0.05,0.7,vera_balanced_envelope,False,,,0.0,True,NA,False,False,False,True
learning_curve|GaitPDB|seed=8|fraction=0.5|gamma=1|tau=0.05|lambda=0.7,learning_curve,GaitPDB,8,0.5,30,1.0,0.05,0.7,external_balanced_oracle,True,"MANCE++::epsilon=0.05,steps=3",MANCE++,0.0,True,True,False,False,False,True
learning_curve|GaitPDB|seed=8|fraction=0.5|gamma=1|tau=0.05|lambda=0.8,learning_curve,GaitPDB,8,0.5,30,1.0,0.05,0.8,always_deploy_balanced,True,"MANCE++::epsilon=0.05,steps=3",MANCE++,0.0,True,True,False,False,False,True
learning_curve|GaitPDB|seed=8|fraction=0.5|gamma=1|tau=0.05|lambda=0.8,learning_curve,GaitPDB,8,0.5,30,1.0,0.05,0.8,point_selection_balanced,True,INLP::rank=8,INLP,0.0,True,True,False,False,False,True
learning_curve|GaitPDB|seed=8|fraction=0.5|gamma=1|tau=0.05|lambda=0.8,learning_curve,GaitPDB,8,0.5,30,1.0,0.05,0.8,vera_balanced_iut,False,,,0.0,True,NA,False,False,False,True
learning_curve|GaitPDB|seed=8|fraction=0.5|gamma=1|tau=0.05|lambda=0.8,learning_curve,GaitPDB,8,0.5,30,1.0,0.05,0.8,vera_balanced_envelope,False,,,0.0,True,NA,False,False,False,True
learning_curve|GaitPDB|seed=8|fraction=0.5|gamma=1|tau=0.05|lambda=0.8,learning_curve,GaitPDB,8,0.5,30,1.0,0.05,0.8,external_balanced_oracle,True,"MANCE++::epsilon=0.05,steps=3",MANCE++,0.0,True,True,False,False,False,True
learning_curve|GaitPDB|seed=8|fraction=0.5|gamma=1|tau=0.1|lambda=0.6,learning_curve,GaitPDB,8,0.5,30,1.0,0.1,0.6,always_deploy_balanced,True,"MANCE++::epsilon=0.05,steps=3",MANCE++,0.0,True,True,False,False,False,True
learning_curve|GaitPDB|seed=8|fraction=0.5|gamma=1|tau=0.1|lambda=0.6,learning_curve,GaitPDB,8,0.5,30,1.0,0.1,0.6,point_selection_balanced,True,"MANCE++::epsilon=0.05,steps=3",MANCE++,0.0,True,True,False,False,False,True
learning_curve|GaitPDB|seed=8|fraction=0.5|gamma=1|tau=0.1|lambda=0.6,learning_curve,GaitPDB,8,0.5,30,1.0,0.1,0.6,vera_balanced_iut,False,,,0.0,True,NA,False,False,False,True
learning_curve|GaitPDB|seed=8|fraction=0.5|gamma=1|tau=0.1|lambda=0.6,learning_curve,GaitPDB,8,0.5,30,1.0,0.1,0.6,vera_balanced_envelope,False,,,0.0,True,NA,False,False,False,True
learning_curve|GaitPDB|seed=8|fraction=0.5|gamma=1|tau=0.1|lambda=0.6,learning_curve,GaitPDB,8,0.5,30,1.0,0.1,0.6,external_balanced_oracle,True,"MANCE++::epsilon=0.05,steps=3",MANCE++,0.0,True,True,False,False,False,True
learning_curve|GaitPDB|seed=8|fraction=0.5|gamma=1|tau=0.1|lambda=0.7,learning_curve,GaitPDB,8,0.5,30,1.0,0.1,0.7,always_deploy_balanced,True,"MANCE++::epsilon=0.05,steps=3",MANCE++,0.0,True,True,False,False,False,True
learning_curve|GaitPDB|seed=8|fraction=0.5|gamma=1|tau=0.1|lambda=0.7,learning_curve,GaitPDB,8,0.5,30,1.0,0.1,0.7,point_selection_balanced,True,"MANCE++::epsilon=0.05,steps=3",MANCE++,0.0,True,True,False,False,False,True
learning_curve|GaitPDB|seed=8|fraction=0.5|gamma=1|tau=0.1|lambda=0.7,learning_curve,GaitPDB,8,0.5,30,1.0,0.1,0.7,vera_balanced_iut,False,,,0.0,True,NA,False,False,False,True
learning_curve|GaitPDB|seed=8|fraction=0.5|gamma=1|tau=0.1|lambda=0.7,learning_curve,GaitPDB,8,0.5,30,1.0,0.1,0.7,vera_balanced_envelope,False,,,0.0,True,NA,False,False,False,True
learning_curve|GaitPDB|seed=8|fraction=0.5|gamma=1|tau=0.1|lambda=0.7,learning_curve,GaitPDB,8,0.5,30,1.0,0.1,0.7,external_balanced_oracle,True,"MANCE++::epsilon=0.05,steps=3",MANCE++,0.0,True,True,False,False,False,True
learning_curve|GaitPDB|seed=8|fraction=0.5|gamma=1|tau=0.1|lambda=0.8,learning_curve,GaitPDB,8,0.5,30,1.0,0.1,0.8,always_deploy_balanced,True,"MANCE++::epsilon=0.05,steps=3",MANCE++,0.0,True,True,False,False,False,True
learning_curve|GaitPDB|seed=8|fraction=0.5|gamma=1|tau=0.1|lambda=0.8,learning_curve,GaitPDB,8,0.5,30,1.0,0.1,0.8,point_selection_balanced,True,"MANCE++::epsilon=0.05,steps=3",MANCE++,0.0,True,True,False,False,False,True
learning_curve|GaitPDB|seed=8|fraction=0.5|gamma=1|tau=0.1|lambda=0.8,learning_curve,GaitPDB,8,0.5,30,1.0,0.1,0.8,vera_balanced_iut,False,,,0.0,True,NA,False,False,False,True
learning_curve|GaitPDB|seed=8|fraction=0.5|gamma=1|tau=0.1|lambda=0.8,learning_curve,GaitPDB,8,0.5,30,1.0,0.1,0.8,vera_balanced_envelope,False,,,0.0,True,NA,False,False,False,True
learning_curve|GaitPDB|seed=8|fraction=0.5|gamma=1|tau=0.1|lambda=0.8,learning_curve,GaitPDB,8,0.5,30,1.0,0.1,0.8,external_balanced_oracle,True,"MANCE++::epsilon=0.05,steps=3",MANCE++,0.0,True,True,False,False,False,True
learning_curve|GaitPDB|seed=8|fraction=0.5|gamma=1|tau=0.2|lambda=0.6,learning_curve,GaitPDB,8,0.5,30,1.0,0.2,0.6,always_deploy_balanced,True,"MANCE++::epsilon=0.05,steps=3",MANCE++,0.0,True,True,False,False,False,True
learning_curve|GaitPDB|seed=8|fraction=0.5|gamma=1|tau=0.2|lambda=0.6,learning_curve,GaitPDB,8,0.5,30,1.0,0.2,0.6,point_selection_balanced,True,"MANCE++::epsilon=0.05,steps=3",MANCE++,0.0,True,True,False,False,False,True
learning_curve|GaitPDB|seed=8|fraction=0.5|gamma=1|tau=0.2|lambda=0.6,learning_curve,GaitPDB,8,0.5,30,1.0,0.2,0.6,vera_balanced_iut,False,,,0.0,True,NA,False,False,False,True
learning_curve|GaitPDB|seed=8|fraction=0.5|gamma=1|tau=0.2|lambda=0.6,learning_curve,GaitPDB,8,0.5,30,1.0,0.2,0.6,vera_balanced_envelope,False,,,0.0,True,NA,False,False,False,True
learning_curve|GaitPDB|seed=8|fraction=0.5|gamma=1|tau=0.2|lambda=0.6,learning_curve,GaitPDB,8,0.5,30,1.0,0.2,0.6,external_balanced_oracle,True,"MANCE++::epsilon=0.05,steps=3",MANCE++,0.0,True,True,False,False,False,True
learning_curve|GaitPDB|seed=8|fraction=0.5|gamma=1|tau=0.2|lambda=0.7,learning_curve,GaitPDB,8,0.5,30,1.0,0.2,0.7,always_deploy_balanced,True,"MANCE++::epsilon=0.05,steps=3",MANCE++,0.0,True,True,False,False,False,True
learning_curve|GaitPDB|seed=8|fraction=0.5|gamma=1|tau=0.2|lambda=0.7,learning_curve,GaitPDB,8,0.5,30,1.0,0.2,0.7,point_selection_balanced,True,"MANCE++::epsilon=0.05,steps=3",MANCE++,0.0,True,True,False,False,False,True
learning_curve|GaitPDB|seed=8|fraction=0.5|gamma=1|tau=0.2|lambda=0.7,learning_curve,GaitPDB,8,0.5,30,1.0,0.2,0.7,vera_balanced_iut,False,,,0.0,True,NA,False,False,False,True
learning_curve|GaitPDB|seed=8|fraction=0.5|gamma=1|tau=0.2|lambda=0.7,learning_curve,GaitPDB,8,0.5,30,1.0,0.2,0.7,vera_balanced_envelope,False,,,0.0,True,NA,False,False,False,True
learning_curve|GaitPDB|seed=8|fraction=0.5|gamma=1|tau=0.2|lambda=0.7,learning_curve,GaitPDB,8,0.5,30,1.0,0.2,0.7,external_balanced_oracle,True,"MANCE++::epsilon=0.05,steps=3",MANCE++,0.0,True,True,False,False,False,True
learning_curve|GaitPDB|seed=8|fraction=0.5|gamma=1|tau=0.2|lambda=0.8,learning_curve,GaitPDB,8,0.5,30,1.0,0.2,0.8,always_deploy_balanced,True,"MANCE++::epsilon=0.05,steps=3",MANCE++,0.0,True,True,False,False,False,True
learning_curve|GaitPDB|seed=8|fraction=0.5|gamma=1|tau=0.2|lambda=0.8,learning_curve,GaitPDB,8,0.5,30,1.0,0.2,0.8,point_selection_balanced,True,"MANCE++::epsilon=0.05,steps=3",MANCE++,0.0,True,True,False,False,False,True
learning_curve|GaitPDB|seed=8|fraction=0.5|gamma=1|tau=0.2|lambda=0.8,learning_curve,GaitPDB,8,0.5,30,1.0,0.2,0.8,vera_balanced_iut,False,,,0.0,True,NA,False,False,False,True
learning_curve|GaitPDB|seed=8|fraction=0.5|gamma=1|tau=0.2|lambda=0.8,learning_curve,GaitPDB,8,0.5,30,1.0,0.2,0.8,vera_balanced_envelope,False,,,0.0,True,NA,False,False,False,True
learning_curve|GaitPDB|seed=8|fraction=0.5|gamma=1|tau=0.2|lambda=0.8,learning_curve,GaitPDB,8,0.5,30,1.0,0.2,0.8,external_balanced_oracle,True,"MANCE++::epsilon=0.05,steps=3",MANCE++,0.0,True,True,False,False,False,True
primary|GaitPDB|seed=8|fraction=1|gamma=1|tau=0.05|lambda=0.6,primary,GaitPDB,8,1.0,63,1.0,0.05,0.6,always_deploy_balanced,True,"MANCE++::epsilon=0.05,steps=3",MANCE++,0.0,True,True,False,False,False,True
primary|GaitPDB|seed=8|fraction=1|gamma=1|tau=0.05|lambda=0.6,primary,GaitPDB,8,1.0,63,1.0,0.05,0.6,point_selection_balanced,True,"MANCE++::epsilon=0.05,steps=3",MANCE++,0.0,True,True,False,False,False,True
primary|GaitPDB|seed=8|fraction=1|gamma=1|tau=0.05|lambda=0.6,primary,GaitPDB,8,1.0,63,1.0,0.05,0.6,vera_balanced_iut,False,,,0.0,True,NA,False,False,False,True
primary|GaitPDB|seed=8|fraction=1|gamma=1|tau=0.05|lambda=0.6,primary,GaitPDB,8,1.0,63,1.0,0.05,0.6,vera_balanced_envelope,False,,,0.0,True,NA,False,False,False,True
primary|GaitPDB|seed=8|fraction=1|gamma=1|tau=0.05|lambda=0.6,primary,GaitPDB,8,1.0,63,1.0,0.05,0.6,external_balanced_oracle,True,"MANCE++::epsilon=0.05,steps=3",MANCE++,0.0,True,True,False,False,False,True
primary|GaitPDB|seed=8|fraction=1|gamma=1|tau=0.05|lambda=0.7,primary,GaitPDB,8,1.0,63,1.0,0.05,0.7,always_deploy_balanced,True,"MANCE++::epsilon=0.05,steps=3",MANCE++,0.0,True,True,False,False,False,True
primary|GaitPDB|seed=8|fraction=1|gamma=1|tau=0.05|lambda=0.7,primary,GaitPDB,8,1.0,63,1.0,0.05,0.7,point_selection_balanced,True,"MANCE++::epsilon=0.05,steps=3",MANCE++,0.0,True,True,False,False,False,True
primary|GaitPDB|seed=8|fraction=1|gamma=1|tau=0.05|lambda=0.7,primary,GaitPDB,8,1.0,63,1.0,0.05,0.7,vera_balanced_iut,False,,,0.0,True,NA,False,False,False,True
primary|GaitPDB|seed=8|fraction=1|gamma=1|tau=0.05|lambda=0.7,primary,GaitPDB,8,1.0,63,1.0,0.05,0.7,vera_balanced_envelope,False,,,0.0,True,NA,False,False,False,True
primary|GaitPDB|seed=8|fraction=1|gamma=1|tau=0.05|lambda=0.7,primary,GaitPDB,8,1.0,63,1.0,0.05,0.7,external_balanced_oracle,True,"MANCE++::epsilon=0.05,steps=3",MANCE++,0.0,True,True,False,False,False,True
primary|GaitPDB|seed=8|fraction=1|gamma=1|tau=0.05|lambda=0.8,primary,GaitPDB,8,1.0,63,1.0,0.05,0.8,always_deploy_balanced,True,"MANCE++::epsilon=0.05,steps=3",MANCE++,0.0,True,True,False,False,False,True
primary|GaitPDB|seed=8|fraction=1|gamma=1|tau=0.05|lambda=0.8,primary,GaitPDB,8,1.0,63,1.0,0.05,0.8,point_selection_balanced,True,"MANCE++::epsilon=0.05,steps=3",MANCE++,0.0,True,True,False,False,False,True
primary|GaitPDB|seed=8|fraction=1|gamma=1|tau=0.05|lambda=0.8,primary,GaitPDB,8,1.0,63,1.0,0.05,0.8,vera_balanced_iut,False,,,0.0,True,NA,False,False,False,True
primary|GaitPDB|seed=8|fraction=1|gamma=1|tau=0.05|lambda=0.8,primary,GaitPDB,8,1.0,63,1.0,0.05,0.8,vera_balanced_envelope,False,,,0.0,True,NA,False,False,False,True
primary|GaitPDB|seed=8|fraction=1|gamma=1|tau=0.05|lambda=0.8,primary,GaitPDB,8,1.0,63,1.0,0.05,0.8,external_balanced_oracle,True,"MANCE++::epsilon=0.05,steps=3",MANCE++,0.0,True,True,False,False,False,True
primary|GaitPDB|seed=8|fraction=1|gamma=1|tau=0.1|lambda=0.6,primary,GaitPDB,8,1.0,63,1.0,0.1,0.6,always_deploy_balanced,True,"MANCE++::epsilon=0.05,steps=3",MANCE++,0.0,True,True,False,False,False,True
primary|GaitPDB|seed=8|fraction=1|gamma=1|tau=0.1|lambda=0.6,primary,GaitPDB,8,1.0,63,1.0,0.1,0.6,point_selection_balanced,True,"MANCE++::epsilon=0.05,steps=3",MANCE++,0.0,True,True,False,False,False,True
primary|GaitPDB|seed=8|fraction=1|gamma=1|tau=0.1|lambda=0.6,primary,GaitPDB,8,1.0,63,1.0,0.1,0.6,vera_balanced_iut,False,,,0.0,True,NA,False,False,False,True
primary|GaitPDB|seed=8|fraction=1|gamma=1|tau=0.1|lambda=0.6,primary,GaitPDB,8,1.0,63,1.0,0.1,0.6,vera_balanced_envelope,False,,,0.0,True,NA,False,False,False,True
primary|GaitPDB|seed=8|fraction=1|gamma=1|tau=0.1|lambda=0.6,primary,GaitPDB,8,1.0,63,1.0,0.1,0.6,external_balanced_oracle,True,"MANCE++::epsilon=0.05,steps=3",MANCE++,0.0,True,True,False,False,False,True
primary|GaitPDB|seed=8|fraction=1|gamma=1|tau=0.1|lambda=0.7,primary,GaitPDB,8,1.0,63,1.0,0.1,0.7,always_deploy_balanced,True,"MANCE++::epsilon=0.05,steps=3",MANCE++,0.0,True,True,False,False,False,True
primary|GaitPDB|seed=8|fraction=1|gamma=1|tau=0.1|lambda=0.7,primary,GaitPDB,8,1.0,63,1.0,0.1,0.7,point_selection_balanced,True,"MANCE++::epsilon=0.05,steps=3",MANCE++,0.0,True,True,False,False,False,True
primary|GaitPDB|seed=8|fraction=1|gamma=1|tau=0.1|lambda=0.7,primary,GaitPDB,8,1.0,63,1.0,0.1,0.7,vera_balanced_iut,False,,,0.0,True,NA,False,False,False,True
primary|GaitPDB|seed=8|fraction=1|gamma=1|tau=0.1|lambda=0.7,primary,GaitPDB,8,1.0,63,1.0,0.1,0.7,vera_balanced_envelope,False,,,0.0,True,NA,False,False,False,True
primary|GaitPDB|seed=8|fraction=1|gamma=1|tau=0.1|lambda=0.7,primary,GaitPDB,8,1.0,63,1.0,0.1,0.7,external_balanced_oracle,True,"MANCE++::epsilon=0.05,steps=3",MANCE++,0.0,True,True,False,False,False,True
primary|GaitPDB|seed=8|fraction=1|gamma=1|tau=0.1|lambda=0.8,primary,GaitPDB,8,1.0,63,1.0,0.1,0.8,always_deploy_balanced,True,"MANCE++::epsilon=0.05,steps=3",MANCE++,0.0,True,True,False,False,False,True
primary|GaitPDB|seed=8|fraction=1|gamma=1|tau=0.1|lambda=0.8,primary,GaitPDB,8,1.0,63,1.0,0.1,0.8,point_selection_balanced,True,"MANCE++::epsilon=0.05,steps=3",MANCE++,0.0,True,True,False,False,False,True
primary|GaitPDB|seed=8|fraction=1|gamma=1|tau=0.1|lambda=0.8,primary,GaitPDB,8,1.0,63,1.0,0.1,0.8,vera_balanced_iut,False,,,0.0,True,NA,False,False,False,True
primary|GaitPDB|seed=8|fraction=1|gamma=1|tau=0.1|lambda=0.8,primary,GaitPDB,8,1.0,63,1.0,0.1,0.8,vera_balanced_envelope,False,,,0.0,True,NA,False,False,False,True
primary|GaitPDB|seed=8|fraction=1|gamma=1|tau=0.1|lambda=0.8,primary,GaitPDB,8,1.0,63,1.0,0.1,0.8,external_balanced_oracle,True,"MANCE++::epsilon=0.05,steps=3",MANCE++,0.0,True,True,False,False,False,True
primary|GaitPDB|seed=8|fraction=1|gamma=1|tau=0.2|lambda=0.6,primary,GaitPDB,8,1.0,63,1.0,0.2,0.6,always_deploy_balanced,True,"MANCE++::epsilon=0.05,steps=3",MANCE++,0.0,True,True,False,False,False,True
primary|GaitPDB|seed=8|fraction=1|gamma=1|tau=0.2|lambda=0.6,primary,GaitPDB,8,1.0,63,1.0,0.2,0.6,point_selection_balanced,True,"MANCE++::epsilon=0.05,steps=3",MANCE++,0.0,True,True,False,False,False,True
primary|GaitPDB|seed=8|fraction=1|gamma=1|tau=0.2|lambda=0.6,primary,GaitPDB,8,1.0,63,1.0,0.2,0.6,vera_balanced_iut,False,,,0.0,True,NA,False,False,False,True
primary|GaitPDB|seed=8|fraction=1|gamma=1|tau=0.2|lambda=0.6,primary,GaitPDB,8,1.0,63,1.0,0.2,0.6,vera_balanced_envelope,False,,,0.0,True,NA,False,False,False,True
primary|GaitPDB|seed=8|fraction=1|gamma=1|tau=0.2|lambda=0.6,primary,GaitPDB,8,1.0,63,1.0,0.2,0.6,external_balanced_oracle,True,"MANCE++::epsilon=0.05,steps=3",MANCE++,0.0,True,True,False,False,False,True
primary|GaitPDB|seed=8|fraction=1|gamma=1|tau=0.2|lambda=0.7,primary,GaitPDB,8,1.0,63,1.0,0.2,0.7,always_deploy_balanced,True,"MANCE++::epsilon=0.05,steps=3",MANCE++,0.0,True,True,False,False,False,True
primary|GaitPDB|seed=8|fraction=1|gamma=1|tau=0.2|lambda=0.7,primary,GaitPDB,8,1.0,63,1.0,0.2,0.7,point_selection_balanced,True,"MANCE++::epsilon=0.05,steps=3",MANCE++,0.0,True,True,False,False,False,True
primary|GaitPDB|seed=8|fraction=1|gamma=1|tau=0.2|lambda=0.7,primary,GaitPDB,8,1.0,63,1.0,0.2,0.7,vera_balanced_iut,False,,,0.0,True,NA,False,False,False,True
primary|GaitPDB|seed=8|fraction=1|gamma=1|tau=0.2|lambda=0.7,primary,GaitPDB,8,1.0,63,1.0,0.2,0.7,vera_balanced_envelope,False,,,0.0,True,NA,False,False,False,True
primary|GaitPDB|seed=8|fraction=1|gamma=1|tau=0.2|lambda=0.7,primary,GaitPDB,8,1.0,63,1.0,0.2,0.7,external_balanced_oracle,True,"MANCE++::epsilon=0.05,steps=3",MANCE++,0.0,True,True,False,False,False,True
primary|GaitPDB|seed=8|fraction=1|gamma=1|tau=0.2|lambda=0.8,primary,GaitPDB,8,1.0,63,1.0,0.2,0.8,always_deploy_balanced,True,"MANCE++::epsilon=0.05,steps=3",MANCE++,0.0,True,True,False,False,False,True
primary|GaitPDB|seed=8|fraction=1|gamma=1|tau=0.2|lambda=0.8,primary,GaitPDB,8,1.0,63,1.0,0.2,0.8,point_selection_balanced,True,"MANCE++::epsilon=0.05,steps=3",MANCE++,0.0,True,True,False,False,False,True
primary|GaitPDB|seed=8|fraction=1|gamma=1|tau=0.2|lambda=0.8,primary,GaitPDB,8,1.0,63,1.0,0.2,0.8,vera_balanced_iut,False,,,0.0,True,NA,False,False,False,True
primary|GaitPDB|seed=8|fraction=1|gamma=1|tau=0.2|lambda=0.8,primary,GaitPDB,8,1.0,63,1.0,0.2,0.8,vera_balanced_envelope,False,,,0.0,True,NA,False,False,False,True
primary|GaitPDB|seed=8|fraction=1|gamma=1|tau=0.2|lambda=0.8,primary,GaitPDB,8,1.0,63,1.0,0.2,0.8,external_balanced_oracle,True,"MANCE++::epsilon=0.05,steps=3",MANCE++,0.0,True,True,False,False,False,True
shifted_sensitivity|GaitPDB|seed=8|fraction=1|gamma=1.01|tau=0.05|lambda=0.6,shifted_sensitivity,GaitPDB,8,1.0,63,1.01,0.05,0.6,always_deploy_balanced,True,"MANCE++::epsilon=0.05,steps=3",MANCE++,0.0,True,True,False,False,False,True
shifted_sensitivity|GaitPDB|seed=8|fraction=1|gamma=1.01|tau=0.05|lambda=0.6,shifted_sensitivity,GaitPDB,8,1.0,63,1.01,0.05,0.6,point_selection_balanced,True,"MANCE++::epsilon=0.05,steps=3",MANCE++,0.0,True,True,False,False,False,True
shifted_sensitivity|GaitPDB|seed=8|fraction=1|gamma=1.01|tau=0.05|lambda=0.6,shifted_sensitivity,GaitPDB,8,1.0,63,1.01,0.05,0.6,vera_balanced_iut,False,,,0.0,True,NA,False,False,False,True
shifted_sensitivity|GaitPDB|seed=8|fraction=1|gamma=1.01|tau=0.05|lambda=0.6,shifted_sensitivity,GaitPDB,8,1.0,63,1.01,0.05,0.6,vera_balanced_envelope,False,,,0.0,True,NA,False,False,False,True
shifted_sensitivity|GaitPDB|seed=8|fraction=1|gamma=1.01|tau=0.05|lambda=0.6,shifted_sensitivity,GaitPDB,8,1.0,63,1.01,0.05,0.6,external_balanced_oracle,True,"MANCE++::epsilon=0.05,steps=3",MANCE++,0.0,True,True,False,False,False,True
shifted_sensitivity|GaitPDB|seed=8|fraction=1|gamma=1.01|tau=0.05|lambda=0.7,shifted_sensitivity,GaitPDB,8,1.0,63,1.01,0.05,0.7,always_deploy_balanced,True,"MANCE++::epsilon=0.05,steps=3",MANCE++,0.0,True,True,False,False,False,True
shifted_sensitivity|GaitPDB|seed=8|fraction=1|gamma=1.01|tau=0.05|lambda=0.7,shifted_sensitivity,GaitPDB,8,1.0,63,1.01,0.05,0.7,point_selection_balanced,True,"MANCE++::epsilon=0.05,steps=3",MANCE++,0.0,True,True,False,False,False,True
shifted_sensitivity|GaitPDB|seed=8|fraction=1|gamma=1.01|tau=0.05|lambda=0.7,shifted_sensitivity,GaitPDB,8,1.0,63,1.01,0.05,0.7,vera_balanced_iut,False,,,0.0,True,NA,False,False,False,True
shifted_sensitivity|GaitPDB|seed=8|fraction=1|gamma=1.01|tau=0.05|lambda=0.7,shifted_sensitivity,GaitPDB,8,1.0,63,1.01,0.05,0.7,vera_balanced_envelope,False,,,0.0,True,NA,False,False,False,True
shifted_sensitivity|GaitPDB|seed=8|fraction=1|gamma=1.01|tau=0.05|lambda=0.7,shifted_sensitivity,GaitPDB,8,1.0,63,1.01,0.05,0.7,external_balanced_oracle,True,"MANCE++::epsilon=0.05,steps=3",MANCE++,0.0,True,True,False,False,False,True
shifted_sensitivity|GaitPDB|seed=8|fraction=1|gamma=1.01|tau=0.05|lambda=0.8,shifted_sensitivity,GaitPDB,8,1.0,63,1.01,0.05,0.8,always_deploy_balanced,True,"MANCE++::epsilon=0.05,steps=3",MANCE++,0.0,True,True,False,False,False,True
shifted_sensitivity|GaitPDB|seed=8|fraction=1|gamma=1.01|tau=0.05|lambda=0.8,shifted_sensitivity,GaitPDB,8,1.0,63,1.01,0.05,0.8,point_selection_balanced,True,"MANCE++::epsilon=0.05,steps=3",MANCE++,0.0,True,True,False,False,False,True
shifted_sensitivity|GaitPDB|seed=8|fraction=1|gamma=1.01|tau=0.05|lambda=0.8,shifted_sensitivity,GaitPDB,8,1.0,63,1.01,0.05,0.8,vera_balanced_iut,False,,,0.0,True,NA,False,False,False,True
shifted_sensitivity|GaitPDB|seed=8|fraction=1|gamma=1.01|tau=0.05|lambda=0.8,shifted_sensitivity,GaitPDB,8,1.0,63,1.01,0.05,0.8,vera_balanced_envelope,False,,,0.0,True,NA,False,False,False,True
shifted_sensitivity|GaitPDB|seed=8|fraction=1|gamma=1.01|tau=0.05|lambda=0.8,shifted_sensitivity,GaitPDB,8,1.0,63,1.01,0.05,0.8,external_balanced_oracle,True,"MANCE++::epsilon=0.05,steps=3",MANCE++,0.0,True,True,False,False,False,True
shifted_sensitivity|GaitPDB|seed=8|fraction=1|gamma=1.01|tau=0.1|lambda=0.6,shifted_sensitivity,GaitPDB,8,1.0,63,1.01,0.1,0.6,always_deploy_balanced,True,"MANCE++::epsilon=0.05,steps=3",MANCE++,0.0,True,True,False,False,False,True
shifted_sensitivity|GaitPDB|seed=8|fraction=1|gamma=1.01|tau=0.1|lambda=0.6,shifted_sensitivity,GaitPDB,8,1.0,63,1.01,0.1,0.6,point_selection_balanced,True,"MANCE++::epsilon=0.05,steps=3",MANCE++,0.0,True,True,False,False,False,True
shifted_sensitivity|GaitPDB|seed=8|fraction=1|gamma=1.01|tau=0.1|lambda=0.6,shifted_sensitivity,GaitPDB,8,1.0,63,1.01,0.1,0.6,vera_balanced_iut,False,,,0.0,True,NA,False,False,False,True
shifted_sensitivity|GaitPDB|seed=8|fraction=1|gamma=1.01|tau=0.1|lambda=0.6,shifted_sensitivity,GaitPDB,8,1.0,63,1.01,0.1,0.6,vera_balanced_envelope,False,,,0.0,True,NA,False,False,False,True
shifted_sensitivity|GaitPDB|seed=8|fraction=1|gamma=1.01|tau=0.1|lambda=0.6,shifted_sensitivity,GaitPDB,8,1.0,63,1.01,0.1,0.6,external_balanced_oracle,True,"MANCE++::epsilon=0.05,steps=3",MANCE++,0.0,True,True,False,False,False,True
shifted_sensitivity|GaitPDB|seed=8|fraction=1|gamma=1.01|tau=0.1|lambda=0.7,shifted_sensitivity,GaitPDB,8,1.0,63,1.01,0.1,0.7,always_deploy_balanced,True,"MANCE++::epsilon=0.05,steps=3",MANCE++,0.0,True,True,False,False,False,True
shifted_sensitivity|GaitPDB|seed=8|fraction=1|gamma=1.01|tau=0.1|lambda=0.7,shifted_sensitivity,GaitPDB,8,1.0,63,1.01,0.1,0.7,point_selection_balanced,True,"MANCE++::epsilon=0.05,steps=3",MANCE++,0.0,True,True,False,False,False,True
shifted_sensitivity|GaitPDB|seed=8|fraction=1|gamma=1.01|tau=0.1|lambda=0.7,shifted_sensitivity,GaitPDB,8,1.0,63,1.01,0.1,0.7,vera_balanced_iut,False,,,0.0,True,NA,False,False,False,True
shifted_sensitivity|GaitPDB|seed=8|fraction=1|gamma=1.01|tau=0.1|lambda=0.7,shifted_sensitivity,GaitPDB,8,1.0,63,1.01,0.1,0.7,vera_balanced_envelope,False,,,0.0,True,NA,False,False,False,True
shifted_sensitivity|GaitPDB|seed=8|fraction=1|gamma=1.01|tau=0.1|lambda=0.7,shifted_sensitivity,GaitPDB,8,1.0,63,1.01,0.1,0.7,external_balanced_oracle,True,"MANCE++::epsilon=0.05,steps=3",MANCE++,0.0,True,True,False,False,False,True
shifted_sensitivity|GaitPDB|seed=8|fraction=1|gamma=1.01|tau=0.1|lambda=0.8,shifted_sensitivity,GaitPDB,8,1.0,63,1.01,0.1,0.8,always_deploy_balanced,True,"MANCE++::epsilon=0.05,steps=3",MANCE++,0.0,True,True,False,False,False,True
shifted_sensitivity|GaitPDB|seed=8|fraction=1|gamma=1.01|tau=0.1|lambda=0.8,shifted_sensitivity,GaitPDB,8,1.0,63,1.01,0.1,0.8,point_selection_balanced,True,"MANCE++::epsilon=0.05,steps=3",MANCE++,0.0,True,True,False,False,False,True
shifted_sensitivity|GaitPDB|seed=8|fraction=1|gamma=1.01|tau=0.1|lambda=0.8,shifted_sensitivity,GaitPDB,8,1.0,63,1.01,0.1,0.8,vera_balanced_iut,False,,,0.0,True,NA,False,False,False,True
shifted_sensitivity|GaitPDB|seed=8|fraction=1|gamma=1.01|tau=0.1|lambda=0.8,shifted_sensitivity,GaitPDB,8,1.0,63,1.01,0.1,0.8,vera_balanced_envelope,False,,,0.0,True,NA,False,False,False,True
shifted_sensitivity|GaitPDB|seed=8|fraction=1|gamma=1.01|tau=0.1|lambda=0.8,shifted_sensitivity,GaitPDB,8,1.0,63,1.01,0.1,0.8,external_balanced_oracle,True,"MANCE++::epsilon=0.05,steps=3",MANCE++,0.0,True,True,False,False,False,True
shifted_sensitivity|GaitPDB|seed=8|fraction=1|gamma=1.01|tau=0.2|lambda=0.6,shifted_sensitivity,GaitPDB,8,1.0,63,1.01,0.2,0.6,always_deploy_balanced,True,"MANCE++::epsilon=0.05,steps=3",MANCE++,0.0,True,True,False,False,False,True
shifted_sensitivity|GaitPDB|seed=8|fraction=1|gamma=1.01|tau=0.2|lambda=0.6,shifted_sensitivity,GaitPDB,8,1.0,63,1.01,0.2,0.6,point_selection_balanced,True,"MANCE++::epsilon=0.05,steps=3",MANCE++,0.0,True,True,False,False,False,True
shifted_sensitivity|GaitPDB|seed=8|fraction=1|gamma=1.01|tau=0.2|lambda=0.6,shifted_sensitivity,GaitPDB,8,1.0,63,1.01,0.2,0.6,vera_balanced_iut,False,,,0.0,True,NA,False,False,False,True
shifted_sensitivity|GaitPDB|seed=8|fraction=1|gamma=1.01|tau=0.2|lambda=0.6,shifted_sensitivity,GaitPDB,8,1.0,63,1.01,0.2,0.6,vera_balanced_envelope,False,,,0.0,True,NA,False,False,False,True
shifted_sensitivity|GaitPDB|seed=8|fraction=1|gamma=1.01|tau=0.2|lambda=0.6,shifted_sensitivity,GaitPDB,8,1.0,63,1.01,0.2,0.6,external_balanced_oracle,True,"MANCE++::epsilon=0.05,steps=3",MANCE++,0.0,True,True,False,False,False,True
shifted_sensitivity|GaitPDB|seed=8|fraction=1|gamma=1.01|tau=0.2|lambda=0.7,shifted_sensitivity,GaitPDB,8,1.0,63,1.01,0.2,0.7,always_deploy_balanced,True,"MANCE++::epsilon=0.05,steps=3",MANCE++,0.0,True,True,False,False,False,True
shifted_sensitivity|GaitPDB|seed=8|fraction=1|gamma=1.01|tau=0.2|lambda=0.7,shifted_sensitivity,GaitPDB,8,1.0,63,1.01,0.2,0.7,point_selection_balanced,True,"MANCE++::epsilon=0.05,steps=3",MANCE++,0.0,True,True,False,False,False,True
shifted_sensitivity|GaitPDB|seed=8|fraction=1|gamma=1.01|tau=0.2|lambda=0.7,shifted_sensitivity,GaitPDB,8,1.0,63,1.01,0.2,0.7,vera_balanced_iut,False,,,0.0,True,NA,False,False,False,True
shifted_sensitivity|GaitPDB|seed=8|fraction=1|gamma=1.01|tau=0.2|lambda=0.7,shifted_sensitivity,GaitPDB,8,1.0,63,1.01,0.2,0.7,vera_balanced_envelope,False,,,0.0,True,NA,False,False,False,True
shifted_sensitivity|GaitPDB|seed=8|fraction=1|gamma=1.01|tau=0.2|lambda=0.7,shifted_sensitivity,GaitPDB,8,1.0,63,1.01,0.2,0.7,external_balanced_oracle,True,"MANCE++::epsilon=0.05,steps=3",MANCE++,0.0,True,True,False,False,False,True
shifted_sensitivity|GaitPDB|seed=8|fraction=1|gamma=1.01|tau=0.2|lambda=0.8,shifted_sensitivity,GaitPDB,8,1.0,63,1.01,0.2,0.8,always_deploy_balanced,True,"MANCE++::epsilon=0.05,steps=3",MANCE++,0.0,True,True,False,False,False,True
shifted_sensitivity|GaitPDB|seed=8|fraction=1|gamma=1.01|tau=0.2|lambda=0.8,shifted_sensitivity,GaitPDB,8,1.0,63,1.01,0.2,0.8,point_selection_balanced,True,"MANCE++::epsilon=0.05,steps=3",MANCE++,0.0,True,True,False,False,False,True
shifted_sensitivity|GaitPDB|seed=8|fraction=1|gamma=1.01|tau=0.2|lambda=0.8,shifted_sensitivity,GaitPDB,8,1.0,63,1.01,0.2,0.8,vera_balanced_iut,False,,,0.0,True,NA,False,False,False,True
shifted_sensitivity|GaitPDB|seed=8|fraction=1|gamma=1.01|tau=0.2|lambda=0.8,shifted_sensitivity,GaitPDB,8,1.0,63,1.01,0.2,0.8,vera_balanced_envelope,False,,,0.0,True,NA,False,False,False,True
shifted_sensitivity|GaitPDB|seed=8|fraction=1|gamma=1.01|tau=0.2|lambda=0.8,shifted_sensitivity,GaitPDB,8,1.0,63,1.01,0.2,0.8,external_balanced_oracle,True,"MANCE++::epsilon=0.05,steps=3",MANCE++,0.0,True,True,False,False,False,True
learning_curve|GaitPDB|seed=9|fraction=0.05|gamma=1|tau=0.05|lambda=0.6,learning_curve,GaitPDB,9,0.05,4,1.0,0.05,0.6,always_deploy_balanced,True,INLP::rank=8,INLP,0.0,True,False,True,False,False,True
learning_curve|GaitPDB|seed=9|fraction=0.05|gamma=1|tau=0.05|lambda=0.6,learning_curve,GaitPDB,9,0.05,4,1.0,0.05,0.6,point_selection_balanced,True,INLP::rank=8,INLP,0.0,True,False,True,False,False,True
learning_curve|GaitPDB|seed=9|fraction=0.05|gamma=1|tau=0.05|lambda=0.6,learning_curve,GaitPDB,9,0.05,4,1.0,0.05,0.6,vera_balanced_iut,False,,,0.0,True,NA,False,False,False,True
learning_curve|GaitPDB|seed=9|fraction=0.05|gamma=1|tau=0.05|lambda=0.6,learning_curve,GaitPDB,9,0.05,4,1.0,0.05,0.6,vera_balanced_envelope,False,,,0.0,True,NA,False,False,False,True
learning_curve|GaitPDB|seed=9|fraction=0.05|gamma=1|tau=0.05|lambda=0.6,learning_curve,GaitPDB,9,0.05,4,1.0,0.05,0.6,external_balanced_oracle,True,LEACE::closed_form,LEACE,0.0,True,True,False,False,False,True
learning_curve|GaitPDB|seed=9|fraction=0.05|gamma=1|tau=0.05|lambda=0.7,learning_curve,GaitPDB,9,0.05,4,1.0,0.05,0.7,always_deploy_balanced,True,INLP::rank=8,INLP,0.0,True,False,True,False,False,True
learning_curve|GaitPDB|seed=9|fraction=0.05|gamma=1|tau=0.05|lambda=0.7,learning_curve,GaitPDB,9,0.05,4,1.0,0.05,0.7,point_selection_balanced,True,INLP::rank=8,INLP,0.0,True,False,True,False,False,True
learning_curve|GaitPDB|seed=9|fraction=0.05|gamma=1|tau=0.05|lambda=0.7,learning_curve,GaitPDB,9,0.05,4,1.0,0.05,0.7,vera_balanced_iut,False,,,0.0,True,NA,False,False,False,True
learning_curve|GaitPDB|seed=9|fraction=0.05|gamma=1|tau=0.05|lambda=0.7,learning_curve,GaitPDB,9,0.05,4,1.0,0.05,0.7,vera_balanced_envelope,False,,,0.0,True,NA,False,False,False,True
learning_curve|GaitPDB|seed=9|fraction=0.05|gamma=1|tau=0.05|lambda=0.7,learning_curve,GaitPDB,9,0.05,4,1.0,0.05,0.7,external_balanced_oracle,True,LEACE::closed_form,LEACE,0.0,True,True,False,False,False,True
learning_curve|GaitPDB|seed=9|fraction=0.05|gamma=1|tau=0.05|lambda=0.8,learning_curve,GaitPDB,9,0.05,4,1.0,0.05,0.8,always_deploy_balanced,True,INLP::rank=8,INLP,0.0,True,False,True,False,False,True
learning_curve|GaitPDB|seed=9|fraction=0.05|gamma=1|tau=0.05|lambda=0.8,learning_curve,GaitPDB,9,0.05,4,1.0,0.05,0.8,point_selection_balanced,True,INLP::rank=8,INLP,0.0,True,False,True,False,False,True
learning_curve|GaitPDB|seed=9|fraction=0.05|gamma=1|tau=0.05|lambda=0.8,learning_curve,GaitPDB,9,0.05,4,1.0,0.05,0.8,vera_balanced_iut,False,,,0.0,True,NA,False,False,False,True
learning_curve|GaitPDB|seed=9|fraction=0.05|gamma=1|tau=0.05|lambda=0.8,learning_curve,GaitPDB,9,0.05,4,1.0,0.05,0.8,vera_balanced_envelope,False,,,0.0,True,NA,False,False,False,True
learning_curve|GaitPDB|seed=9|fraction=0.05|gamma=1|tau=0.05|lambda=0.8,learning_curve,GaitPDB,9,0.05,4,1.0,0.05,0.8,external_balanced_oracle,True,LEACE::closed_form,LEACE,0.0,True,True,False,False,False,True
learning_curve|GaitPDB|seed=9|fraction=0.05|gamma=1|tau=0.1|lambda=0.6,learning_curve,GaitPDB,9,0.05,4,1.0,0.1,0.6,always_deploy_balanced,True,INLP::rank=8,INLP,0.0,True,True,False,False,False,True
learning_curve|GaitPDB|seed=9|fraction=0.05|gamma=1|tau=0.1|lambda=0.6,learning_curve,GaitPDB,9,0.05,4,1.0,0.1,0.6,point_selection_balanced,True,INLP::rank=8,INLP,0.0,True,True,False,False,False,True
learning_curve|GaitPDB|seed=9|fraction=0.05|gamma=1|tau=0.1|lambda=0.6,learning_curve,GaitPDB,9,0.05,4,1.0,0.1,0.6,vera_balanced_iut,False,,,0.0,True,NA,False,False,False,True
learning_curve|GaitPDB|seed=9|fraction=0.05|gamma=1|tau=0.1|lambda=0.6,learning_curve,GaitPDB,9,0.05,4,1.0,0.1,0.6,vera_balanced_envelope,False,,,0.0,True,NA,False,False,False,True
learning_curve|GaitPDB|seed=9|fraction=0.05|gamma=1|tau=0.1|lambda=0.6,learning_curve,GaitPDB,9,0.05,4,1.0,0.1,0.6,external_balanced_oracle,True,INLP::rank=8,INLP,0.0,True,True,False,False,False,True
learning_curve|GaitPDB|seed=9|fraction=0.05|gamma=1|tau=0.1|lambda=0.7,learning_curve,GaitPDB,9,0.05,4,1.0,0.1,0.7,always_deploy_balanced,True,INLP::rank=8,INLP,0.0,True,True,False,False,False,True
learning_curve|GaitPDB|seed=9|fraction=0.05|gamma=1|tau=0.1|lambda=0.7,learning_curve,GaitPDB,9,0.05,4,1.0,0.1,0.7,point_selection_balanced,True,INLP::rank=8,INLP,0.0,True,True,False,False,False,True
learning_curve|GaitPDB|seed=9|fraction=0.05|gamma=1|tau=0.1|lambda=0.7,learning_curve,GaitPDB,9,0.05,4,1.0,0.1,0.7,vera_balanced_iut,False,,,0.0,True,NA,False,False,False,True
learning_curve|GaitPDB|seed=9|fraction=0.05|gamma=1|tau=0.1|lambda=0.7,learning_curve,GaitPDB,9,0.05,4,1.0,0.1,0.7,vera_balanced_envelope,False,,,0.0,True,NA,False,False,False,True
learning_curve|GaitPDB|seed=9|fraction=0.05|gamma=1|tau=0.1|lambda=0.7,learning_curve,GaitPDB,9,0.05,4,1.0,0.1,0.7,external_balanced_oracle,True,INLP::rank=8,INLP,0.0,True,True,False,False,False,True
learning_curve|GaitPDB|seed=9|fraction=0.05|gamma=1|tau=0.1|lambda=0.8,learning_curve,GaitPDB,9,0.05,4,1.0,0.1,0.8,always_deploy_balanced,True,INLP::rank=8,INLP,0.0,True,True,False,False,False,True
learning_curve|GaitPDB|seed=9|fraction=0.05|gamma=1|tau=0.1|lambda=0.8,learning_curve,GaitPDB,9,0.05,4,1.0,0.1,0.8,point_selection_balanced,True,INLP::rank=8,INLP,0.0,True,True,False,False,False,True
learning_curve|GaitPDB|seed=9|fraction=0.05|gamma=1|tau=0.1|lambda=0.8,learning_curve,GaitPDB,9,0.05,4,1.0,0.1,0.8,vera_balanced_iut,False,,,0.0,True,NA,False,False,False,True
learning_curve|GaitPDB|seed=9|fraction=0.05|gamma=1|tau=0.1|lambda=0.8,learning_curve,GaitPDB,9,0.05,4,1.0,0.1,0.8,vera_balanced_envelope,False,,,0.0,True,NA,False,False,False,True
learning_curve|GaitPDB|seed=9|fraction=0.05|gamma=1|tau=0.1|lambda=0.8,learning_curve,GaitPDB,9,0.05,4,1.0,0.1,0.8,external_balanced_oracle,True,INLP::rank=8,INLP,0.0,True,True,False,False,False,True
learning_curve|GaitPDB|seed=9|fraction=0.05|gamma=1|tau=0.2|lambda=0.6,learning_curve,GaitPDB,9,0.05,4,1.0,0.2,0.6,always_deploy_balanced,True,INLP::rank=8,INLP,0.0,True,True,False,False,False,True
learning_curve|GaitPDB|seed=9|fraction=0.05|gamma=1|tau=0.2|lambda=0.6,learning_curve,GaitPDB,9,0.05,4,1.0,0.2,0.6,point_selection_balanced,True,INLP::rank=8,INLP,0.0,True,True,False,False,False,True
learning_curve|GaitPDB|seed=9|fraction=0.05|gamma=1|tau=0.2|lambda=0.6,learning_curve,GaitPDB,9,0.05,4,1.0,0.2,0.6,vera_balanced_iut,False,,,0.0,True,NA,False,False,False,True
learning_curve|GaitPDB|seed=9|fraction=0.05|gamma=1|tau=0.2|lambda=0.6,learning_curve,GaitPDB,9,0.05,4,1.0,0.2,0.6,vera_balanced_envelope,False,,,0.0,True,NA,False,False,False,True
learning_curve|GaitPDB|seed=9|fraction=0.05|gamma=1|tau=0.2|lambda=0.6,learning_curve,GaitPDB,9,0.05,4,1.0,0.2,0.6,external_balanced_oracle,True,INLP::rank=8,INLP,0.0,True,True,False,False,False,True
learning_curve|GaitPDB|seed=9|fraction=0.05|gamma=1|tau=0.2|lambda=0.7,learning_curve,GaitPDB,9,0.05,4,1.0,0.2,0.7,always_deploy_balanced,True,INLP::rank=8,INLP,0.0,True,True,False,False,False,True
learning_curve|GaitPDB|seed=9|fraction=0.05|gamma=1|tau=0.2|lambda=0.7,learning_curve,GaitPDB,9,0.05,4,1.0,0.2,0.7,point_selection_balanced,True,INLP::rank=8,INLP,0.0,True,True,False,False,False,True
learning_curve|GaitPDB|seed=9|fraction=0.05|gamma=1|tau=0.2|lambda=0.7,learning_curve,GaitPDB,9,0.05,4,1.0,0.2,0.7,vera_balanced_iut,False,,,0.0,True,NA,False,False,False,True
learning_curve|GaitPDB|seed=9|fraction=0.05|gamma=1|tau=0.2|lambda=0.7,learning_curve,GaitPDB,9,0.05,4,1.0,0.2,0.7,vera_balanced_envelope,False,,,0.0,True,NA,False,False,False,True
learning_curve|GaitPDB|seed=9|fraction=0.05|gamma=1|tau=0.2|lambda=0.7,learning_curve,GaitPDB,9,0.05,4,1.0,0.2,0.7,external_balanced_oracle,True,INLP::rank=8,INLP,0.0,True,True,False,False,False,True
learning_curve|GaitPDB|seed=9|fraction=0.05|gamma=1|tau=0.2|lambda=0.8,learning_curve,GaitPDB,9,0.05,4,1.0,0.2,0.8,always_deploy_balanced,True,INLP::rank=8,INLP,0.0,True,True,False,False,False,True
learning_curve|GaitPDB|seed=9|fraction=0.05|gamma=1|tau=0.2|lambda=0.8,learning_curve,GaitPDB,9,0.05,4,1.0,0.2,0.8,point_selection_balanced,True,INLP::rank=8,INLP,0.0,True,True,False,False,False,True
learning_curve|GaitPDB|seed=9|fraction=0.05|gamma=1|tau=0.2|lambda=0.8,learning_curve,GaitPDB,9,0.05,4,1.0,0.2,0.8,vera_balanced_iut,False,,,0.0,True,NA,False,False,False,True
learning_curve|GaitPDB|seed=9|fraction=0.05|gamma=1|tau=0.2|lambda=0.8,learning_curve,GaitPDB,9,0.05,4,1.0,0.2,0.8,vera_balanced_envelope,False,,,0.0,True,NA,False,False,False,True
learning_curve|GaitPDB|seed=9|fraction=0.05|gamma=1|tau=0.2|lambda=0.8,learning_curve,GaitPDB,9,0.05,4,1.0,0.2,0.8,external_balanced_oracle,True,INLP::rank=8,INLP,0.0,True,True,False,False,False,True
learning_curve|GaitPDB|seed=9|fraction=0.1|gamma=1|tau=0.05|lambda=0.6,learning_curve,GaitPDB,9,0.1,5,1.0,0.05,0.6,always_deploy_balanced,True,INLP::rank=8,INLP,0.0,True,False,True,False,False,True
learning_curve|GaitPDB|seed=9|fraction=0.1|gamma=1|tau=0.05|lambda=0.6,learning_curve,GaitPDB,9,0.1,5,1.0,0.05,0.6,point_selection_balanced,True,INLP::rank=8,INLP,0.0,True,False,True,False,False,True
learning_curve|GaitPDB|seed=9|fraction=0.1|gamma=1|tau=0.05|lambda=0.6,learning_curve,GaitPDB,9,0.1,5,1.0,0.05,0.6,vera_balanced_iut,False,,,0.0,True,NA,False,False,False,True
learning_curve|GaitPDB|seed=9|fraction=0.1|gamma=1|tau=0.05|lambda=0.6,learning_curve,GaitPDB,9,0.1,5,1.0,0.05,0.6,vera_balanced_envelope,False,,,0.0,True,NA,False,False,False,True
learning_curve|GaitPDB|seed=9|fraction=0.1|gamma=1|tau=0.05|lambda=0.6,learning_curve,GaitPDB,9,0.1,5,1.0,0.05,0.6,external_balanced_oracle,True,LEACE::closed_form,LEACE,0.0,True,True,False,False,False,True
learning_curve|GaitPDB|seed=9|fraction=0.1|gamma=1|tau=0.05|lambda=0.7,learning_curve,GaitPDB,9,0.1,5,1.0,0.05,0.7,always_deploy_balanced,True,INLP::rank=8,INLP,0.0,True,False,True,False,False,True
learning_curve|GaitPDB|seed=9|fraction=0.1|gamma=1|tau=0.05|lambda=0.7,learning_curve,GaitPDB,9,0.1,5,1.0,0.05,0.7,point_selection_balanced,True,INLP::rank=8,INLP,0.0,True,False,True,False,False,True
learning_curve|GaitPDB|seed=9|fraction=0.1|gamma=1|tau=0.05|lambda=0.7,learning_curve,GaitPDB,9,0.1,5,1.0,0.05,0.7,vera_balanced_iut,False,,,0.0,True,NA,False,False,False,True
learning_curve|GaitPDB|seed=9|fraction=0.1|gamma=1|tau=0.05|lambda=0.7,learning_curve,GaitPDB,9,0.1,5,1.0,0.05,0.7,vera_balanced_envelope,False,,,0.0,True,NA,False,False,False,True
learning_curve|GaitPDB|seed=9|fraction=0.1|gamma=1|tau=0.05|lambda=0.7,learning_curve,GaitPDB,9,0.1,5,1.0,0.05,0.7,external_balanced_oracle,True,LEACE::closed_form,LEACE,0.0,True,True,False,False,False,True
learning_curve|GaitPDB|seed=9|fraction=0.1|gamma=1|tau=0.05|lambda=0.8,learning_curve,GaitPDB,9,0.1,5,1.0,0.05,0.8,always_deploy_balanced,True,INLP::rank=8,INLP,0.0,True,False,True,False,False,True
learning_curve|GaitPDB|seed=9|fraction=0.1|gamma=1|tau=0.05|lambda=0.8,learning_curve,GaitPDB,9,0.1,5,1.0,0.05,0.8,point_selection_balanced,True,INLP::rank=8,INLP,0.0,True,False,True,False,False,True
learning_curve|GaitPDB|seed=9|fraction=0.1|gamma=1|tau=0.05|lambda=0.8,learning_curve,GaitPDB,9,0.1,5,1.0,0.05,0.8,vera_balanced_iut,False,,,0.0,True,NA,False,False,False,True
learning_curve|GaitPDB|seed=9|fraction=0.1|gamma=1|tau=0.05|lambda=0.8,learning_curve,GaitPDB,9,0.1,5,1.0,0.05,0.8,vera_balanced_envelope,False,,,0.0,True,NA,False,False,False,True
learning_curve|GaitPDB|seed=9|fraction=0.1|gamma=1|tau=0.05|lambda=0.8,learning_curve,GaitPDB,9,0.1,5,1.0,0.05,0.8,external_balanced_oracle,True,LEACE::closed_form,LEACE,0.0,True,True,False,False,False,True
learning_curve|GaitPDB|seed=9|fraction=0.1|gamma=1|tau=0.1|lambda=0.6,learning_curve,GaitPDB,9,0.1,5,1.0,0.1,0.6,always_deploy_balanced,True,INLP::rank=8,INLP,0.0,True,True,False,False,False,True
learning_curve|GaitPDB|seed=9|fraction=0.1|gamma=1|tau=0.1|lambda=0.6,learning_curve,GaitPDB,9,0.1,5,1.0,0.1,0.6,point_selection_balanced,True,INLP::rank=8,INLP,0.0,True,True,False,False,False,True
learning_curve|GaitPDB|seed=9|fraction=0.1|gamma=1|tau=0.1|lambda=0.6,learning_curve,GaitPDB,9,0.1,5,1.0,0.1,0.6,vera_balanced_iut,False,,,0.0,True,NA,False,False,False,True
learning_curve|GaitPDB|seed=9|fraction=0.1|gamma=1|tau=0.1|lambda=0.6,learning_curve,GaitPDB,9,0.1,5,1.0,0.1,0.6,vera_balanced_envelope,False,,,0.0,True,NA,False,False,False,True
learning_curve|GaitPDB|seed=9|fraction=0.1|gamma=1|tau=0.1|lambda=0.6,learning_curve,GaitPDB,9,0.1,5,1.0,0.1,0.6,external_balanced_oracle,True,INLP::rank=8,INLP,0.0,True,True,False,False,False,True
learning_curve|GaitPDB|seed=9|fraction=0.1|gamma=1|tau=0.1|lambda=0.7,learning_curve,GaitPDB,9,0.1,5,1.0,0.1,0.7,always_deploy_balanced,True,INLP::rank=8,INLP,0.0,True,True,False,False,False,True
learning_curve|GaitPDB|seed=9|fraction=0.1|gamma=1|tau=0.1|lambda=0.7,learning_curve,GaitPDB,9,0.1,5,1.0,0.1,0.7,point_selection_balanced,True,INLP::rank=8,INLP,0.0,True,True,False,False,False,True
learning_curve|GaitPDB|seed=9|fraction=0.1|gamma=1|tau=0.1|lambda=0.7,learning_curve,GaitPDB,9,0.1,5,1.0,0.1,0.7,vera_balanced_iut,False,,,0.0,True,NA,False,False,False,True
learning_curve|GaitPDB|seed=9|fraction=0.1|gamma=1|tau=0.1|lambda=0.7,learning_curve,GaitPDB,9,0.1,5,1.0,0.1,0.7,vera_balanced_envelope,False,,,0.0,True,NA,False,False,False,True
learning_curve|GaitPDB|seed=9|fraction=0.1|gamma=1|tau=0.1|lambda=0.7,learning_curve,GaitPDB,9,0.1,5,1.0,0.1,0.7,external_balanced_oracle,True,INLP::rank=8,INLP,0.0,True,True,False,False,False,True
learning_curve|GaitPDB|seed=9|fraction=0.1|gamma=1|tau=0.1|lambda=0.8,learning_curve,GaitPDB,9,0.1,5,1.0,0.1,0.8,always_deploy_balanced,True,INLP::rank=8,INLP,0.0,True,True,False,False,False,True
learning_curve|GaitPDB|seed=9|fraction=0.1|gamma=1|tau=0.1|lambda=0.8,learning_curve,GaitPDB,9,0.1,5,1.0,0.1,0.8,point_selection_balanced,True,INLP::rank=8,INLP,0.0,True,True,False,False,False,True
learning_curve|GaitPDB|seed=9|fraction=0.1|gamma=1|tau=0.1|lambda=0.8,learning_curve,GaitPDB,9,0.1,5,1.0,0.1,0.8,vera_balanced_iut,False,,,0.0,True,NA,False,False,False,True
learning_curve|GaitPDB|seed=9|fraction=0.1|gamma=1|tau=0.1|lambda=0.8,learning_curve,GaitPDB,9,0.1,5,1.0,0.1,0.8,vera_balanced_envelope,False,,,0.0,True,NA,False,False,False,True
learning_curve|GaitPDB|seed=9|fraction=0.1|gamma=1|tau=0.1|lambda=0.8,learning_curve,GaitPDB,9,0.1,5,1.0,0.1,0.8,external_balanced_oracle,True,INLP::rank=8,INLP,0.0,True,True,False,False,False,True
learning_curve|GaitPDB|seed=9|fraction=0.1|gamma=1|tau=0.2|lambda=0.6,learning_curve,GaitPDB,9,0.1,5,1.0,0.2,0.6,always_deploy_balanced,True,INLP::rank=8,INLP,0.0,True,True,False,False,False,True
learning_curve|GaitPDB|seed=9|fraction=0.1|gamma=1|tau=0.2|lambda=0.6,learning_curve,GaitPDB,9,0.1,5,1.0,0.2,0.6,point_selection_balanced,True,INLP::rank=8,INLP,0.0,True,True,False,False,False,True
learning_curve|GaitPDB|seed=9|fraction=0.1|gamma=1|tau=0.2|lambda=0.6,learning_curve,GaitPDB,9,0.1,5,1.0,0.2,0.6,vera_balanced_iut,False,,,0.0,True,NA,False,False,False,True
learning_curve|GaitPDB|seed=9|fraction=0.1|gamma=1|tau=0.2|lambda=0.6,learning_curve,GaitPDB,9,0.1,5,1.0,0.2,0.6,vera_balanced_envelope,False,,,0.0,True,NA,False,False,False,True
learning_curve|GaitPDB|seed=9|fraction=0.1|gamma=1|tau=0.2|lambda=0.6,learning_curve,GaitPDB,9,0.1,5,1.0,0.2,0.6,external_balanced_oracle,True,INLP::rank=8,INLP,0.0,True,True,False,False,False,True
learning_curve|GaitPDB|seed=9|fraction=0.1|gamma=1|tau=0.2|lambda=0.7,learning_curve,GaitPDB,9,0.1,5,1.0,0.2,0.7,always_deploy_balanced,True,INLP::rank=8,INLP,0.0,True,True,False,False,False,True
learning_curve|GaitPDB|seed=9|fraction=0.1|gamma=1|tau=0.2|lambda=0.7,learning_curve,GaitPDB,9,0.1,5,1.0,0.2,0.7,point_selection_balanced,True,INLP::rank=8,INLP,0.0,True,True,False,False,False,True
learning_curve|GaitPDB|seed=9|fraction=0.1|gamma=1|tau=0.2|lambda=0.7,learning_curve,GaitPDB,9,0.1,5,1.0,0.2,0.7,vera_balanced_iut,False,,,0.0,True,NA,False,False,False,True
learning_curve|GaitPDB|seed=9|fraction=0.1|gamma=1|tau=0.2|lambda=0.7,learning_curve,GaitPDB,9,0.1,5,1.0,0.2,0.7,vera_balanced_envelope,False,,,0.0,True,NA,False,False,False,True
learning_curve|GaitPDB|seed=9|fraction=0.1|gamma=1|tau=0.2|lambda=0.7,learning_curve,GaitPDB,9,0.1,5,1.0,0.2,0.7,external_balanced_oracle,True,INLP::rank=8,INLP,0.0,True,True,False,False,False,True
learning_curve|GaitPDB|seed=9|fraction=0.1|gamma=1|tau=0.2|lambda=0.8,learning_curve,GaitPDB,9,0.1,5,1.0,0.2,0.8,always_deploy_balanced,True,INLP::rank=8,INLP,0.0,True,True,False,False,False,True
learning_curve|GaitPDB|seed=9|fraction=0.1|gamma=1|tau=0.2|lambda=0.8,learning_curve,GaitPDB,9,0.1,5,1.0,0.2,0.8,point_selection_balanced,True,INLP::rank=8,INLP,0.0,True,True,False,False,False,True
learning_curve|GaitPDB|seed=9|fraction=0.1|gamma=1|tau=0.2|lambda=0.8,learning_curve,GaitPDB,9,0.1,5,1.0,0.2,0.8,vera_balanced_iut,False,,,0.0,True,NA,False,False,False,True
learning_curve|GaitPDB|seed=9|fraction=0.1|gamma=1|tau=0.2|lambda=0.8,learning_curve,GaitPDB,9,0.1,5,1.0,0.2,0.8,vera_balanced_envelope,False,,,0.0,True,NA,False,False,False,True
learning_curve|GaitPDB|seed=9|fraction=0.1|gamma=1|tau=0.2|lambda=0.8,learning_curve,GaitPDB,9,0.1,5,1.0,0.2,0.8,external_balanced_oracle,True,INLP::rank=8,INLP,0.0,True,True,False,False,False,True
learning_curve|GaitPDB|seed=9|fraction=0.25|gamma=1|tau=0.05|lambda=0.6,learning_curve,GaitPDB,9,0.25,14,1.0,0.05,0.6,always_deploy_balanced,True,INLP::rank=8,INLP,0.0,True,False,True,False,False,True
learning_curve|GaitPDB|seed=9|fraction=0.25|gamma=1|tau=0.05|lambda=0.6,learning_curve,GaitPDB,9,0.25,14,1.0,0.05,0.6,point_selection_balanced,True,INLP::rank=8,INLP,0.0,True,False,True,False,False,True
learning_curve|GaitPDB|seed=9|fraction=0.25|gamma=1|tau=0.05|lambda=0.6,learning_curve,GaitPDB,9,0.25,14,1.0,0.05,0.6,vera_balanced_iut,False,,,0.0,True,NA,False,False,False,True
learning_curve|GaitPDB|seed=9|fraction=0.25|gamma=1|tau=0.05|lambda=0.6,learning_curve,GaitPDB,9,0.25,14,1.0,0.05,0.6,vera_balanced_envelope,False,,,0.0,True,NA,False,False,False,True
learning_curve|GaitPDB|seed=9|fraction=0.25|gamma=1|tau=0.05|lambda=0.6,learning_curve,GaitPDB,9,0.25,14,1.0,0.05,0.6,external_balanced_oracle,True,LEACE::closed_form,LEACE,0.0,True,True,False,False,False,True
learning_curve|GaitPDB|seed=9|fraction=0.25|gamma=1|tau=0.05|lambda=0.7,learning_curve,GaitPDB,9,0.25,14,1.0,0.05,0.7,always_deploy_balanced,True,INLP::rank=8,INLP,0.0,True,False,True,False,False,True
learning_curve|GaitPDB|seed=9|fraction=0.25|gamma=1|tau=0.05|lambda=0.7,learning_curve,GaitPDB,9,0.25,14,1.0,0.05,0.7,point_selection_balanced,True,INLP::rank=8,INLP,0.0,True,False,True,False,False,True
learning_curve|GaitPDB|seed=9|fraction=0.25|gamma=1|tau=0.05|lambda=0.7,learning_curve,GaitPDB,9,0.25,14,1.0,0.05,0.7,vera_balanced_iut,False,,,0.0,True,NA,False,False,False,True
learning_curve|GaitPDB|seed=9|fraction=0.25|gamma=1|tau=0.05|lambda=0.7,learning_curve,GaitPDB,9,0.25,14,1.0,0.05,0.7,vera_balanced_envelope,False,,,0.0,True,NA,False,False,False,True
learning_curve|GaitPDB|seed=9|fraction=0.25|gamma=1|tau=0.05|lambda=0.7,learning_curve,GaitPDB,9,0.25,14,1.0,0.05,0.7,external_balanced_oracle,True,LEACE::closed_form,LEACE,0.0,True,True,False,False,False,True
learning_curve|GaitPDB|seed=9|fraction=0.25|gamma=1|tau=0.05|lambda=0.8,learning_curve,GaitPDB,9,0.25,14,1.0,0.05,0.8,always_deploy_balanced,True,INLP::rank=8,INLP,0.0,True,False,True,False,False,True
learning_curve|GaitPDB|seed=9|fraction=0.25|gamma=1|tau=0.05|lambda=0.8,learning_curve,GaitPDB,9,0.25,14,1.0,0.05,0.8,point_selection_balanced,True,INLP::rank=8,INLP,0.0,True,False,True,False,False,True
learning_curve|GaitPDB|seed=9|fraction=0.25|gamma=1|tau=0.05|lambda=0.8,learning_curve,GaitPDB,9,0.25,14,1.0,0.05,0.8,vera_balanced_iut,False,,,0.0,True,NA,False,False,False,True
learning_curve|GaitPDB|seed=9|fraction=0.25|gamma=1|tau=0.05|lambda=0.8,learning_curve,GaitPDB,9,0.25,14,1.0,0.05,0.8,vera_balanced_envelope,False,,,0.0,True,NA,False,False,False,True
learning_curve|GaitPDB|seed=9|fraction=0.25|gamma=1|tau=0.05|lambda=0.8,learning_curve,GaitPDB,9,0.25,14,1.0,0.05,0.8,external_balanced_oracle,True,LEACE::closed_form,LEACE,0.0,True,True,False,False,False,True
learning_curve|GaitPDB|seed=9|fraction=0.25|gamma=1|tau=0.1|lambda=0.6,learning_curve,GaitPDB,9,0.25,14,1.0,0.1,0.6,always_deploy_balanced,True,INLP::rank=8,INLP,0.0,True,True,False,False,False,True
learning_curve|GaitPDB|seed=9|fraction=0.25|gamma=1|tau=0.1|lambda=0.6,learning_curve,GaitPDB,9,0.25,14,1.0,0.1,0.6,point_selection_balanced,True,INLP::rank=8,INLP,0.0,True,True,False,False,False,True
learning_curve|GaitPDB|seed=9|fraction=0.25|gamma=1|tau=0.1|lambda=0.6,learning_curve,GaitPDB,9,0.25,14,1.0,0.1,0.6,vera_balanced_iut,False,,,0.0,True,NA,False,False,False,True
learning_curve|GaitPDB|seed=9|fraction=0.25|gamma=1|tau=0.1|lambda=0.6,learning_curve,GaitPDB,9,0.25,14,1.0,0.1,0.6,vera_balanced_envelope,False,,,0.0,True,NA,False,False,False,True
learning_curve|GaitPDB|seed=9|fraction=0.25|gamma=1|tau=0.1|lambda=0.6,learning_curve,GaitPDB,9,0.25,14,1.0,0.1,0.6,external_balanced_oracle,True,INLP::rank=8,INLP,0.0,True,True,False,False,False,True
learning_curve|GaitPDB|seed=9|fraction=0.25|gamma=1|tau=0.1|lambda=0.7,learning_curve,GaitPDB,9,0.25,14,1.0,0.1,0.7,always_deploy_balanced,True,INLP::rank=8,INLP,0.0,True,True,False,False,False,True
learning_curve|GaitPDB|seed=9|fraction=0.25|gamma=1|tau=0.1|lambda=0.7,learning_curve,GaitPDB,9,0.25,14,1.0,0.1,0.7,point_selection_balanced,True,INLP::rank=8,INLP,0.0,True,True,False,False,False,True
learning_curve|GaitPDB|seed=9|fraction=0.25|gamma=1|tau=0.1|lambda=0.7,learning_curve,GaitPDB,9,0.25,14,1.0,0.1,0.7,vera_balanced_iut,False,,,0.0,True,NA,False,False,False,True
learning_curve|GaitPDB|seed=9|fraction=0.25|gamma=1|tau=0.1|lambda=0.7,learning_curve,GaitPDB,9,0.25,14,1.0,0.1,0.7,vera_balanced_envelope,False,,,0.0,True,NA,False,False,False,True
learning_curve|GaitPDB|seed=9|fraction=0.25|gamma=1|tau=0.1|lambda=0.7,learning_curve,GaitPDB,9,0.25,14,1.0,0.1,0.7,external_balanced_oracle,True,INLP::rank=8,INLP,0.0,True,True,False,False,False,True
learning_curve|GaitPDB|seed=9|fraction=0.25|gamma=1|tau=0.1|lambda=0.8,learning_curve,GaitPDB,9,0.25,14,1.0,0.1,0.8,always_deploy_balanced,True,INLP::rank=8,INLP,0.0,True,True,False,False,False,True
learning_curve|GaitPDB|seed=9|fraction=0.25|gamma=1|tau=0.1|lambda=0.8,learning_curve,GaitPDB,9,0.25,14,1.0,0.1,0.8,point_selection_balanced,True,INLP::rank=8,INLP,0.0,True,True,False,False,False,True
learning_curve|GaitPDB|seed=9|fraction=0.25|gamma=1|tau=0.1|lambda=0.8,learning_curve,GaitPDB,9,0.25,14,1.0,0.1,0.8,vera_balanced_iut,False,,,0.0,True,NA,False,False,False,True
learning_curve|GaitPDB|seed=9|fraction=0.25|gamma=1|tau=0.1|lambda=0.8,learning_curve,GaitPDB,9,0.25,14,1.0,0.1,0.8,vera_balanced_envelope,False,,,0.0,True,NA,False,False,False,True
learning_curve|GaitPDB|seed=9|fraction=0.25|gamma=1|tau=0.1|lambda=0.8,learning_curve,GaitPDB,9,0.25,14,1.0,0.1,0.8,external_balanced_oracle,True,INLP::rank=8,INLP,0.0,True,True,False,False,False,True
learning_curve|GaitPDB|seed=9|fraction=0.25|gamma=1|tau=0.2|lambda=0.6,learning_curve,GaitPDB,9,0.25,14,1.0,0.2,0.6,always_deploy_balanced,True,INLP::rank=8,INLP,0.0,True,True,False,False,False,True
learning_curve|GaitPDB|seed=9|fraction=0.25|gamma=1|tau=0.2|lambda=0.6,learning_curve,GaitPDB,9,0.25,14,1.0,0.2,0.6,point_selection_balanced,True,INLP::rank=8,INLP,0.0,True,True,False,False,False,True
learning_curve|GaitPDB|seed=9|fraction=0.25|gamma=1|tau=0.2|lambda=0.6,learning_curve,GaitPDB,9,0.25,14,1.0,0.2,0.6,vera_balanced_iut,False,,,0.0,True,NA,False,False,False,True
learning_curve|GaitPDB|seed=9|fraction=0.25|gamma=1|tau=0.2|lambda=0.6,learning_curve,GaitPDB,9,0.25,14,1.0,0.2,0.6,vera_balanced_envelope,False,,,0.0,True,NA,False,False,False,True
learning_curve|GaitPDB|seed=9|fraction=0.25|gamma=1|tau=0.2|lambda=0.6,learning_curve,GaitPDB,9,0.25,14,1.0,0.2,0.6,external_balanced_oracle,True,INLP::rank=8,INLP,0.0,True,True,False,False,False,True
learning_curve|GaitPDB|seed=9|fraction=0.25|gamma=1|tau=0.2|lambda=0.7,learning_curve,GaitPDB,9,0.25,14,1.0,0.2,0.7,always_deploy_balanced,True,INLP::rank=8,INLP,0.0,True,True,False,False,False,True
learning_curve|GaitPDB|seed=9|fraction=0.25|gamma=1|tau=0.2|lambda=0.7,learning_curve,GaitPDB,9,0.25,14,1.0,0.2,0.7,point_selection_balanced,True,INLP::rank=8,INLP,0.0,True,True,False,False,False,True
learning_curve|GaitPDB|seed=9|fraction=0.25|gamma=1|tau=0.2|lambda=0.7,learning_curve,GaitPDB,9,0.25,14,1.0,0.2,0.7,vera_balanced_iut,False,,,0.0,True,NA,False,False,False,True
learning_curve|GaitPDB|seed=9|fraction=0.25|gamma=1|tau=0.2|lambda=0.7,learning_curve,GaitPDB,9,0.25,14,1.0,0.2,0.7,vera_balanced_envelope,False,,,0.0,True,NA,False,False,False,True
learning_curve|GaitPDB|seed=9|fraction=0.25|gamma=1|tau=0.2|lambda=0.7,learning_curve,GaitPDB,9,0.25,14,1.0,0.2,0.7,external_balanced_oracle,True,INLP::rank=8,INLP,0.0,True,True,False,False,False,True
learning_curve|GaitPDB|seed=9|fraction=0.25|gamma=1|tau=0.2|lambda=0.8,learning_curve,GaitPDB,9,0.25,14,1.0,0.2,0.8,always_deploy_balanced,True,INLP::rank=8,INLP,0.0,True,True,False,False,False,True
learning_curve|GaitPDB|seed=9|fraction=0.25|gamma=1|tau=0.2|lambda=0.8,learning_curve,GaitPDB,9,0.25,14,1.0,0.2,0.8,point_selection_balanced,True,INLP::rank=8,INLP,0.0,True,True,False,False,False,True
learning_curve|GaitPDB|seed=9|fraction=0.25|gamma=1|tau=0.2|lambda=0.8,learning_curve,GaitPDB,9,0.25,14,1.0,0.2,0.8,vera_balanced_iut,False,,,0.0,True,NA,False,False,False,True
learning_curve|GaitPDB|seed=9|fraction=0.25|gamma=1|tau=0.2|lambda=0.8,learning_curve,GaitPDB,9,0.25,14,1.0,0.2,0.8,vera_balanced_envelope,False,,,0.0,True,NA,False,False,False,True
learning_curve|GaitPDB|seed=9|fraction=0.25|gamma=1|tau=0.2|lambda=0.8,learning_curve,GaitPDB,9,0.25,14,1.0,0.2,0.8,external_balanced_oracle,True,INLP::rank=8,INLP,0.0,True,True,False,False,False,True
learning_curve|GaitPDB|seed=9|fraction=0.5|gamma=1|tau=0.05|lambda=0.6,learning_curve,GaitPDB,9,0.5,30,1.0,0.05,0.6,always_deploy_balanced,True,"MANCE++::epsilon=0.05,steps=3",MANCE++,0.0,True,False,True,False,False,True
learning_curve|GaitPDB|seed=9|fraction=0.5|gamma=1|tau=0.05|lambda=0.6,learning_curve,GaitPDB,9,0.5,30,1.0,0.05,0.6,point_selection_balanced,True,"MANCE++::epsilon=0.05,steps=3",MANCE++,0.0,True,False,True,False,False,True
learning_curve|GaitPDB|seed=9|fraction=0.5|gamma=1|tau=0.05|lambda=0.6,learning_curve,GaitPDB,9,0.5,30,1.0,0.05,0.6,vera_balanced_iut,False,,,0.0,True,NA,False,False,False,True
learning_curve|GaitPDB|seed=9|fraction=0.5|gamma=1|tau=0.05|lambda=0.6,learning_curve,GaitPDB,9,0.5,30,1.0,0.05,0.6,vera_balanced_envelope,False,,,0.0,True,NA,False,False,False,True
learning_curve|GaitPDB|seed=9|fraction=0.5|gamma=1|tau=0.05|lambda=0.6,learning_curve,GaitPDB,9,0.5,30,1.0,0.05,0.6,external_balanced_oracle,True,LEACE::closed_form,LEACE,0.0,True,True,False,False,False,True
learning_curve|GaitPDB|seed=9|fraction=0.5|gamma=1|tau=0.05|lambda=0.7,learning_curve,GaitPDB,9,0.5,30,1.0,0.05,0.7,always_deploy_balanced,True,"MANCE++::epsilon=0.05,steps=3",MANCE++,0.0,True,False,True,False,False,True
learning_curve|GaitPDB|seed=9|fraction=0.5|gamma=1|tau=0.05|lambda=0.7,learning_curve,GaitPDB,9,0.5,30,1.0,0.05,0.7,point_selection_balanced,True,"MANCE++::epsilon=0.05,steps=3",MANCE++,0.0,True,False,True,False,False,True
learning_curve|GaitPDB|seed=9|fraction=0.5|gamma=1|tau=0.05|lambda=0.7,learning_curve,GaitPDB,9,0.5,30,1.0,0.05,0.7,vera_balanced_iut,False,,,0.0,True,NA,False,False,False,True
learning_curve|GaitPDB|seed=9|fraction=0.5|gamma=1|tau=0.05|lambda=0.7,learning_curve,GaitPDB,9,0.5,30,1.0,0.05,0.7,vera_balanced_envelope,False,,,0.0,True,NA,False,False,False,True
learning_curve|GaitPDB|seed=9|fraction=0.5|gamma=1|tau=0.05|lambda=0.7,learning_curve,GaitPDB,9,0.5,30,1.0,0.05,0.7,external_balanced_oracle,True,LEACE::closed_form,LEACE,0.0,True,True,False,False,False,True
learning_curve|GaitPDB|seed=9|fraction=0.5|gamma=1|tau=0.05|lambda=0.8,learning_curve,GaitPDB,9,0.5,30,1.0,0.05,0.8,always_deploy_balanced,True,"MANCE++::epsilon=0.05,steps=3",MANCE++,0.0,True,False,True,False,False,True
learning_curve|GaitPDB|seed=9|fraction=0.5|gamma=1|tau=0.05|lambda=0.8,learning_curve,GaitPDB,9,0.5,30,1.0,0.05,0.8,point_selection_balanced,True,"MANCE++::epsilon=0.05,steps=3",MANCE++,0.0,True,False,True,False,False,True
learning_curve|GaitPDB|seed=9|fraction=0.5|gamma=1|tau=0.05|lambda=0.8,learning_curve,GaitPDB,9,0.5,30,1.0,0.05,0.8,vera_balanced_iut,False,,,0.0,True,NA,False,False,False,True
learning_curve|GaitPDB|seed=9|fraction=0.5|gamma=1|tau=0.05|lambda=0.8,learning_curve,GaitPDB,9,0.5,30,1.0,0.05,0.8,vera_balanced_envelope,False,,,0.0,True,NA,False,False,False,True
learning_curve|GaitPDB|seed=9|fraction=0.5|gamma=1|tau=0.05|lambda=0.8,learning_curve,GaitPDB,9,0.5,30,1.0,0.05,0.8,external_balanced_oracle,True,LEACE::closed_form,LEACE,0.0,True,True,False,False,False,True
learning_curve|GaitPDB|seed=9|fraction=0.5|gamma=1|tau=0.1|lambda=0.6,learning_curve,GaitPDB,9,0.5,30,1.0,0.1,0.6,always_deploy_balanced,True,"MANCE++::epsilon=0.05,steps=3",MANCE++,0.0,True,True,False,False,False,True
learning_curve|GaitPDB|seed=9|fraction=0.5|gamma=1|tau=0.1|lambda=0.6,learning_curve,GaitPDB,9,0.5,30,1.0,0.1,0.6,point_selection_balanced,True,"MANCE++::epsilon=0.05,steps=3",MANCE++,0.0,True,True,False,False,False,True
learning_curve|GaitPDB|seed=9|fraction=0.5|gamma=1|tau=0.1|lambda=0.6,learning_curve,GaitPDB,9,0.5,30,1.0,0.1,0.6,vera_balanced_iut,False,,,0.0,True,NA,False,False,False,True
learning_curve|GaitPDB|seed=9|fraction=0.5|gamma=1|tau=0.1|lambda=0.6,learning_curve,GaitPDB,9,0.5,30,1.0,0.1,0.6,vera_balanced_envelope,False,,,0.0,True,NA,False,False,False,True
learning_curve|GaitPDB|seed=9|fraction=0.5|gamma=1|tau=0.1|lambda=0.6,learning_curve,GaitPDB,9,0.5,30,1.0,0.1,0.6,external_balanced_oracle,True,"MANCE++::epsilon=0.05,steps=3",MANCE++,0.0,True,True,False,False,False,True
learning_curve|GaitPDB|seed=9|fraction=0.5|gamma=1|tau=0.1|lambda=0.7,learning_curve,GaitPDB,9,0.5,30,1.0,0.1,0.7,always_deploy_balanced,True,"MANCE++::epsilon=0.05,steps=3",MANCE++,0.0,True,True,False,False,False,True
learning_curve|GaitPDB|seed=9|fraction=0.5|gamma=1|tau=0.1|lambda=0.7,learning_curve,GaitPDB,9,0.5,30,1.0,0.1,0.7,point_selection_balanced,True,"MANCE++::epsilon=0.05,steps=3",MANCE++,0.0,True,True,False,False,False,True
learning_curve|GaitPDB|seed=9|fraction=0.5|gamma=1|tau=0.1|lambda=0.7,learning_curve,GaitPDB,9,0.5,30,1.0,0.1,0.7,vera_balanced_iut,False,,,0.0,True,NA,False,False,False,True
learning_curve|GaitPDB|seed=9|fraction=0.5|gamma=1|tau=0.1|lambda=0.7,learning_curve,GaitPDB,9,0.5,30,1.0,0.1,0.7,vera_balanced_envelope,False,,,0.0,True,NA,False,False,False,True
learning_curve|GaitPDB|seed=9|fraction=0.5|gamma=1|tau=0.1|lambda=0.7,learning_curve,GaitPDB,9,0.5,30,1.0,0.1,0.7,external_balanced_oracle,True,"MANCE++::epsilon=0.05,steps=3",MANCE++,0.0,True,True,False,False,False,True
learning_curve|GaitPDB|seed=9|fraction=0.5|gamma=1|tau=0.1|lambda=0.8,learning_curve,GaitPDB,9,0.5,30,1.0,0.1,0.8,always_deploy_balanced,True,"MANCE++::epsilon=0.05,steps=3",MANCE++,0.0,True,True,False,False,False,True
learning_curve|GaitPDB|seed=9|fraction=0.5|gamma=1|tau=0.1|lambda=0.8,learning_curve,GaitPDB,9,0.5,30,1.0,0.1,0.8,point_selection_balanced,True,"MANCE++::epsilon=0.05,steps=3",MANCE++,0.0,True,True,False,False,False,True
learning_curve|GaitPDB|seed=9|fraction=0.5|gamma=1|tau=0.1|lambda=0.8,learning_curve,GaitPDB,9,0.5,30,1.0,0.1,0.8,vera_balanced_iut,False,,,0.0,True,NA,False,False,False,True
learning_curve|GaitPDB|seed=9|fraction=0.5|gamma=1|tau=0.1|lambda=0.8,learning_curve,GaitPDB,9,0.5,30,1.0,0.1,0.8,vera_balanced_envelope,False,,,0.0,True,NA,False,False,False,True
learning_curve|GaitPDB|seed=9|fraction=0.5|gamma=1|tau=0.1|lambda=0.8,learning_curve,GaitPDB,9,0.5,30,1.0,0.1,0.8,external_balanced_oracle,True,"MANCE++::epsilon=0.05,steps=3",MANCE++,0.0,True,True,False,False,False,True
learning_curve|GaitPDB|seed=9|fraction=0.5|gamma=1|tau=0.2|lambda=0.6,learning_curve,GaitPDB,9,0.5,30,1.0,0.2,0.6,always_deploy_balanced,True,"MANCE++::epsilon=0.05,steps=3",MANCE++,0.0,True,True,False,False,False,True
learning_curve|GaitPDB|seed=9|fraction=0.5|gamma=1|tau=0.2|lambda=0.6,learning_curve,GaitPDB,9,0.5,30,1.0,0.2,0.6,point_selection_balanced,True,"MANCE++::epsilon=0.05,steps=3",MANCE++,0.0,True,True,False,False,False,True
learning_curve|GaitPDB|seed=9|fraction=0.5|gamma=1|tau=0.2|lambda=0.6,learning_curve,GaitPDB,9,0.5,30,1.0,0.2,0.6,vera_balanced_iut,False,,,0.0,True,NA,False,False,False,True
learning_curve|GaitPDB|seed=9|fraction=0.5|gamma=1|tau=0.2|lambda=0.6,learning_curve,GaitPDB,9,0.5,30,1.0,0.2,0.6,vera_balanced_envelope,False,,,0.0,True,NA,False,False,False,True
learning_curve|GaitPDB|seed=9|fraction=0.5|gamma=1|tau=0.2|lambda=0.6,learning_curve,GaitPDB,9,0.5,30,1.0,0.2,0.6,external_balanced_oracle,True,"MANCE++::epsilon=0.05,steps=3",MANCE++,0.0,True,True,False,False,False,True
learning_curve|GaitPDB|seed=9|fraction=0.5|gamma=1|tau=0.2|lambda=0.7,learning_curve,GaitPDB,9,0.5,30,1.0,0.2,0.7,always_deploy_balanced,True,"MANCE++::epsilon=0.05,steps=3",MANCE++,0.0,True,True,False,False,False,True
learning_curve|GaitPDB|seed=9|fraction=0.5|gamma=1|tau=0.2|lambda=0.7,learning_curve,GaitPDB,9,0.5,30,1.0,0.2,0.7,point_selection_balanced,True,"MANCE++::epsilon=0.05,steps=3",MANCE++,0.0,True,True,False,False,False,True
learning_curve|GaitPDB|seed=9|fraction=0.5|gamma=1|tau=0.2|lambda=0.7,learning_curve,GaitPDB,9,0.5,30,1.0,0.2,0.7,vera_balanced_iut,False,,,0.0,True,NA,False,False,False,True
learning_curve|GaitPDB|seed=9|fraction=0.5|gamma=1|tau=0.2|lambda=0.7,learning_curve,GaitPDB,9,0.5,30,1.0,0.2,0.7,vera_balanced_envelope,False,,,0.0,True,NA,False,False,False,True
learning_curve|GaitPDB|seed=9|fraction=0.5|gamma=1|tau=0.2|lambda=0.7,learning_curve,GaitPDB,9,0.5,30,1.0,0.2,0.7,external_balanced_oracle,True,"MANCE++::epsilon=0.05,steps=3",MANCE++,0.0,True,True,False,False,False,True
learning_curve|GaitPDB|seed=9|fraction=0.5|gamma=1|tau=0.2|lambda=0.8,learning_curve,GaitPDB,9,0.5,30,1.0,0.2,0.8,always_deploy_balanced,True,"MANCE++::epsilon=0.05,steps=3",MANCE++,0.0,True,True,False,False,False,True
learning_curve|GaitPDB|seed=9|fraction=0.5|gamma=1|tau=0.2|lambda=0.8,learning_curve,GaitPDB,9,0.5,30,1.0,0.2,0.8,point_selection_balanced,True,"MANCE++::epsilon=0.05,steps=3",MANCE++,0.0,True,True,False,False,False,True
learning_curve|GaitPDB|seed=9|fraction=0.5|gamma=1|tau=0.2|lambda=0.8,learning_curve,GaitPDB,9,0.5,30,1.0,0.2,0.8,vera_balanced_iut,False,,,0.0,True,NA,False,False,False,True
learning_curve|GaitPDB|seed=9|fraction=0.5|gamma=1|tau=0.2|lambda=0.8,learning_curve,GaitPDB,9,0.5,30,1.0,0.2,0.8,vera_balanced_envelope,False,,,0.0,True,NA,False,False,False,True
learning_curve|GaitPDB|seed=9|fraction=0.5|gamma=1|tau=0.2|lambda=0.8,learning_curve,GaitPDB,9,0.5,30,1.0,0.2,0.8,external_balanced_oracle,True,"MANCE++::epsilon=0.05,steps=3",MANCE++,0.0,True,True,False,False,False,True
primary|GaitPDB|seed=9|fraction=1|gamma=1|tau=0.05|lambda=0.6,primary,GaitPDB,9,1.0,63,1.0,0.05,0.6,always_deploy_balanced,True,"MANCE++::epsilon=0.05,steps=3",MANCE++,0.0,True,False,True,False,False,True
primary|GaitPDB|seed=9|fraction=1|gamma=1|tau=0.05|lambda=0.6,primary,GaitPDB,9,1.0,63,1.0,0.05,0.6,point_selection_balanced,True,"MANCE++::epsilon=0.05,steps=3",MANCE++,0.0,True,False,True,False,False,True
primary|GaitPDB|seed=9|fraction=1|gamma=1|tau=0.05|lambda=0.6,primary,GaitPDB,9,1.0,63,1.0,0.05,0.6,vera_balanced_iut,False,,,0.0,True,NA,False,False,False,True
primary|GaitPDB|seed=9|fraction=1|gamma=1|tau=0.05|lambda=0.6,primary,GaitPDB,9,1.0,63,1.0,0.05,0.6,vera_balanced_envelope,False,,,0.0,True,NA,False,False,False,True
primary|GaitPDB|seed=9|fraction=1|gamma=1|tau=0.05|lambda=0.6,primary,GaitPDB,9,1.0,63,1.0,0.05,0.6,external_balanced_oracle,True,LEACE::closed_form,LEACE,0.0,True,True,False,False,False,True
primary|GaitPDB|seed=9|fraction=1|gamma=1|tau=0.05|lambda=0.7,primary,GaitPDB,9,1.0,63,1.0,0.05,0.7,always_deploy_balanced,True,"MANCE++::epsilon=0.05,steps=3",MANCE++,0.0,True,False,True,False,False,True
primary|GaitPDB|seed=9|fraction=1|gamma=1|tau=0.05|lambda=0.7,primary,GaitPDB,9,1.0,63,1.0,0.05,0.7,point_selection_balanced,True,"MANCE++::epsilon=0.05,steps=3",MANCE++,0.0,True,False,True,False,False,True
primary|GaitPDB|seed=9|fraction=1|gamma=1|tau=0.05|lambda=0.7,primary,GaitPDB,9,1.0,63,1.0,0.05,0.7,vera_balanced_iut,False,,,0.0,True,NA,False,False,False,True
primary|GaitPDB|seed=9|fraction=1|gamma=1|tau=0.05|lambda=0.7,primary,GaitPDB,9,1.0,63,1.0,0.05,0.7,vera_balanced_envelope,False,,,0.0,True,NA,False,False,False,True
primary|GaitPDB|seed=9|fraction=1|gamma=1|tau=0.05|lambda=0.7,primary,GaitPDB,9,1.0,63,1.0,0.05,0.7,external_balanced_oracle,True,LEACE::closed_form,LEACE,0.0,True,True,False,False,False,True
primary|GaitPDB|seed=9|fraction=1|gamma=1|tau=0.05|lambda=0.8,primary,GaitPDB,9,1.0,63,1.0,0.05,0.8,always_deploy_balanced,True,"MANCE++::epsilon=0.05,steps=3",MANCE++,0.0,True,False,True,False,False,True
primary|GaitPDB|seed=9|fraction=1|gamma=1|tau=0.05|lambda=0.8,primary,GaitPDB,9,1.0,63,1.0,0.05,0.8,point_selection_balanced,True,"MANCE++::epsilon=0.05,steps=3",MANCE++,0.0,True,False,True,False,False,True
primary|GaitPDB|seed=9|fraction=1|gamma=1|tau=0.05|lambda=0.8,primary,GaitPDB,9,1.0,63,1.0,0.05,0.8,vera_balanced_iut,False,,,0.0,True,NA,False,False,False,True
primary|GaitPDB|seed=9|fraction=1|gamma=1|tau=0.05|lambda=0.8,primary,GaitPDB,9,1.0,63,1.0,0.05,0.8,vera_balanced_envelope,False,,,0.0,True,NA,False,False,False,True
primary|GaitPDB|seed=9|fraction=1|gamma=1|tau=0.05|lambda=0.8,primary,GaitPDB,9,1.0,63,1.0,0.05,0.8,external_balanced_oracle,True,LEACE::closed_form,LEACE,0.0,True,True,False,False,False,True
primary|GaitPDB|seed=9|fraction=1|gamma=1|tau=0.1|lambda=0.6,primary,GaitPDB,9,1.0,63,1.0,0.1,0.6,always_deploy_balanced,True,"MANCE++::epsilon=0.05,steps=3",MANCE++,0.0,True,True,False,False,False,True
primary|GaitPDB|seed=9|fraction=1|gamma=1|tau=0.1|lambda=0.6,primary,GaitPDB,9,1.0,63,1.0,0.1,0.6,point_selection_balanced,True,"MANCE++::epsilon=0.05,steps=3",MANCE++,0.0,True,True,False,False,False,True
primary|GaitPDB|seed=9|fraction=1|gamma=1|tau=0.1|lambda=0.6,primary,GaitPDB,9,1.0,63,1.0,0.1,0.6,vera_balanced_iut,False,,,0.0,True,NA,False,False,False,True
primary|GaitPDB|seed=9|fraction=1|gamma=1|tau=0.1|lambda=0.6,primary,GaitPDB,9,1.0,63,1.0,0.1,0.6,vera_balanced_envelope,False,,,0.0,True,NA,False,False,False,True
primary|GaitPDB|seed=9|fraction=1|gamma=1|tau=0.1|lambda=0.6,primary,GaitPDB,9,1.0,63,1.0,0.1,0.6,external_balanced_oracle,True,"MANCE++::epsilon=0.05,steps=3",MANCE++,0.0,True,True,False,False,False,True
primary|GaitPDB|seed=9|fraction=1|gamma=1|tau=0.1|lambda=0.7,primary,GaitPDB,9,1.0,63,1.0,0.1,0.7,always_deploy_balanced,True,"MANCE++::epsilon=0.05,steps=3",MANCE++,0.0,True,True,False,False,False,True
primary|GaitPDB|seed=9|fraction=1|gamma=1|tau=0.1|lambda=0.7,primary,GaitPDB,9,1.0,63,1.0,0.1,0.7,point_selection_balanced,True,"MANCE++::epsilon=0.05,steps=3",MANCE++,0.0,True,True,False,False,False,True
primary|GaitPDB|seed=9|fraction=1|gamma=1|tau=0.1|lambda=0.7,primary,GaitPDB,9,1.0,63,1.0,0.1,0.7,vera_balanced_iut,False,,,0.0,True,NA,False,False,False,True
primary|GaitPDB|seed=9|fraction=1|gamma=1|tau=0.1|lambda=0.7,primary,GaitPDB,9,1.0,63,1.0,0.1,0.7,vera_balanced_envelope,False,,,0.0,True,NA,False,False,False,True
primary|GaitPDB|seed=9|fraction=1|gamma=1|tau=0.1|lambda=0.7,primary,GaitPDB,9,1.0,63,1.0,0.1,0.7,external_balanced_oracle,True,"MANCE++::epsilon=0.05,steps=3",MANCE++,0.0,True,True,False,False,False,True
primary|GaitPDB|seed=9|fraction=1|gamma=1|tau=0.1|lambda=0.8,primary,GaitPDB,9,1.0,63,1.0,0.1,0.8,always_deploy_balanced,True,"MANCE++::epsilon=0.05,steps=3",MANCE++,0.0,True,True,False,False,False,True
primary|GaitPDB|seed=9|fraction=1|gamma=1|tau=0.1|lambda=0.8,primary,GaitPDB,9,1.0,63,1.0,0.1,0.8,point_selection_balanced,True,"MANCE++::epsilon=0.05,steps=3",MANCE++,0.0,True,True,False,False,False,True
primary|GaitPDB|seed=9|fraction=1|gamma=1|tau=0.1|lambda=0.8,primary,GaitPDB,9,1.0,63,1.0,0.1,0.8,vera_balanced_iut,False,,,0.0,True,NA,False,False,False,True
primary|GaitPDB|seed=9|fraction=1|gamma=1|tau=0.1|lambda=0.8,primary,GaitPDB,9,1.0,63,1.0,0.1,0.8,vera_balanced_envelope,False,,,0.0,True,NA,False,False,False,True
primary|GaitPDB|seed=9|fraction=1|gamma=1|tau=0.1|lambda=0.8,primary,GaitPDB,9,1.0,63,1.0,0.1,0.8,external_balanced_oracle,True,"MANCE++::epsilon=0.05,steps=3",MANCE++,0.0,True,True,False,False,False,True
primary|GaitPDB|seed=9|fraction=1|gamma=1|tau=0.2|lambda=0.6,primary,GaitPDB,9,1.0,63,1.0,0.2,0.6,always_deploy_balanced,True,"MANCE++::epsilon=0.05,steps=3",MANCE++,0.0,True,True,False,False,False,True
primary|GaitPDB|seed=9|fraction=1|gamma=1|tau=0.2|lambda=0.6,primary,GaitPDB,9,1.0,63,1.0,0.2,0.6,point_selection_balanced,True,"MANCE++::epsilon=0.05,steps=3",MANCE++,0.0,True,True,False,False,False,True
primary|GaitPDB|seed=9|fraction=1|gamma=1|tau=0.2|lambda=0.6,primary,GaitPDB,9,1.0,63,1.0,0.2,0.6,vera_balanced_iut,False,,,0.0,True,NA,False,False,False,True
primary|GaitPDB|seed=9|fraction=1|gamma=1|tau=0.2|lambda=0.6,primary,GaitPDB,9,1.0,63,1.0,0.2,0.6,vera_balanced_envelope,False,,,0.0,True,NA,False,False,False,True
primary|GaitPDB|seed=9|fraction=1|gamma=1|tau=0.2|lambda=0.6,primary,GaitPDB,9,1.0,63,1.0,0.2,0.6,external_balanced_oracle,True,"MANCE++::epsilon=0.05,steps=3",MANCE++,0.0,True,True,False,False,False,True
primary|GaitPDB|seed=9|fraction=1|gamma=1|tau=0.2|lambda=0.7,primary,GaitPDB,9,1.0,63,1.0,0.2,0.7,always_deploy_balanced,True,"MANCE++::epsilon=0.05,steps=3",MANCE++,0.0,True,True,False,False,False,True
primary|GaitPDB|seed=9|fraction=1|gamma=1|tau=0.2|lambda=0.7,primary,GaitPDB,9,1.0,63,1.0,0.2,0.7,point_selection_balanced,True,"MANCE++::epsilon=0.05,steps=3",MANCE++,0.0,True,True,False,False,False,True
primary|GaitPDB|seed=9|fraction=1|gamma=1|tau=0.2|lambda=0.7,primary,GaitPDB,9,1.0,63,1.0,0.2,0.7,vera_balanced_iut,False,,,0.0,True,NA,False,False,False,True
primary|GaitPDB|seed=9|fraction=1|gamma=1|tau=0.2|lambda=0.7,primary,GaitPDB,9,1.0,63,1.0,0.2,0.7,vera_balanced_envelope,False,,,0.0,True,NA,False,False,False,True
primary|GaitPDB|seed=9|fraction=1|gamma=1|tau=0.2|lambda=0.7,primary,GaitPDB,9,1.0,63,1.0,0.2,0.7,external_balanced_oracle,True,"MANCE++::epsilon=0.05,steps=3",MANCE++,0.0,True,True,False,False,False,True
primary|GaitPDB|seed=9|fraction=1|gamma=1|tau=0.2|lambda=0.8,primary,GaitPDB,9,1.0,63,1.0,0.2,0.8,always_deploy_balanced,True,"MANCE++::epsilon=0.05,steps=3",MANCE++,0.0,True,True,False,False,False,True
primary|GaitPDB|seed=9|fraction=1|gamma=1|tau=0.2|lambda=0.8,primary,GaitPDB,9,1.0,63,1.0,0.2,0.8,point_selection_balanced,True,"MANCE++::epsilon=0.05,steps=3",MANCE++,0.0,True,True,False,False,False,True
primary|GaitPDB|seed=9|fraction=1|gamma=1|tau=0.2|lambda=0.8,primary,GaitPDB,9,1.0,63,1.0,0.2,0.8,vera_balanced_iut,True,"MANCE++::epsilon=0.05,steps=3",MANCE++,0.0,True,True,False,False,False,True
primary|GaitPDB|seed=9|fraction=1|gamma=1|tau=0.2|lambda=0.8,primary,GaitPDB,9,1.0,63,1.0,0.2,0.8,vera_balanced_envelope,False,,,0.0,True,NA,False,False,False,True
primary|GaitPDB|seed=9|fraction=1|gamma=1|tau=0.2|lambda=0.8,primary,GaitPDB,9,1.0,63,1.0,0.2,0.8,external_balanced_oracle,True,"MANCE++::epsilon=0.05,steps=3",MANCE++,0.0,True,True,False,False,False,True
shifted_sensitivity|GaitPDB|seed=9|fraction=1|gamma=1.01|tau=0.05|lambda=0.6,shifted_sensitivity,GaitPDB,9,1.0,63,1.01,0.05,0.6,always_deploy_balanced,True,"MANCE++::epsilon=0.05,steps=3",MANCE++,0.0,True,False,True,False,False,True
shifted_sensitivity|GaitPDB|seed=9|fraction=1|gamma=1.01|tau=0.05|lambda=0.6,shifted_sensitivity,GaitPDB,9,1.0,63,1.01,0.05,0.6,point_selection_balanced,True,"MANCE++::epsilon=0.05,steps=3",MANCE++,0.0,True,False,True,False,False,True
shifted_sensitivity|GaitPDB|seed=9|fraction=1|gamma=1.01|tau=0.05|lambda=0.6,shifted_sensitivity,GaitPDB,9,1.0,63,1.01,0.05,0.6,vera_balanced_iut,False,,,0.0,True,NA,False,False,False,True
shifted_sensitivity|GaitPDB|seed=9|fraction=1|gamma=1.01|tau=0.05|lambda=0.6,shifted_sensitivity,GaitPDB,9,1.0,63,1.01,0.05,0.6,vera_balanced_envelope,False,,,0.0,True,NA,False,False,False,True
shifted_sensitivity|GaitPDB|seed=9|fraction=1|gamma=1.01|tau=0.05|lambda=0.6,shifted_sensitivity,GaitPDB,9,1.0,63,1.01,0.05,0.6,external_balanced_oracle,True,LEACE::closed_form,LEACE,0.0,True,True,False,False,False,True
shifted_sensitivity|GaitPDB|seed=9|fraction=1|gamma=1.01|tau=0.05|lambda=0.7,shifted_sensitivity,GaitPDB,9,1.0,63,1.01,0.05,0.7,always_deploy_balanced,True,"MANCE++::epsilon=0.05,steps=3",MANCE++,0.0,True,False,True,False,False,True
shifted_sensitivity|GaitPDB|seed=9|fraction=1|gamma=1.01|tau=0.05|lambda=0.7,shifted_sensitivity,GaitPDB,9,1.0,63,1.01,0.05,0.7,point_selection_balanced,True,"MANCE++::epsilon=0.05,steps=3",MANCE++,0.0,True,False,True,False,False,True
shifted_sensitivity|GaitPDB|seed=9|fraction=1|gamma=1.01|tau=0.05|lambda=0.7,shifted_sensitivity,GaitPDB,9,1.0,63,1.01,0.05,0.7,vera_balanced_iut,False,,,0.0,True,NA,False,False,False,True
shifted_sensitivity|GaitPDB|seed=9|fraction=1|gamma=1.01|tau=0.05|lambda=0.7,shifted_sensitivity,GaitPDB,9,1.0,63,1.01,0.05,0.7,vera_balanced_envelope,False,,,0.0,True,NA,False,False,False,True
shifted_sensitivity|GaitPDB|seed=9|fraction=1|gamma=1.01|tau=0.05|lambda=0.7,shifted_sensitivity,GaitPDB,9,1.0,63,1.01,0.05,0.7,external_balanced_oracle,True,LEACE::closed_form,LEACE,0.0,True,True,False,False,False,True
shifted_sensitivity|GaitPDB|seed=9|fraction=1|gamma=1.01|tau=0.05|lambda=0.8,shifted_sensitivity,GaitPDB,9,1.0,63,1.01,0.05,0.8,always_deploy_balanced,True,"MANCE++::epsilon=0.05,steps=3",MANCE++,0.0,True,False,True,False,False,True
shifted_sensitivity|GaitPDB|seed=9|fraction=1|gamma=1.01|tau=0.05|lambda=0.8,shifted_sensitivity,GaitPDB,9,1.0,63,1.01,0.05,0.8,point_selection_balanced,True,"MANCE++::epsilon=0.05,steps=3",MANCE++,0.0,True,False,True,False,False,True
shifted_sensitivity|GaitPDB|seed=9|fraction=1|gamma=1.01|tau=0.05|lambda=0.8,shifted_sensitivity,GaitPDB,9,1.0,63,1.01,0.05,0.8,vera_balanced_iut,False,,,0.0,True,NA,False,False,False,True
shifted_sensitivity|GaitPDB|seed=9|fraction=1|gamma=1.01|tau=0.05|lambda=0.8,shifted_sensitivity,GaitPDB,9,1.0,63,1.01,0.05,0.8,vera_balanced_envelope,False,,,0.0,True,NA,False,False,False,True
shifted_sensitivity|GaitPDB|seed=9|fraction=1|gamma=1.01|tau=0.05|lambda=0.8,shifted_sensitivity,GaitPDB,9,1.0,63,1.01,0.05,0.8,external_balanced_oracle,True,LEACE::closed_form,LEACE,0.0,True,True,False,False,False,True
shifted_sensitivity|GaitPDB|seed=9|fraction=1|gamma=1.01|tau=0.1|lambda=0.6,shifted_sensitivity,GaitPDB,9,1.0,63,1.01,0.1,0.6,always_deploy_balanced,True,"MANCE++::epsilon=0.05,steps=3",MANCE++,0.0,True,True,False,False,False,True
shifted_sensitivity|GaitPDB|seed=9|fraction=1|gamma=1.01|tau=0.1|lambda=0.6,shifted_sensitivity,GaitPDB,9,1.0,63,1.01,0.1,0.6,point_selection_balanced,True,"MANCE++::epsilon=0.05,steps=3",MANCE++,0.0,True,True,False,False,False,True
shifted_sensitivity|GaitPDB|seed=9|fraction=1|gamma=1.01|tau=0.1|lambda=0.6,shifted_sensitivity,GaitPDB,9,1.0,63,1.01,0.1,0.6,vera_balanced_iut,False,,,0.0,True,NA,False,False,False,True
shifted_sensitivity|GaitPDB|seed=9|fraction=1|gamma=1.01|tau=0.1|lambda=0.6,shifted_sensitivity,GaitPDB,9,1.0,63,1.01,0.1,0.6,vera_balanced_envelope,False,,,0.0,True,NA,False,False,False,True
shifted_sensitivity|GaitPDB|seed=9|fraction=1|gamma=1.01|tau=0.1|lambda=0.6,shifted_sensitivity,GaitPDB,9,1.0,63,1.01,0.1,0.6,external_balanced_oracle,True,"MANCE++::epsilon=0.05,steps=3",MANCE++,0.0,True,True,False,False,False,True
shifted_sensitivity|GaitPDB|seed=9|fraction=1|gamma=1.01|tau=0.1|lambda=0.7,shifted_sensitivity,GaitPDB,9,1.0,63,1.01,0.1,0.7,always_deploy_balanced,True,"MANCE++::epsilon=0.05,steps=3",MANCE++,0.0,True,True,False,False,False,True
shifted_sensitivity|GaitPDB|seed=9|fraction=1|gamma=1.01|tau=0.1|lambda=0.7,shifted_sensitivity,GaitPDB,9,1.0,63,1.01,0.1,0.7,point_selection_balanced,True,"MANCE++::epsilon=0.05,steps=3",MANCE++,0.0,True,True,False,False,False,True
shifted_sensitivity|GaitPDB|seed=9|fraction=1|gamma=1.01|tau=0.1|lambda=0.7,shifted_sensitivity,GaitPDB,9,1.0,63,1.01,0.1,0.7,vera_balanced_iut,False,,,0.0,True,NA,False,False,False,True
shifted_sensitivity|GaitPDB|seed=9|fraction=1|gamma=1.01|tau=0.1|lambda=0.7,shifted_sensitivity,GaitPDB,9,1.0,63,1.01,0.1,0.7,vera_balanced_envelope,False,,,0.0,True,NA,False,False,False,True
shifted_sensitivity|GaitPDB|seed=9|fraction=1|gamma=1.01|tau=0.1|lambda=0.7,shifted_sensitivity,GaitPDB,9,1.0,63,1.01,0.1,0.7,external_balanced_oracle,True,"MANCE++::epsilon=0.05,steps=3",MANCE++,0.0,True,True,False,False,False,True
shifted_sensitivity|GaitPDB|seed=9|fraction=1|gamma=1.01|tau=0.1|lambda=0.8,shifted_sensitivity,GaitPDB,9,1.0,63,1.01,0.1,0.8,always_deploy_balanced,True,"MANCE++::epsilon=0.05,steps=3",MANCE++,0.0,True,True,False,False,False,True
shifted_sensitivity|GaitPDB|seed=9|fraction=1|gamma=1.01|tau=0.1|lambda=0.8,shifted_sensitivity,GaitPDB,9,1.0,63,1.01,0.1,0.8,point_selection_balanced,True,"MANCE++::epsilon=0.05,steps=3",MANCE++,0.0,True,True,False,False,False,True
shifted_sensitivity|GaitPDB|seed=9|fraction=1|gamma=1.01|tau=0.1|lambda=0.8,shifted_sensitivity,GaitPDB,9,1.0,63,1.01,0.1,0.8,vera_balanced_iut,False,,,0.0,True,NA,False,False,False,True
shifted_sensitivity|GaitPDB|seed=9|fraction=1|gamma=1.01|tau=0.1|lambda=0.8,shifted_sensitivity,GaitPDB,9,1.0,63,1.01,0.1,0.8,vera_balanced_envelope,False,,,0.0,True,NA,False,False,False,True
shifted_sensitivity|GaitPDB|seed=9|fraction=1|gamma=1.01|tau=0.1|lambda=0.8,shifted_sensitivity,GaitPDB,9,1.0,63,1.01,0.1,0.8,external_balanced_oracle,True,"MANCE++::epsilon=0.05,steps=3",MANCE++,0.0,True,True,False,False,False,True
shifted_sensitivity|GaitPDB|seed=9|fraction=1|gamma=1.01|tau=0.2|lambda=0.6,shifted_sensitivity,GaitPDB,9,1.0,63,1.01,0.2,0.6,always_deploy_balanced,True,"MANCE++::epsilon=0.05,steps=3",MANCE++,0.0,True,True,False,False,False,True
shifted_sensitivity|GaitPDB|seed=9|fraction=1|gamma=1.01|tau=0.2|lambda=0.6,shifted_sensitivity,GaitPDB,9,1.0,63,1.01,0.2,0.6,point_selection_balanced,True,"MANCE++::epsilon=0.05,steps=3",MANCE++,0.0,True,True,False,False,False,True
shifted_sensitivity|GaitPDB|seed=9|fraction=1|gamma=1.01|tau=0.2|lambda=0.6,shifted_sensitivity,GaitPDB,9,1.0,63,1.01,0.2,0.6,vera_balanced_iut,False,,,0.0,True,NA,False,False,False,True
shifted_sensitivity|GaitPDB|seed=9|fraction=1|gamma=1.01|tau=0.2|lambda=0.6,shifted_sensitivity,GaitPDB,9,1.0,63,1.01,0.2,0.6,vera_balanced_envelope,False,,,0.0,True,NA,False,False,False,True
shifted_sensitivity|GaitPDB|seed=9|fraction=1|gamma=1.01|tau=0.2|lambda=0.6,shifted_sensitivity,GaitPDB,9,1.0,63,1.01,0.2,0.6,external_balanced_oracle,True,"MANCE++::epsilon=0.05,steps=3",MANCE++,0.0,True,True,False,False,False,True
shifted_sensitivity|GaitPDB|seed=9|fraction=1|gamma=1.01|tau=0.2|lambda=0.7,shifted_sensitivity,GaitPDB,9,1.0,63,1.01,0.2,0.7,always_deploy_balanced,True,"MANCE++::epsilon=0.05,steps=3",MANCE++,0.0,True,True,False,False,False,True
shifted_sensitivity|GaitPDB|seed=9|fraction=1|gamma=1.01|tau=0.2|lambda=0.7,shifted_sensitivity,GaitPDB,9,1.0,63,1.01,0.2,0.7,point_selection_balanced,True,"MANCE++::epsilon=0.05,steps=3",MANCE++,0.0,True,True,False,False,False,True
shifted_sensitivity|GaitPDB|seed=9|fraction=1|gamma=1.01|tau=0.2|lambda=0.7,shifted_sensitivity,GaitPDB,9,1.0,63,1.01,0.2,0.7,vera_balanced_iut,False,,,0.0,True,NA,False,False,False,True
shifted_sensitivity|GaitPDB|seed=9|fraction=1|gamma=1.01|tau=0.2|lambda=0.7,shifted_sensitivity,GaitPDB,9,1.0,63,1.01,0.2,0.7,vera_balanced_envelope,False,,,0.0,True,NA,False,False,False,True
shifted_sensitivity|GaitPDB|seed=9|fraction=1|gamma=1.01|tau=0.2|lambda=0.7,shifted_sensitivity,GaitPDB,9,1.0,63,1.01,0.2,0.7,external_balanced_oracle,True,"MANCE++::epsilon=0.05,steps=3",MANCE++,0.0,True,True,False,False,False,True
shifted_sensitivity|GaitPDB|seed=9|fraction=1|gamma=1.01|tau=0.2|lambda=0.8,shifted_sensitivity,GaitPDB,9,1.0,63,1.01,0.2,0.8,always_deploy_balanced,True,"MANCE++::epsilon=0.05,steps=3",MANCE++,0.0,True,True,False,False,False,True
shifted_sensitivity|GaitPDB|seed=9|fraction=1|gamma=1.01|tau=0.2|lambda=0.8,shifted_sensitivity,GaitPDB,9,1.0,63,1.01,0.2,0.8,point_selection_balanced,True,"MANCE++::epsilon=0.05,steps=3",MANCE++,0.0,True,True,False,False,False,True
shifted_sensitivity|GaitPDB|seed=9|fraction=1|gamma=1.01|tau=0.2|lambda=0.8,shifted_sensitivity,GaitPDB,9,1.0,63,1.01,0.2,0.8,vera_balanced_iut,True,"MANCE++::epsilon=0.05,steps=3",MANCE++,0.0,True,True,False,False,False,True
shifted_sensitivity|GaitPDB|seed=9|fraction=1|gamma=1.01|tau=0.2|lambda=0.8,shifted_sensitivity,GaitPDB,9,1.0,63,1.01,0.2,0.8,vera_balanced_envelope,False,,,0.0,True,NA,False,False,False,True
shifted_sensitivity|GaitPDB|seed=9|fraction=1|gamma=1.01|tau=0.2|lambda=0.8,shifted_sensitivity,GaitPDB,9,1.0,63,1.01,0.2,0.8,external_balanced_oracle,True,"MANCE++::epsilon=0.05,steps=3",MANCE++,0.0,True,True,False,False,False,True
learning_curve|GaitPDB|seed=10|fraction=0.05|gamma=1|tau=0.05|lambda=0.6,learning_curve,GaitPDB,10,0.05,4,1.0,0.05,0.6,always_deploy_balanced,True,INLP::rank=2,INLP,0.0,True,True,False,False,False,True
learning_curve|GaitPDB|seed=10|fraction=0.05|gamma=1|tau=0.05|lambda=0.6,learning_curve,GaitPDB,10,0.05,4,1.0,0.05,0.6,point_selection_balanced,True,INLP::rank=2,INLP,0.0,True,True,False,False,False,True
learning_curve|GaitPDB|seed=10|fraction=0.05|gamma=1|tau=0.05|lambda=0.6,learning_curve,GaitPDB,10,0.05,4,1.0,0.05,0.6,vera_balanced_iut,False,,,0.0,True,NA,False,False,False,True
learning_curve|GaitPDB|seed=10|fraction=0.05|gamma=1|tau=0.05|lambda=0.6,learning_curve,GaitPDB,10,0.05,4,1.0,0.05,0.6,vera_balanced_envelope,False,,,0.0,True,NA,False,False,False,True
learning_curve|GaitPDB|seed=10|fraction=0.05|gamma=1|tau=0.05|lambda=0.6,learning_curve,GaitPDB,10,0.05,4,1.0,0.05,0.6,external_balanced_oracle,True,INLP::rank=2,INLP,0.0,True,True,False,False,False,True
learning_curve|GaitPDB|seed=10|fraction=0.05|gamma=1|tau=0.05|lambda=0.7,learning_curve,GaitPDB,10,0.05,4,1.0,0.05,0.7,always_deploy_balanced,True,INLP::rank=2,INLP,0.0,True,True,False,False,False,True
learning_curve|GaitPDB|seed=10|fraction=0.05|gamma=1|tau=0.05|lambda=0.7,learning_curve,GaitPDB,10,0.05,4,1.0,0.05,0.7,point_selection_balanced,True,INLP::rank=2,INLP,0.0,True,True,False,False,False,True
learning_curve|GaitPDB|seed=10|fraction=0.05|gamma=1|tau=0.05|lambda=0.7,learning_curve,GaitPDB,10,0.05,4,1.0,0.05,0.7,vera_balanced_iut,False,,,0.0,True,NA,False,False,False,True
learning_curve|GaitPDB|seed=10|fraction=0.05|gamma=1|tau=0.05|lambda=0.7,learning_curve,GaitPDB,10,0.05,4,1.0,0.05,0.7,vera_balanced_envelope,False,,,0.0,True,NA,False,False,False,True
learning_curve|GaitPDB|seed=10|fraction=0.05|gamma=1|tau=0.05|lambda=0.7,learning_curve,GaitPDB,10,0.05,4,1.0,0.05,0.7,external_balanced_oracle,True,INLP::rank=2,INLP,0.0,True,True,False,False,False,True
learning_curve|GaitPDB|seed=10|fraction=0.05|gamma=1|tau=0.05|lambda=0.8,learning_curve,GaitPDB,10,0.05,4,1.0,0.05,0.8,always_deploy_balanced,True,INLP::rank=2,INLP,0.0,True,True,False,False,False,True
learning_curve|GaitPDB|seed=10|fraction=0.05|gamma=1|tau=0.05|lambda=0.8,learning_curve,GaitPDB,10,0.05,4,1.0,0.05,0.8,point_selection_balanced,True,INLP::rank=2,INLP,0.0,True,True,False,False,False,True
learning_curve|GaitPDB|seed=10|fraction=0.05|gamma=1|tau=0.05|lambda=0.8,learning_curve,GaitPDB,10,0.05,4,1.0,0.05,0.8,vera_balanced_iut,False,,,0.0,True,NA,False,False,False,True
learning_curve|GaitPDB|seed=10|fraction=0.05|gamma=1|tau=0.05|lambda=0.8,learning_curve,GaitPDB,10,0.05,4,1.0,0.05,0.8,vera_balanced_envelope,False,,,0.0,True,NA,False,False,False,True
learning_curve|GaitPDB|seed=10|fraction=0.05|gamma=1|tau=0.05|lambda=0.8,learning_curve,GaitPDB,10,0.05,4,1.0,0.05,0.8,external_balanced_oracle,True,INLP::rank=2,INLP,0.0,True,True,False,False,False,True
learning_curve|GaitPDB|seed=10|fraction=0.05|gamma=1|tau=0.1|lambda=0.6,learning_curve,GaitPDB,10,0.05,4,1.0,0.1,0.6,always_deploy_balanced,True,INLP::rank=2,INLP,0.0,True,True,False,False,False,True
learning_curve|GaitPDB|seed=10|fraction=0.05|gamma=1|tau=0.1|lambda=0.6,learning_curve,GaitPDB,10,0.05,4,1.0,0.1,0.6,point_selection_balanced,True,INLP::rank=2,INLP,0.0,True,True,False,False,False,True
learning_curve|GaitPDB|seed=10|fraction=0.05|gamma=1|tau=0.1|lambda=0.6,learning_curve,GaitPDB,10,0.05,4,1.0,0.1,0.6,vera_balanced_iut,False,,,0.0,True,NA,False,False,False,True
learning_curve|GaitPDB|seed=10|fraction=0.05|gamma=1|tau=0.1|lambda=0.6,learning_curve,GaitPDB,10,0.05,4,1.0,0.1,0.6,vera_balanced_envelope,False,,,0.0,True,NA,False,False,False,True
learning_curve|GaitPDB|seed=10|fraction=0.05|gamma=1|tau=0.1|lambda=0.6,learning_curve,GaitPDB,10,0.05,4,1.0,0.1,0.6,external_balanced_oracle,True,INLP::rank=2,INLP,0.0,True,True,False,False,False,True
learning_curve|GaitPDB|seed=10|fraction=0.05|gamma=1|tau=0.1|lambda=0.7,learning_curve,GaitPDB,10,0.05,4,1.0,0.1,0.7,always_deploy_balanced,True,INLP::rank=2,INLP,0.0,True,True,False,False,False,True
learning_curve|GaitPDB|seed=10|fraction=0.05|gamma=1|tau=0.1|lambda=0.7,learning_curve,GaitPDB,10,0.05,4,1.0,0.1,0.7,point_selection_balanced,True,INLP::rank=2,INLP,0.0,True,True,False,False,False,True
learning_curve|GaitPDB|seed=10|fraction=0.05|gamma=1|tau=0.1|lambda=0.7,learning_curve,GaitPDB,10,0.05,4,1.0,0.1,0.7,vera_balanced_iut,False,,,0.0,True,NA,False,False,False,True
learning_curve|GaitPDB|seed=10|fraction=0.05|gamma=1|tau=0.1|lambda=0.7,learning_curve,GaitPDB,10,0.05,4,1.0,0.1,0.7,vera_balanced_envelope,False,,,0.0,True,NA,False,False,False,True
learning_curve|GaitPDB|seed=10|fraction=0.05|gamma=1|tau=0.1|lambda=0.7,learning_curve,GaitPDB,10,0.05,4,1.0,0.1,0.7,external_balanced_oracle,True,INLP::rank=2,INLP,0.0,True,True,False,False,False,True
learning_curve|GaitPDB|seed=10|fraction=0.05|gamma=1|tau=0.1|lambda=0.8,learning_curve,GaitPDB,10,0.05,4,1.0,0.1,0.8,always_deploy_balanced,True,INLP::rank=2,INLP,0.0,True,True,False,False,False,True
learning_curve|GaitPDB|seed=10|fraction=0.05|gamma=1|tau=0.1|lambda=0.8,learning_curve,GaitPDB,10,0.05,4,1.0,0.1,0.8,point_selection_balanced,True,INLP::rank=2,INLP,0.0,True,True,False,False,False,True
learning_curve|GaitPDB|seed=10|fraction=0.05|gamma=1|tau=0.1|lambda=0.8,learning_curve,GaitPDB,10,0.05,4,1.0,0.1,0.8,vera_balanced_iut,False,,,0.0,True,NA,False,False,False,True
learning_curve|GaitPDB|seed=10|fraction=0.05|gamma=1|tau=0.1|lambda=0.8,learning_curve,GaitPDB,10,0.05,4,1.0,0.1,0.8,vera_balanced_envelope,False,,,0.0,True,NA,False,False,False,True
learning_curve|GaitPDB|seed=10|fraction=0.05|gamma=1|tau=0.1|lambda=0.8,learning_curve,GaitPDB,10,0.05,4,1.0,0.1,0.8,external_balanced_oracle,True,INLP::rank=2,INLP,0.0,True,True,False,False,False,True
learning_curve|GaitPDB|seed=10|fraction=0.05|gamma=1|tau=0.2|lambda=0.6,learning_curve,GaitPDB,10,0.05,4,1.0,0.2,0.6,always_deploy_balanced,True,INLP::rank=2,INLP,0.0,True,True,False,False,False,True
learning_curve|GaitPDB|seed=10|fraction=0.05|gamma=1|tau=0.2|lambda=0.6,learning_curve,GaitPDB,10,0.05,4,1.0,0.2,0.6,point_selection_balanced,True,INLP::rank=2,INLP,0.0,True,True,False,False,False,True
learning_curve|GaitPDB|seed=10|fraction=0.05|gamma=1|tau=0.2|lambda=0.6,learning_curve,GaitPDB,10,0.05,4,1.0,0.2,0.6,vera_balanced_iut,False,,,0.0,True,NA,False,False,False,True
learning_curve|GaitPDB|seed=10|fraction=0.05|gamma=1|tau=0.2|lambda=0.6,learning_curve,GaitPDB,10,0.05,4,1.0,0.2,0.6,vera_balanced_envelope,False,,,0.0,True,NA,False,False,False,True
learning_curve|GaitPDB|seed=10|fraction=0.05|gamma=1|tau=0.2|lambda=0.6,learning_curve,GaitPDB,10,0.05,4,1.0,0.2,0.6,external_balanced_oracle,True,INLP::rank=2,INLP,0.0,True,True,False,False,False,True
learning_curve|GaitPDB|seed=10|fraction=0.05|gamma=1|tau=0.2|lambda=0.7,learning_curve,GaitPDB,10,0.05,4,1.0,0.2,0.7,always_deploy_balanced,True,INLP::rank=2,INLP,0.0,True,True,False,False,False,True
learning_curve|GaitPDB|seed=10|fraction=0.05|gamma=1|tau=0.2|lambda=0.7,learning_curve,GaitPDB,10,0.05,4,1.0,0.2,0.7,point_selection_balanced,True,INLP::rank=2,INLP,0.0,True,True,False,False,False,True
learning_curve|GaitPDB|seed=10|fraction=0.05|gamma=1|tau=0.2|lambda=0.7,learning_curve,GaitPDB,10,0.05,4,1.0,0.2,0.7,vera_balanced_iut,False,,,0.0,True,NA,False,False,False,True
learning_curve|GaitPDB|seed=10|fraction=0.05|gamma=1|tau=0.2|lambda=0.7,learning_curve,GaitPDB,10,0.05,4,1.0,0.2,0.7,vera_balanced_envelope,False,,,0.0,True,NA,False,False,False,True
learning_curve|GaitPDB|seed=10|fraction=0.05|gamma=1|tau=0.2|lambda=0.7,learning_curve,GaitPDB,10,0.05,4,1.0,0.2,0.7,external_balanced_oracle,True,INLP::rank=2,INLP,0.0,True,True,False,False,False,True
learning_curve|GaitPDB|seed=10|fraction=0.05|gamma=1|tau=0.2|lambda=0.8,learning_curve,GaitPDB,10,0.05,4,1.0,0.2,0.8,always_deploy_balanced,True,INLP::rank=2,INLP,0.0,True,True,False,False,False,True
learning_curve|GaitPDB|seed=10|fraction=0.05|gamma=1|tau=0.2|lambda=0.8,learning_curve,GaitPDB,10,0.05,4,1.0,0.2,0.8,point_selection_balanced,True,INLP::rank=2,INLP,0.0,True,True,False,False,False,True
learning_curve|GaitPDB|seed=10|fraction=0.05|gamma=1|tau=0.2|lambda=0.8,learning_curve,GaitPDB,10,0.05,4,1.0,0.2,0.8,vera_balanced_iut,False,,,0.0,True,NA,False,False,False,True
learning_curve|GaitPDB|seed=10|fraction=0.05|gamma=1|tau=0.2|lambda=0.8,learning_curve,GaitPDB,10,0.05,4,1.0,0.2,0.8,vera_balanced_envelope,False,,,0.0,True,NA,False,False,False,True
learning_curve|GaitPDB|seed=10|fraction=0.05|gamma=1|tau=0.2|lambda=0.8,learning_curve,GaitPDB,10,0.05,4,1.0,0.2,0.8,external_balanced_oracle,True,INLP::rank=2,INLP,0.0,True,True,False,False,False,True
learning_curve|GaitPDB|seed=10|fraction=0.1|gamma=1|tau=0.05|lambda=0.6,learning_curve,GaitPDB,10,0.1,5,1.0,0.05,0.6,always_deploy_balanced,True,INLP::rank=2,INLP,0.0,True,True,False,False,False,True
learning_curve|GaitPDB|seed=10|fraction=0.1|gamma=1|tau=0.05|lambda=0.6,learning_curve,GaitPDB,10,0.1,5,1.0,0.05,0.6,point_selection_balanced,True,INLP::rank=2,INLP,0.0,True,True,False,False,False,True
learning_curve|GaitPDB|seed=10|fraction=0.1|gamma=1|tau=0.05|lambda=0.6,learning_curve,GaitPDB,10,0.1,5,1.0,0.05,0.6,vera_balanced_iut,False,,,0.0,True,NA,False,False,False,True
learning_curve|GaitPDB|seed=10|fraction=0.1|gamma=1|tau=0.05|lambda=0.6,learning_curve,GaitPDB,10,0.1,5,1.0,0.05,0.6,vera_balanced_envelope,False,,,0.0,True,NA,False,False,False,True
learning_curve|GaitPDB|seed=10|fraction=0.1|gamma=1|tau=0.05|lambda=0.6,learning_curve,GaitPDB,10,0.1,5,1.0,0.05,0.6,external_balanced_oracle,True,INLP::rank=2,INLP,0.0,True,True,False,False,False,True
learning_curve|GaitPDB|seed=10|fraction=0.1|gamma=1|tau=0.05|lambda=0.7,learning_curve,GaitPDB,10,0.1,5,1.0,0.05,0.7,always_deploy_balanced,True,INLP::rank=2,INLP,0.0,True,True,False,False,False,True
learning_curve|GaitPDB|seed=10|fraction=0.1|gamma=1|tau=0.05|lambda=0.7,learning_curve,GaitPDB,10,0.1,5,1.0,0.05,0.7,point_selection_balanced,True,INLP::rank=2,INLP,0.0,True,True,False,False,False,True
learning_curve|GaitPDB|seed=10|fraction=0.1|gamma=1|tau=0.05|lambda=0.7,learning_curve,GaitPDB,10,0.1,5,1.0,0.05,0.7,vera_balanced_iut,False,,,0.0,True,NA,False,False,False,True
learning_curve|GaitPDB|seed=10|fraction=0.1|gamma=1|tau=0.05|lambda=0.7,learning_curve,GaitPDB,10,0.1,5,1.0,0.05,0.7,vera_balanced_envelope,False,,,0.0,True,NA,False,False,False,True
learning_curve|GaitPDB|seed=10|fraction=0.1|gamma=1|tau=0.05|lambda=0.7,learning_curve,GaitPDB,10,0.1,5,1.0,0.05,0.7,external_balanced_oracle,True,INLP::rank=2,INLP,0.0,True,True,False,False,False,True
learning_curve|GaitPDB|seed=10|fraction=0.1|gamma=1|tau=0.05|lambda=0.8,learning_curve,GaitPDB,10,0.1,5,1.0,0.05,0.8,always_deploy_balanced,True,INLP::rank=2,INLP,0.0,True,True,False,False,False,True
learning_curve|GaitPDB|seed=10|fraction=0.1|gamma=1|tau=0.05|lambda=0.8,learning_curve,GaitPDB,10,0.1,5,1.0,0.05,0.8,point_selection_balanced,True,INLP::rank=2,INLP,0.0,True,True,False,False,False,True
learning_curve|GaitPDB|seed=10|fraction=0.1|gamma=1|tau=0.05|lambda=0.8,learning_curve,GaitPDB,10,0.1,5,1.0,0.05,0.8,vera_balanced_iut,False,,,0.0,True,NA,False,False,False,True
learning_curve|GaitPDB|seed=10|fraction=0.1|gamma=1|tau=0.05|lambda=0.8,learning_curve,GaitPDB,10,0.1,5,1.0,0.05,0.8,vera_balanced_envelope,False,,,0.0,True,NA,False,False,False,True
learning_curve|GaitPDB|seed=10|fraction=0.1|gamma=1|tau=0.05|lambda=0.8,learning_curve,GaitPDB,10,0.1,5,1.0,0.05,0.8,external_balanced_oracle,True,INLP::rank=2,INLP,0.0,True,True,False,False,False,True
learning_curve|GaitPDB|seed=10|fraction=0.1|gamma=1|tau=0.1|lambda=0.6,learning_curve,GaitPDB,10,0.1,5,1.0,0.1,0.6,always_deploy_balanced,True,INLP::rank=2,INLP,0.0,True,True,False,False,False,True
learning_curve|GaitPDB|seed=10|fraction=0.1|gamma=1|tau=0.1|lambda=0.6,learning_curve,GaitPDB,10,0.1,5,1.0,0.1,0.6,point_selection_balanced,True,INLP::rank=2,INLP,0.0,True,True,False,False,False,True
learning_curve|GaitPDB|seed=10|fraction=0.1|gamma=1|tau=0.1|lambda=0.6,learning_curve,GaitPDB,10,0.1,5,1.0,0.1,0.6,vera_balanced_iut,False,,,0.0,True,NA,False,False,False,True
learning_curve|GaitPDB|seed=10|fraction=0.1|gamma=1|tau=0.1|lambda=0.6,learning_curve,GaitPDB,10,0.1,5,1.0,0.1,0.6,vera_balanced_envelope,False,,,0.0,True,NA,False,False,False,True
learning_curve|GaitPDB|seed=10|fraction=0.1|gamma=1|tau=0.1|lambda=0.6,learning_curve,GaitPDB,10,0.1,5,1.0,0.1,0.6,external_balanced_oracle,True,INLP::rank=2,INLP,0.0,True,True,False,False,False,True
learning_curve|GaitPDB|seed=10|fraction=0.1|gamma=1|tau=0.1|lambda=0.7,learning_curve,GaitPDB,10,0.1,5,1.0,0.1,0.7,always_deploy_balanced,True,INLP::rank=2,INLP,0.0,True,True,False,False,False,True
learning_curve|GaitPDB|seed=10|fraction=0.1|gamma=1|tau=0.1|lambda=0.7,learning_curve,GaitPDB,10,0.1,5,1.0,0.1,0.7,point_selection_balanced,True,INLP::rank=2,INLP,0.0,True,True,False,False,False,True
learning_curve|GaitPDB|seed=10|fraction=0.1|gamma=1|tau=0.1|lambda=0.7,learning_curve,GaitPDB,10,0.1,5,1.0,0.1,0.7,vera_balanced_iut,False,,,0.0,True,NA,False,False,False,True
learning_curve|GaitPDB|seed=10|fraction=0.1|gamma=1|tau=0.1|lambda=0.7,learning_curve,GaitPDB,10,0.1,5,1.0,0.1,0.7,vera_balanced_envelope,False,,,0.0,True,NA,False,False,False,True
learning_curve|GaitPDB|seed=10|fraction=0.1|gamma=1|tau=0.1|lambda=0.7,learning_curve,GaitPDB,10,0.1,5,1.0,0.1,0.7,external_balanced_oracle,True,INLP::rank=2,INLP,0.0,True,True,False,False,False,True
learning_curve|GaitPDB|seed=10|fraction=0.1|gamma=1|tau=0.1|lambda=0.8,learning_curve,GaitPDB,10,0.1,5,1.0,0.1,0.8,always_deploy_balanced,True,INLP::rank=2,INLP,0.0,True,True,False,False,False,True
learning_curve|GaitPDB|seed=10|fraction=0.1|gamma=1|tau=0.1|lambda=0.8,learning_curve,GaitPDB,10,0.1,5,1.0,0.1,0.8,point_selection_balanced,True,INLP::rank=2,INLP,0.0,True,True,False,False,False,True
learning_curve|GaitPDB|seed=10|fraction=0.1|gamma=1|tau=0.1|lambda=0.8,learning_curve,GaitPDB,10,0.1,5,1.0,0.1,0.8,vera_balanced_iut,False,,,0.0,True,NA,False,False,False,True
learning_curve|GaitPDB|seed=10|fraction=0.1|gamma=1|tau=0.1|lambda=0.8,learning_curve,GaitPDB,10,0.1,5,1.0,0.1,0.8,vera_balanced_envelope,False,,,0.0,True,NA,False,False,False,True
learning_curve|GaitPDB|seed=10|fraction=0.1|gamma=1|tau=0.1|lambda=0.8,learning_curve,GaitPDB,10,0.1,5,1.0,0.1,0.8,external_balanced_oracle,True,INLP::rank=2,INLP,0.0,True,True,False,False,False,True
learning_curve|GaitPDB|seed=10|fraction=0.1|gamma=1|tau=0.2|lambda=0.6,learning_curve,GaitPDB,10,0.1,5,1.0,0.2,0.6,always_deploy_balanced,True,INLP::rank=2,INLP,0.0,True,True,False,False,False,True
learning_curve|GaitPDB|seed=10|fraction=0.1|gamma=1|tau=0.2|lambda=0.6,learning_curve,GaitPDB,10,0.1,5,1.0,0.2,0.6,point_selection_balanced,True,INLP::rank=2,INLP,0.0,True,True,False,False,False,True
learning_curve|GaitPDB|seed=10|fraction=0.1|gamma=1|tau=0.2|lambda=0.6,learning_curve,GaitPDB,10,0.1,5,1.0,0.2,0.6,vera_balanced_iut,False,,,0.0,True,NA,False,False,False,True
learning_curve|GaitPDB|seed=10|fraction=0.1|gamma=1|tau=0.2|lambda=0.6,learning_curve,GaitPDB,10,0.1,5,1.0,0.2,0.6,vera_balanced_envelope,False,,,0.0,True,NA,False,False,False,True
learning_curve|GaitPDB|seed=10|fraction=0.1|gamma=1|tau=0.2|lambda=0.6,learning_curve,GaitPDB,10,0.1,5,1.0,0.2,0.6,external_balanced_oracle,True,INLP::rank=2,INLP,0.0,True,True,False,False,False,True
learning_curve|GaitPDB|seed=10|fraction=0.1|gamma=1|tau=0.2|lambda=0.7,learning_curve,GaitPDB,10,0.1,5,1.0,0.2,0.7,always_deploy_balanced,True,INLP::rank=2,INLP,0.0,True,True,False,False,False,True
learning_curve|GaitPDB|seed=10|fraction=0.1|gamma=1|tau=0.2|lambda=0.7,learning_curve,GaitPDB,10,0.1,5,1.0,0.2,0.7,point_selection_balanced,True,INLP::rank=2,INLP,0.0,True,True,False,False,False,True
learning_curve|GaitPDB|seed=10|fraction=0.1|gamma=1|tau=0.2|lambda=0.7,learning_curve,GaitPDB,10,0.1,5,1.0,0.2,0.7,vera_balanced_iut,False,,,0.0,True,NA,False,False,False,True
learning_curve|GaitPDB|seed=10|fraction=0.1|gamma=1|tau=0.2|lambda=0.7,learning_curve,GaitPDB,10,0.1,5,1.0,0.2,0.7,vera_balanced_envelope,False,,,0.0,True,NA,False,False,False,True
learning_curve|GaitPDB|seed=10|fraction=0.1|gamma=1|tau=0.2|lambda=0.7,learning_curve,GaitPDB,10,0.1,5,1.0,0.2,0.7,external_balanced_oracle,True,INLP::rank=2,INLP,0.0,True,True,False,False,False,True
learning_curve|GaitPDB|seed=10|fraction=0.1|gamma=1|tau=0.2|lambda=0.8,learning_curve,GaitPDB,10,0.1,5,1.0,0.2,0.8,always_deploy_balanced,True,INLP::rank=2,INLP,0.0,True,True,False,False,False,True
learning_curve|GaitPDB|seed=10|fraction=0.1|gamma=1|tau=0.2|lambda=0.8,learning_curve,GaitPDB,10,0.1,5,1.0,0.2,0.8,point_selection_balanced,True,INLP::rank=2,INLP,0.0,True,True,False,False,False,True
learning_curve|GaitPDB|seed=10|fraction=0.1|gamma=1|tau=0.2|lambda=0.8,learning_curve,GaitPDB,10,0.1,5,1.0,0.2,0.8,vera_balanced_iut,False,,,0.0,True,NA,False,False,False,True
learning_curve|GaitPDB|seed=10|fraction=0.1|gamma=1|tau=0.2|lambda=0.8,learning_curve,GaitPDB,10,0.1,5,1.0,0.2,0.8,vera_balanced_envelope,False,,,0.0,True,NA,False,False,False,True
learning_curve|GaitPDB|seed=10|fraction=0.1|gamma=1|tau=0.2|lambda=0.8,learning_curve,GaitPDB,10,0.1,5,1.0,0.2,0.8,external_balanced_oracle,True,INLP::rank=2,INLP,0.0,True,True,False,False,False,True
learning_curve|GaitPDB|seed=10|fraction=0.25|gamma=1|tau=0.05|lambda=0.6,learning_curve,GaitPDB,10,0.25,14,1.0,0.05,0.6,always_deploy_balanced,True,"MANCE++::epsilon=0.05,steps=3",MANCE++,0.0,True,True,False,False,False,True
learning_curve|GaitPDB|seed=10|fraction=0.25|gamma=1|tau=0.05|lambda=0.6,learning_curve,GaitPDB,10,0.25,14,1.0,0.05,0.6,point_selection_balanced,True,"MANCE++::epsilon=0.05,steps=3",MANCE++,0.0,True,True,False,False,False,True
learning_curve|GaitPDB|seed=10|fraction=0.25|gamma=1|tau=0.05|lambda=0.6,learning_curve,GaitPDB,10,0.25,14,1.0,0.05,0.6,vera_balanced_iut,False,,,0.0,True,NA,False,False,False,True
learning_curve|GaitPDB|seed=10|fraction=0.25|gamma=1|tau=0.05|lambda=0.6,learning_curve,GaitPDB,10,0.25,14,1.0,0.05,0.6,vera_balanced_envelope,False,,,0.0,True,NA,False,False,False,True
learning_curve|GaitPDB|seed=10|fraction=0.25|gamma=1|tau=0.05|lambda=0.6,learning_curve,GaitPDB,10,0.25,14,1.0,0.05,0.6,external_balanced_oracle,True,"MANCE++::epsilon=0.05,steps=3",MANCE++,0.0,True,True,False,False,False,True
learning_curve|GaitPDB|seed=10|fraction=0.25|gamma=1|tau=0.05|lambda=0.7,learning_curve,GaitPDB,10,0.25,14,1.0,0.05,0.7,always_deploy_balanced,True,"MANCE++::epsilon=0.05,steps=3",MANCE++,0.0,True,True,False,False,False,True
learning_curve|GaitPDB|seed=10|fraction=0.25|gamma=1|tau=0.05|lambda=0.7,learning_curve,GaitPDB,10,0.25,14,1.0,0.05,0.7,point_selection_balanced,True,"MANCE++::epsilon=0.05,steps=3",MANCE++,0.0,True,True,False,False,False,True
learning_curve|GaitPDB|seed=10|fraction=0.25|gamma=1|tau=0.05|lambda=0.7,learning_curve,GaitPDB,10,0.25,14,1.0,0.05,0.7,vera_balanced_iut,False,,,0.0,True,NA,False,False,False,True
learning_curve|GaitPDB|seed=10|fraction=0.25|gamma=1|tau=0.05|lambda=0.7,learning_curve,GaitPDB,10,0.25,14,1.0,0.05,0.7,vera_balanced_envelope,False,,,0.0,True,NA,False,False,False,True
learning_curve|GaitPDB|seed=10|fraction=0.25|gamma=1|tau=0.05|lambda=0.7,learning_curve,GaitPDB,10,0.25,14,1.0,0.05,0.7,external_balanced_oracle,True,"MANCE++::epsilon=0.05,steps=3",MANCE++,0.0,True,True,False,False,False,True
learning_curve|GaitPDB|seed=10|fraction=0.25|gamma=1|tau=0.05|lambda=0.8,learning_curve,GaitPDB,10,0.25,14,1.0,0.05,0.8,always_deploy_balanced,True,"MANCE++::epsilon=0.05,steps=3",MANCE++,0.0,True,True,False,False,False,True
learning_curve|GaitPDB|seed=10|fraction=0.25|gamma=1|tau=0.05|lambda=0.8,learning_curve,GaitPDB,10,0.25,14,1.0,0.05,0.8,point_selection_balanced,True,"MANCE++::epsilon=0.05,steps=3",MANCE++,0.0,True,True,False,False,False,True
learning_curve|GaitPDB|seed=10|fraction=0.25|gamma=1|tau=0.05|lambda=0.8,learning_curve,GaitPDB,10,0.25,14,1.0,0.05,0.8,vera_balanced_iut,False,,,0.0,True,NA,False,False,False,True
learning_curve|GaitPDB|seed=10|fraction=0.25|gamma=1|tau=0.05|lambda=0.8,learning_curve,GaitPDB,10,0.25,14,1.0,0.05,0.8,vera_balanced_envelope,False,,,0.0,True,NA,False,False,False,True
learning_curve|GaitPDB|seed=10|fraction=0.25|gamma=1|tau=0.05|lambda=0.8,learning_curve,GaitPDB,10,0.25,14,1.0,0.05,0.8,external_balanced_oracle,True,"MANCE++::epsilon=0.05,steps=3",MANCE++,0.0,True,True,False,False,False,True
learning_curve|GaitPDB|seed=10|fraction=0.25|gamma=1|tau=0.1|lambda=0.6,learning_curve,GaitPDB,10,0.25,14,1.0,0.1,0.6,always_deploy_balanced,True,"MANCE++::epsilon=0.05,steps=3",MANCE++,0.0,True,True,False,False,False,True
learning_curve|GaitPDB|seed=10|fraction=0.25|gamma=1|tau=0.1|lambda=0.6,learning_curve,GaitPDB,10,0.25,14,1.0,0.1,0.6,point_selection_balanced,True,"MANCE++::epsilon=0.05,steps=3",MANCE++,0.0,True,True,False,False,False,True
learning_curve|GaitPDB|seed=10|fraction=0.25|gamma=1|tau=0.1|lambda=0.6,learning_curve,GaitPDB,10,0.25,14,1.0,0.1,0.6,vera_balanced_iut,False,,,0.0,True,NA,False,False,False,True
learning_curve|GaitPDB|seed=10|fraction=0.25|gamma=1|tau=0.1|lambda=0.6,learning_curve,GaitPDB,10,0.25,14,1.0,0.1,0.6,vera_balanced_envelope,False,,,0.0,True,NA,False,False,False,True
learning_curve|GaitPDB|seed=10|fraction=0.25|gamma=1|tau=0.1|lambda=0.6,learning_curve,GaitPDB,10,0.25,14,1.0,0.1,0.6,external_balanced_oracle,True,"MANCE++::epsilon=0.05,steps=3",MANCE++,0.0,True,True,False,False,False,True
learning_curve|GaitPDB|seed=10|fraction=0.25|gamma=1|tau=0.1|lambda=0.7,learning_curve,GaitPDB,10,0.25,14,1.0,0.1,0.7,always_deploy_balanced,True,"MANCE++::epsilon=0.05,steps=3",MANCE++,0.0,True,True,False,False,False,True
learning_curve|GaitPDB|seed=10|fraction=0.25|gamma=1|tau=0.1|lambda=0.7,learning_curve,GaitPDB,10,0.25,14,1.0,0.1,0.7,point_selection_balanced,True,"MANCE++::epsilon=0.05,steps=3",MANCE++,0.0,True,True,False,False,False,True
learning_curve|GaitPDB|seed=10|fraction=0.25|gamma=1|tau=0.1|lambda=0.7,learning_curve,GaitPDB,10,0.25,14,1.0,0.1,0.7,vera_balanced_iut,False,,,0.0,True,NA,False,False,False,True
learning_curve|GaitPDB|seed=10|fraction=0.25|gamma=1|tau=0.1|lambda=0.7,learning_curve,GaitPDB,10,0.25,14,1.0,0.1,0.7,vera_balanced_envelope,False,,,0.0,True,NA,False,False,False,True
learning_curve|GaitPDB|seed=10|fraction=0.25|gamma=1|tau=0.1|lambda=0.7,learning_curve,GaitPDB,10,0.25,14,1.0,0.1,0.7,external_balanced_oracle,True,"MANCE++::epsilon=0.05,steps=3",MANCE++,0.0,True,True,False,False,False,True
learning_curve|GaitPDB|seed=10|fraction=0.25|gamma=1|tau=0.1|lambda=0.8,learning_curve,GaitPDB,10,0.25,14,1.0,0.1,0.8,always_deploy_balanced,True,"MANCE++::epsilon=0.05,steps=3",MANCE++,0.0,True,True,False,False,False,True
learning_curve|GaitPDB|seed=10|fraction=0.25|gamma=1|tau=0.1|lambda=0.8,learning_curve,GaitPDB,10,0.25,14,1.0,0.1,0.8,point_selection_balanced,True,"MANCE++::epsilon=0.05,steps=3",MANCE++,0.0,True,True,False,False,False,True
learning_curve|GaitPDB|seed=10|fraction=0.25|gamma=1|tau=0.1|lambda=0.8,learning_curve,GaitPDB,10,0.25,14,1.0,0.1,0.8,vera_balanced_iut,False,,,0.0,True,NA,False,False,False,True
learning_curve|GaitPDB|seed=10|fraction=0.25|gamma=1|tau=0.1|lambda=0.8,learning_curve,GaitPDB,10,0.25,14,1.0,0.1,0.8,vera_balanced_envelope,False,,,0.0,True,NA,False,False,False,True
learning_curve|GaitPDB|seed=10|fraction=0.25|gamma=1|tau=0.1|lambda=0.8,learning_curve,GaitPDB,10,0.25,14,1.0,0.1,0.8,external_balanced_oracle,True,"MANCE++::epsilon=0.05,steps=3",MANCE++,0.0,True,True,False,False,False,True
learning_curve|GaitPDB|seed=10|fraction=0.25|gamma=1|tau=0.2|lambda=0.6,learning_curve,GaitPDB,10,0.25,14,1.0,0.2,0.6,always_deploy_balanced,True,"MANCE++::epsilon=0.05,steps=3",MANCE++,0.0,True,True,False,False,False,True
learning_curve|GaitPDB|seed=10|fraction=0.25|gamma=1|tau=0.2|lambda=0.6,learning_curve,GaitPDB,10,0.25,14,1.0,0.2,0.6,point_selection_balanced,True,"MANCE++::epsilon=0.05,steps=3",MANCE++,0.0,True,True,False,False,False,True
learning_curve|GaitPDB|seed=10|fraction=0.25|gamma=1|tau=0.2|lambda=0.6,learning_curve,GaitPDB,10,0.25,14,1.0,0.2,0.6,vera_balanced_iut,False,,,0.0,True,NA,False,False,False,True
learning_curve|GaitPDB|seed=10|fraction=0.25|gamma=1|tau=0.2|lambda=0.6,learning_curve,GaitPDB,10,0.25,14,1.0,0.2,0.6,vera_balanced_envelope,False,,,0.0,True,NA,False,False,False,True
learning_curve|GaitPDB|seed=10|fraction=0.25|gamma=1|tau=0.2|lambda=0.6,learning_curve,GaitPDB,10,0.25,14,1.0,0.2,0.6,external_balanced_oracle,True,"MANCE++::epsilon=0.05,steps=3",MANCE++,0.0,True,True,False,False,False,True
learning_curve|GaitPDB|seed=10|fraction=0.25|gamma=1|tau=0.2|lambda=0.7,learning_curve,GaitPDB,10,0.25,14,1.0,0.2,0.7,always_deploy_balanced,True,"MANCE++::epsilon=0.05,steps=3",MANCE++,0.0,True,True,False,False,False,True
learning_curve|GaitPDB|seed=10|fraction=0.25|gamma=1|tau=0.2|lambda=0.7,learning_curve,GaitPDB,10,0.25,14,1.0,0.2,0.7,point_selection_balanced,True,"MANCE++::epsilon=0.05,steps=3",MANCE++,0.0,True,True,False,False,False,True
learning_curve|GaitPDB|seed=10|fraction=0.25|gamma=1|tau=0.2|lambda=0.7,learning_curve,GaitPDB,10,0.25,14,1.0,0.2,0.7,vera_balanced_iut,False,,,0.0,True,NA,False,False,False,True
learning_curve|GaitPDB|seed=10|fraction=0.25|gamma=1|tau=0.2|lambda=0.7,learning_curve,GaitPDB,10,0.25,14,1.0,0.2,0.7,vera_balanced_envelope,False,,,0.0,True,NA,False,False,False,True
learning_curve|GaitPDB|seed=10|fraction=0.25|gamma=1|tau=0.2|lambda=0.7,learning_curve,GaitPDB,10,0.25,14,1.0,0.2,0.7,external_balanced_oracle,True,"MANCE++::epsilon=0.05,steps=3",MANCE++,0.0,True,True,False,False,False,True
learning_curve|GaitPDB|seed=10|fraction=0.25|gamma=1|tau=0.2|lambda=0.8,learning_curve,GaitPDB,10,0.25,14,1.0,0.2,0.8,always_deploy_balanced,True,"MANCE++::epsilon=0.05,steps=3",MANCE++,0.0,True,True,False,False,False,True
learning_curve|GaitPDB|seed=10|fraction=0.25|gamma=1|tau=0.2|lambda=0.8,learning_curve,GaitPDB,10,0.25,14,1.0,0.2,0.8,point_selection_balanced,True,"MANCE++::epsilon=0.05,steps=3",MANCE++,0.0,True,True,False,False,False,True
learning_curve|GaitPDB|seed=10|fraction=0.25|gamma=1|tau=0.2|lambda=0.8,learning_curve,GaitPDB,10,0.25,14,1.0,0.2,0.8,vera_balanced_iut,False,,,0.0,True,NA,False,False,False,True
learning_curve|GaitPDB|seed=10|fraction=0.25|gamma=1|tau=0.2|lambda=0.8,learning_curve,GaitPDB,10,0.25,14,1.0,0.2,0.8,vera_balanced_envelope,False,,,0.0,True,NA,False,False,False,True
learning_curve|GaitPDB|seed=10|fraction=0.25|gamma=1|tau=0.2|lambda=0.8,learning_curve,GaitPDB,10,0.25,14,1.0,0.2,0.8,external_balanced_oracle,True,"MANCE++::epsilon=0.05,steps=3",MANCE++,0.0,True,True,False,False,False,True
learning_curve|GaitPDB|seed=10|fraction=0.5|gamma=1|tau=0.05|lambda=0.6,learning_curve,GaitPDB,10,0.5,30,1.0,0.05,0.6,always_deploy_balanced,True,"MANCE++::epsilon=0.05,steps=3",MANCE++,0.0,True,True,False,False,False,True
learning_curve|GaitPDB|seed=10|fraction=0.5|gamma=1|tau=0.05|lambda=0.6,learning_curve,GaitPDB,10,0.5,30,1.0,0.05,0.6,point_selection_balanced,True,"MANCE++::epsilon=0.05,steps=3",MANCE++,0.0,True,True,False,False,False,True
learning_curve|GaitPDB|seed=10|fraction=0.5|gamma=1|tau=0.05|lambda=0.6,learning_curve,GaitPDB,10,0.5,30,1.0,0.05,0.6,vera_balanced_iut,False,,,0.0,True,NA,False,False,False,True
learning_curve|GaitPDB|seed=10|fraction=0.5|gamma=1|tau=0.05|lambda=0.6,learning_curve,GaitPDB,10,0.5,30,1.0,0.05,0.6,vera_balanced_envelope,False,,,0.0,True,NA,False,False,False,True
learning_curve|GaitPDB|seed=10|fraction=0.5|gamma=1|tau=0.05|lambda=0.6,learning_curve,GaitPDB,10,0.5,30,1.0,0.05,0.6,external_balanced_oracle,True,"MANCE++::epsilon=0.05,steps=3",MANCE++,0.0,True,True,False,False,False,True
learning_curve|GaitPDB|seed=10|fraction=0.5|gamma=1|tau=0.05|lambda=0.7,learning_curve,GaitPDB,10,0.5,30,1.0,0.05,0.7,always_deploy_balanced,True,"MANCE++::epsilon=0.05,steps=3",MANCE++,0.0,True,True,False,False,False,True
learning_curve|GaitPDB|seed=10|fraction=0.5|gamma=1|tau=0.05|lambda=0.7,learning_curve,GaitPDB,10,0.5,30,1.0,0.05,0.7,point_selection_balanced,True,"MANCE++::epsilon=0.05,steps=3",MANCE++,0.0,True,True,False,False,False,True
learning_curve|GaitPDB|seed=10|fraction=0.5|gamma=1|tau=0.05|lambda=0.7,learning_curve,GaitPDB,10,0.5,30,1.0,0.05,0.7,vera_balanced_iut,False,,,0.0,True,NA,False,False,False,True
learning_curve|GaitPDB|seed=10|fraction=0.5|gamma=1|tau=0.05|lambda=0.7,learning_curve,GaitPDB,10,0.5,30,1.0,0.05,0.7,vera_balanced_envelope,False,,,0.0,True,NA,False,False,False,True
learning_curve|GaitPDB|seed=10|fraction=0.5|gamma=1|tau=0.05|lambda=0.7,learning_curve,GaitPDB,10,0.5,30,1.0,0.05,0.7,external_balanced_oracle,True,"MANCE++::epsilon=0.05,steps=3",MANCE++,0.0,True,True,False,False,False,True
learning_curve|GaitPDB|seed=10|fraction=0.5|gamma=1|tau=0.05|lambda=0.8,learning_curve,GaitPDB,10,0.5,30,1.0,0.05,0.8,always_deploy_balanced,True,"MANCE++::epsilon=0.05,steps=3",MANCE++,0.0,True,True,False,False,False,True
learning_curve|GaitPDB|seed=10|fraction=0.5|gamma=1|tau=0.05|lambda=0.8,learning_curve,GaitPDB,10,0.5,30,1.0,0.05,0.8,point_selection_balanced,True,"MANCE++::epsilon=0.05,steps=3",MANCE++,0.0,True,True,False,False,False,True
learning_curve|GaitPDB|seed=10|fraction=0.5|gamma=1|tau=0.05|lambda=0.8,learning_curve,GaitPDB,10,0.5,30,1.0,0.05,0.8,vera_balanced_iut,False,,,0.0,True,NA,False,False,False,True
learning_curve|GaitPDB|seed=10|fraction=0.5|gamma=1|tau=0.05|lambda=0.8,learning_curve,GaitPDB,10,0.5,30,1.0,0.05,0.8,vera_balanced_envelope,False,,,0.0,True,NA,False,False,False,True
learning_curve|GaitPDB|seed=10|fraction=0.5|gamma=1|tau=0.05|lambda=0.8,learning_curve,GaitPDB,10,0.5,30,1.0,0.05,0.8,external_balanced_oracle,True,"MANCE++::epsilon=0.05,steps=3",MANCE++,0.0,True,True,False,False,False,True
learning_curve|GaitPDB|seed=10|fraction=0.5|gamma=1|tau=0.1|lambda=0.6,learning_curve,GaitPDB,10,0.5,30,1.0,0.1,0.6,always_deploy_balanced,True,"MANCE++::epsilon=0.05,steps=3",MANCE++,0.0,True,True,False,False,False,True
learning_curve|GaitPDB|seed=10|fraction=0.5|gamma=1|tau=0.1|lambda=0.6,learning_curve,GaitPDB,10,0.5,30,1.0,0.1,0.6,point_selection_balanced,True,"MANCE++::epsilon=0.05,steps=3",MANCE++,0.0,True,True,False,False,False,True
learning_curve|GaitPDB|seed=10|fraction=0.5|gamma=1|tau=0.1|lambda=0.6,learning_curve,GaitPDB,10,0.5,30,1.0,0.1,0.6,vera_balanced_iut,False,,,0.0,True,NA,False,False,False,True
learning_curve|GaitPDB|seed=10|fraction=0.5|gamma=1|tau=0.1|lambda=0.6,learning_curve,GaitPDB,10,0.5,30,1.0,0.1,0.6,vera_balanced_envelope,False,,,0.0,True,NA,False,False,False,True
learning_curve|GaitPDB|seed=10|fraction=0.5|gamma=1|tau=0.1|lambda=0.6,learning_curve,GaitPDB,10,0.5,30,1.0,0.1,0.6,external_balanced_oracle,True,"MANCE++::epsilon=0.05,steps=3",MANCE++,0.0,True,True,False,False,False,True
learning_curve|GaitPDB|seed=10|fraction=0.5|gamma=1|tau=0.1|lambda=0.7,learning_curve,GaitPDB,10,0.5,30,1.0,0.1,0.7,always_deploy_balanced,True,"MANCE++::epsilon=0.05,steps=3",MANCE++,0.0,True,True,False,False,False,True
learning_curve|GaitPDB|seed=10|fraction=0.5|gamma=1|tau=0.1|lambda=0.7,learning_curve,GaitPDB,10,0.5,30,1.0,0.1,0.7,point_selection_balanced,True,"MANCE++::epsilon=0.05,steps=3",MANCE++,0.0,True,True,False,False,False,True
learning_curve|GaitPDB|seed=10|fraction=0.5|gamma=1|tau=0.1|lambda=0.7,learning_curve,GaitPDB,10,0.5,30,1.0,0.1,0.7,vera_balanced_iut,False,,,0.0,True,NA,False,False,False,True
learning_curve|GaitPDB|seed=10|fraction=0.5|gamma=1|tau=0.1|lambda=0.7,learning_curve,GaitPDB,10,0.5,30,1.0,0.1,0.7,vera_balanced_envelope,False,,,0.0,True,NA,False,False,False,True
learning_curve|GaitPDB|seed=10|fraction=0.5|gamma=1|tau=0.1|lambda=0.7,learning_curve,GaitPDB,10,0.5,30,1.0,0.1,0.7,external_balanced_oracle,True,"MANCE++::epsilon=0.05,steps=3",MANCE++,0.0,True,True,False,False,False,True
learning_curve|GaitPDB|seed=10|fraction=0.5|gamma=1|tau=0.1|lambda=0.8,learning_curve,GaitPDB,10,0.5,30,1.0,0.1,0.8,always_deploy_balanced,True,"MANCE++::epsilon=0.05,steps=3",MANCE++,0.0,True,True,False,False,False,True
learning_curve|GaitPDB|seed=10|fraction=0.5|gamma=1|tau=0.1|lambda=0.8,learning_curve,GaitPDB,10,0.5,30,1.0,0.1,0.8,point_selection_balanced,True,"MANCE++::epsilon=0.05,steps=3",MANCE++,0.0,True,True,False,False,False,True
learning_curve|GaitPDB|seed=10|fraction=0.5|gamma=1|tau=0.1|lambda=0.8,learning_curve,GaitPDB,10,0.5,30,1.0,0.1,0.8,vera_balanced_iut,False,,,0.0,True,NA,False,False,False,True
learning_curve|GaitPDB|seed=10|fraction=0.5|gamma=1|tau=0.1|lambda=0.8,learning_curve,GaitPDB,10,0.5,30,1.0,0.1,0.8,vera_balanced_envelope,False,,,0.0,True,NA,False,False,False,True
learning_curve|GaitPDB|seed=10|fraction=0.5|gamma=1|tau=0.1|lambda=0.8,learning_curve,GaitPDB,10,0.5,30,1.0,0.1,0.8,external_balanced_oracle,True,"MANCE++::epsilon=0.05,steps=3",MANCE++,0.0,True,True,False,False,False,True
learning_curve|GaitPDB|seed=10|fraction=0.5|gamma=1|tau=0.2|lambda=0.6,learning_curve,GaitPDB,10,0.5,30,1.0,0.2,0.6,always_deploy_balanced,True,"MANCE++::epsilon=0.05,steps=3",MANCE++,0.0,True,True,False,False,False,True
learning_curve|GaitPDB|seed=10|fraction=0.5|gamma=1|tau=0.2|lambda=0.6,learning_curve,GaitPDB,10,0.5,30,1.0,0.2,0.6,point_selection_balanced,True,"MANCE++::epsilon=0.05,steps=3",MANCE++,0.0,True,True,False,False,False,True
learning_curve|GaitPDB|seed=10|fraction=0.5|gamma=1|tau=0.2|lambda=0.6,learning_curve,GaitPDB,10,0.5,30,1.0,0.2,0.6,vera_balanced_iut,False,,,0.0,True,NA,False,False,False,True
learning_curve|GaitPDB|seed=10|fraction=0.5|gamma=1|tau=0.2|lambda=0.6,learning_curve,GaitPDB,10,0.5,30,1.0,0.2,0.6,vera_balanced_envelope,False,,,0.0,True,NA,False,False,False,True
learning_curve|GaitPDB|seed=10|fraction=0.5|gamma=1|tau=0.2|lambda=0.6,learning_curve,GaitPDB,10,0.5,30,1.0,0.2,0.6,external_balanced_oracle,True,"MANCE++::epsilon=0.05,steps=3",MANCE++,0.0,True,True,False,False,False,True
learning_curve|GaitPDB|seed=10|fraction=0.5|gamma=1|tau=0.2|lambda=0.7,learning_curve,GaitPDB,10,0.5,30,1.0,0.2,0.7,always_deploy_balanced,True,"MANCE++::epsilon=0.05,steps=3",MANCE++,0.0,True,True,False,False,False,True
learning_curve|GaitPDB|seed=10|fraction=0.5|gamma=1|tau=0.2|lambda=0.7,learning_curve,GaitPDB,10,0.5,30,1.0,0.2,0.7,point_selection_balanced,True,"MANCE++::epsilon=0.05,steps=3",MANCE++,0.0,True,True,False,False,False,True
learning_curve|GaitPDB|seed=10|fraction=0.5|gamma=1|tau=0.2|lambda=0.7,learning_curve,GaitPDB,10,0.5,30,1.0,0.2,0.7,vera_balanced_iut,False,,,0.0,True,NA,False,False,False,True
learning_curve|GaitPDB|seed=10|fraction=0.5|gamma=1|tau=0.2|lambda=0.7,learning_curve,GaitPDB,10,0.5,30,1.0,0.2,0.7,vera_balanced_envelope,False,,,0.0,True,NA,False,False,False,True
learning_curve|GaitPDB|seed=10|fraction=0.5|gamma=1|tau=0.2|lambda=0.7,learning_curve,GaitPDB,10,0.5,30,1.0,0.2,0.7,external_balanced_oracle,True,"MANCE++::epsilon=0.05,steps=3",MANCE++,0.0,True,True,False,False,False,True
learning_curve|GaitPDB|seed=10|fraction=0.5|gamma=1|tau=0.2|lambda=0.8,learning_curve,GaitPDB,10,0.5,30,1.0,0.2,0.8,always_deploy_balanced,True,"MANCE++::epsilon=0.05,steps=3",MANCE++,0.0,True,True,False,False,False,True
learning_curve|GaitPDB|seed=10|fraction=0.5|gamma=1|tau=0.2|lambda=0.8,learning_curve,GaitPDB,10,0.5,30,1.0,0.2,0.8,point_selection_balanced,True,"MANCE++::epsilon=0.05,steps=3",MANCE++,0.0,True,True,False,False,False,True
learning_curve|GaitPDB|seed=10|fraction=0.5|gamma=1|tau=0.2|lambda=0.8,learning_curve,GaitPDB,10,0.5,30,1.0,0.2,0.8,vera_balanced_iut,False,,,0.0,True,NA,False,False,False,True
learning_curve|GaitPDB|seed=10|fraction=0.5|gamma=1|tau=0.2|lambda=0.8,learning_curve,GaitPDB,10,0.5,30,1.0,0.2,0.8,vera_balanced_envelope,False,,,0.0,True,NA,False,False,False,True
learning_curve|GaitPDB|seed=10|fraction=0.5|gamma=1|tau=0.2|lambda=0.8,learning_curve,GaitPDB,10,0.5,30,1.0,0.2,0.8,external_balanced_oracle,True,"MANCE++::epsilon=0.05,steps=3",MANCE++,0.0,True,True,False,False,False,True
primary|GaitPDB|seed=10|fraction=1|gamma=1|tau=0.05|lambda=0.6,primary,GaitPDB,10,1.0,63,1.0,0.05,0.6,always_deploy_balanced,True,"MANCE++::epsilon=0.05,steps=3",MANCE++,0.0,True,True,False,False,False,True
primary|GaitPDB|seed=10|fraction=1|gamma=1|tau=0.05|lambda=0.6,primary,GaitPDB,10,1.0,63,1.0,0.05,0.6,point_selection_balanced,True,"MANCE++::epsilon=0.05,steps=3",MANCE++,0.0,True,True,False,False,False,True
primary|GaitPDB|seed=10|fraction=1|gamma=1|tau=0.05|lambda=0.6,primary,GaitPDB,10,1.0,63,1.0,0.05,0.6,vera_balanced_iut,False,,,0.0,True,NA,False,False,False,True
primary|GaitPDB|seed=10|fraction=1|gamma=1|tau=0.05|lambda=0.6,primary,GaitPDB,10,1.0,63,1.0,0.05,0.6,vera_balanced_envelope,False,,,0.0,True,NA,False,False,False,True
primary|GaitPDB|seed=10|fraction=1|gamma=1|tau=0.05|lambda=0.6,primary,GaitPDB,10,1.0,63,1.0,0.05,0.6,external_balanced_oracle,True,"MANCE++::epsilon=0.05,steps=3",MANCE++,0.0,True,True,False,False,False,True
primary|GaitPDB|seed=10|fraction=1|gamma=1|tau=0.05|lambda=0.7,primary,GaitPDB,10,1.0,63,1.0,0.05,0.7,always_deploy_balanced,True,"MANCE++::epsilon=0.05,steps=3",MANCE++,0.0,True,True,False,False,False,True
primary|GaitPDB|seed=10|fraction=1|gamma=1|tau=0.05|lambda=0.7,primary,GaitPDB,10,1.0,63,1.0,0.05,0.7,point_selection_balanced,True,"MANCE++::epsilon=0.05,steps=3",MANCE++,0.0,True,True,False,False,False,True
primary|GaitPDB|seed=10|fraction=1|gamma=1|tau=0.05|lambda=0.7,primary,GaitPDB,10,1.0,63,1.0,0.05,0.7,vera_balanced_iut,False,,,0.0,True,NA,False,False,False,True
primary|GaitPDB|seed=10|fraction=1|gamma=1|tau=0.05|lambda=0.7,primary,GaitPDB,10,1.0,63,1.0,0.05,0.7,vera_balanced_envelope,False,,,0.0,True,NA,False,False,False,True
primary|GaitPDB|seed=10|fraction=1|gamma=1|tau=0.05|lambda=0.7,primary,GaitPDB,10,1.0,63,1.0,0.05,0.7,external_balanced_oracle,True,"MANCE++::epsilon=0.05,steps=3",MANCE++,0.0,True,True,False,False,False,True
primary|GaitPDB|seed=10|fraction=1|gamma=1|tau=0.05|lambda=0.8,primary,GaitPDB,10,1.0,63,1.0,0.05,0.8,always_deploy_balanced,True,"MANCE++::epsilon=0.05,steps=3",MANCE++,0.0,True,True,False,False,False,True
primary|GaitPDB|seed=10|fraction=1|gamma=1|tau=0.05|lambda=0.8,primary,GaitPDB,10,1.0,63,1.0,0.05,0.8,point_selection_balanced,True,"MANCE++::epsilon=0.05,steps=3",MANCE++,0.0,True,True,False,False,False,True
primary|GaitPDB|seed=10|fraction=1|gamma=1|tau=0.05|lambda=0.8,primary,GaitPDB,10,1.0,63,1.0,0.05,0.8,vera_balanced_iut,False,,,0.0,True,NA,False,False,False,True
primary|GaitPDB|seed=10|fraction=1|gamma=1|tau=0.05|lambda=0.8,primary,GaitPDB,10,1.0,63,1.0,0.05,0.8,vera_balanced_envelope,False,,,0.0,True,NA,False,False,False,True
primary|GaitPDB|seed=10|fraction=1|gamma=1|tau=0.05|lambda=0.8,primary,GaitPDB,10,1.0,63,1.0,0.05,0.8,external_balanced_oracle,True,"MANCE++::epsilon=0.05,steps=3",MANCE++,0.0,True,True,False,False,False,True
primary|GaitPDB|seed=10|fraction=1|gamma=1|tau=0.1|lambda=0.6,primary,GaitPDB,10,1.0,63,1.0,0.1,0.6,always_deploy_balanced,True,"MANCE++::epsilon=0.05,steps=3",MANCE++,0.0,True,True,False,False,False,True
primary|GaitPDB|seed=10|fraction=1|gamma=1|tau=0.1|lambda=0.6,primary,GaitPDB,10,1.0,63,1.0,0.1,0.6,point_selection_balanced,True,"MANCE++::epsilon=0.05,steps=3",MANCE++,0.0,True,True,False,False,False,True
primary|GaitPDB|seed=10|fraction=1|gamma=1|tau=0.1|lambda=0.6,primary,GaitPDB,10,1.0,63,1.0,0.1,0.6,vera_balanced_iut,False,,,0.0,True,NA,False,False,False,True
primary|GaitPDB|seed=10|fraction=1|gamma=1|tau=0.1|lambda=0.6,primary,GaitPDB,10,1.0,63,1.0,0.1,0.6,vera_balanced_envelope,False,,,0.0,True,NA,False,False,False,True
primary|GaitPDB|seed=10|fraction=1|gamma=1|tau=0.1|lambda=0.6,primary,GaitPDB,10,1.0,63,1.0,0.1,0.6,external_balanced_oracle,True,"MANCE++::epsilon=0.05,steps=3",MANCE++,0.0,True,True,False,False,False,True
primary|GaitPDB|seed=10|fraction=1|gamma=1|tau=0.1|lambda=0.7,primary,GaitPDB,10,1.0,63,1.0,0.1,0.7,always_deploy_balanced,True,"MANCE++::epsilon=0.05,steps=3",MANCE++,0.0,True,True,False,False,False,True
primary|GaitPDB|seed=10|fraction=1|gamma=1|tau=0.1|lambda=0.7,primary,GaitPDB,10,1.0,63,1.0,0.1,0.7,point_selection_balanced,True,"MANCE++::epsilon=0.05,steps=3",MANCE++,0.0,True,True,False,False,False,True
primary|GaitPDB|seed=10|fraction=1|gamma=1|tau=0.1|lambda=0.7,primary,GaitPDB,10,1.0,63,1.0,0.1,0.7,vera_balanced_iut,False,,,0.0,True,NA,False,False,False,True
primary|GaitPDB|seed=10|fraction=1|gamma=1|tau=0.1|lambda=0.7,primary,GaitPDB,10,1.0,63,1.0,0.1,0.7,vera_balanced_envelope,False,,,0.0,True,NA,False,False,False,True
primary|GaitPDB|seed=10|fraction=1|gamma=1|tau=0.1|lambda=0.7,primary,GaitPDB,10,1.0,63,1.0,0.1,0.7,external_balanced_oracle,True,"MANCE++::epsilon=0.05,steps=3",MANCE++,0.0,True,True,False,False,False,True
primary|GaitPDB|seed=10|fraction=1|gamma=1|tau=0.1|lambda=0.8,primary,GaitPDB,10,1.0,63,1.0,0.1,0.8,always_deploy_balanced,True,"MANCE++::epsilon=0.05,steps=3",MANCE++,0.0,True,True,False,False,False,True
primary|GaitPDB|seed=10|fraction=1|gamma=1|tau=0.1|lambda=0.8,primary,GaitPDB,10,1.0,63,1.0,0.1,0.8,point_selection_balanced,True,"MANCE++::epsilon=0.05,steps=3",MANCE++,0.0,True,True,False,False,False,True
primary|GaitPDB|seed=10|fraction=1|gamma=1|tau=0.1|lambda=0.8,primary,GaitPDB,10,1.0,63,1.0,0.1,0.8,vera_balanced_iut,False,,,0.0,True,NA,False,False,False,True
primary|GaitPDB|seed=10|fraction=1|gamma=1|tau=0.1|lambda=0.8,primary,GaitPDB,10,1.0,63,1.0,0.1,0.8,vera_balanced_envelope,False,,,0.0,True,NA,False,False,False,True
primary|GaitPDB|seed=10|fraction=1|gamma=1|tau=0.1|lambda=0.8,primary,GaitPDB,10,1.0,63,1.0,0.1,0.8,external_balanced_oracle,True,"MANCE++::epsilon=0.05,steps=3",MANCE++,0.0,True,True,False,False,False,True
primary|GaitPDB|seed=10|fraction=1|gamma=1|tau=0.2|lambda=0.6,primary,GaitPDB,10,1.0,63,1.0,0.2,0.6,always_deploy_balanced,True,"MANCE++::epsilon=0.05,steps=3",MANCE++,0.0,True,True,False,False,False,True
primary|GaitPDB|seed=10|fraction=1|gamma=1|tau=0.2|lambda=0.6,primary,GaitPDB,10,1.0,63,1.0,0.2,0.6,point_selection_balanced,True,"MANCE++::epsilon=0.05,steps=3",MANCE++,0.0,True,True,False,False,False,True
primary|GaitPDB|seed=10|fraction=1|gamma=1|tau=0.2|lambda=0.6,primary,GaitPDB,10,1.0,63,1.0,0.2,0.6,vera_balanced_iut,False,,,0.0,True,NA,False,False,False,True
primary|GaitPDB|seed=10|fraction=1|gamma=1|tau=0.2|lambda=0.6,primary,GaitPDB,10,1.0,63,1.0,0.2,0.6,vera_balanced_envelope,False,,,0.0,True,NA,False,False,False,True
primary|GaitPDB|seed=10|fraction=1|gamma=1|tau=0.2|lambda=0.6,primary,GaitPDB,10,1.0,63,1.0,0.2,0.6,external_balanced_oracle,True,"MANCE++::epsilon=0.05,steps=3",MANCE++,0.0,True,True,False,False,False,True
primary|GaitPDB|seed=10|fraction=1|gamma=1|tau=0.2|lambda=0.7,primary,GaitPDB,10,1.0,63,1.0,0.2,0.7,always_deploy_balanced,True,"MANCE++::epsilon=0.05,steps=3",MANCE++,0.0,True,True,False,False,False,True
primary|GaitPDB|seed=10|fraction=1|gamma=1|tau=0.2|lambda=0.7,primary,GaitPDB,10,1.0,63,1.0,0.2,0.7,point_selection_balanced,True,"MANCE++::epsilon=0.05,steps=3",MANCE++,0.0,True,True,False,False,False,True
primary|GaitPDB|seed=10|fraction=1|gamma=1|tau=0.2|lambda=0.7,primary,GaitPDB,10,1.0,63,1.0,0.2,0.7,vera_balanced_iut,False,,,0.0,True,NA,False,False,False,True
primary|GaitPDB|seed=10|fraction=1|gamma=1|tau=0.2|lambda=0.7,primary,GaitPDB,10,1.0,63,1.0,0.2,0.7,vera_balanced_envelope,False,,,0.0,True,NA,False,False,False,True
primary|GaitPDB|seed=10|fraction=1|gamma=1|tau=0.2|lambda=0.7,primary,GaitPDB,10,1.0,63,1.0,0.2,0.7,external_balanced_oracle,True,"MANCE++::epsilon=0.05,steps=3",MANCE++,0.0,True,True,False,False,False,True
primary|GaitPDB|seed=10|fraction=1|gamma=1|tau=0.2|lambda=0.8,primary,GaitPDB,10,1.0,63,1.0,0.2,0.8,always_deploy_balanced,True,"MANCE++::epsilon=0.05,steps=3",MANCE++,0.0,True,True,False,False,False,True
primary|GaitPDB|seed=10|fraction=1|gamma=1|tau=0.2|lambda=0.8,primary,GaitPDB,10,1.0,63,1.0,0.2,0.8,point_selection_balanced,True,"MANCE++::epsilon=0.05,steps=3",MANCE++,0.0,True,True,False,False,False,True
primary|GaitPDB|seed=10|fraction=1|gamma=1|tau=0.2|lambda=0.8,primary,GaitPDB,10,1.0,63,1.0,0.2,0.8,vera_balanced_iut,False,,,0.0,True,NA,False,False,False,True
primary|GaitPDB|seed=10|fraction=1|gamma=1|tau=0.2|lambda=0.8,primary,GaitPDB,10,1.0,63,1.0,0.2,0.8,vera_balanced_envelope,False,,,0.0,True,NA,False,False,False,True
primary|GaitPDB|seed=10|fraction=1|gamma=1|tau=0.2|lambda=0.8,primary,GaitPDB,10,1.0,63,1.0,0.2,0.8,external_balanced_oracle,True,"MANCE++::epsilon=0.05,steps=3",MANCE++,0.0,True,True,False,False,False,True
shifted_sensitivity|GaitPDB|seed=10|fraction=1|gamma=1.01|tau=0.05|lambda=0.6,shifted_sensitivity,GaitPDB,10,1.0,63,1.01,0.05,0.6,always_deploy_balanced,True,"MANCE++::epsilon=0.05,steps=3",MANCE++,0.0,True,True,False,False,False,True
shifted_sensitivity|GaitPDB|seed=10|fraction=1|gamma=1.01|tau=0.05|lambda=0.6,shifted_sensitivity,GaitPDB,10,1.0,63,1.01,0.05,0.6,point_selection_balanced,True,"MANCE++::epsilon=0.05,steps=3",MANCE++,0.0,True,True,False,False,False,True
shifted_sensitivity|GaitPDB|seed=10|fraction=1|gamma=1.01|tau=0.05|lambda=0.6,shifted_sensitivity,GaitPDB,10,1.0,63,1.01,0.05,0.6,vera_balanced_iut,False,,,0.0,True,NA,False,False,False,True
shifted_sensitivity|GaitPDB|seed=10|fraction=1|gamma=1.01|tau=0.05|lambda=0.6,shifted_sensitivity,GaitPDB,10,1.0,63,1.01,0.05,0.6,vera_balanced_envelope,False,,,0.0,True,NA,False,False,False,True
shifted_sensitivity|GaitPDB|seed=10|fraction=1|gamma=1.01|tau=0.05|lambda=0.6,shifted_sensitivity,GaitPDB,10,1.0,63,1.01,0.05,0.6,external_balanced_oracle,True,"MANCE++::epsilon=0.05,steps=3",MANCE++,0.0,True,True,False,False,False,True
shifted_sensitivity|GaitPDB|seed=10|fraction=1|gamma=1.01|tau=0.05|lambda=0.7,shifted_sensitivity,GaitPDB,10,1.0,63,1.01,0.05,0.7,always_deploy_balanced,True,"MANCE++::epsilon=0.05,steps=3",MANCE++,0.0,True,True,False,False,False,True
shifted_sensitivity|GaitPDB|seed=10|fraction=1|gamma=1.01|tau=0.05|lambda=0.7,shifted_sensitivity,GaitPDB,10,1.0,63,1.01,0.05,0.7,point_selection_balanced,True,"MANCE++::epsilon=0.05,steps=3",MANCE++,0.0,True,True,False,False,False,True
shifted_sensitivity|GaitPDB|seed=10|fraction=1|gamma=1.01|tau=0.05|lambda=0.7,shifted_sensitivity,GaitPDB,10,1.0,63,1.01,0.05,0.7,vera_balanced_iut,False,,,0.0,True,NA,False,False,False,True
shifted_sensitivity|GaitPDB|seed=10|fraction=1|gamma=1.01|tau=0.05|lambda=0.7,shifted_sensitivity,GaitPDB,10,1.0,63,1.01,0.05,0.7,vera_balanced_envelope,False,,,0.0,True,NA,False,False,False,True
shifted_sensitivity|GaitPDB|seed=10|fraction=1|gamma=1.01|tau=0.05|lambda=0.7,shifted_sensitivity,GaitPDB,10,1.0,63,1.01,0.05,0.7,external_balanced_oracle,True,"MANCE++::epsilon=0.05,steps=3",MANCE++,0.0,True,True,False,False,False,True
shifted_sensitivity|GaitPDB|seed=10|fraction=1|gamma=1.01|tau=0.05|lambda=0.8,shifted_sensitivity,GaitPDB,10,1.0,63,1.01,0.05,0.8,always_deploy_balanced,True,"MANCE++::epsilon=0.05,steps=3",MANCE++,0.0,True,True,False,False,False,True
shifted_sensitivity|GaitPDB|seed=10|fraction=1|gamma=1.01|tau=0.05|lambda=0.8,shifted_sensitivity,GaitPDB,10,1.0,63,1.01,0.05,0.8,point_selection_balanced,True,"MANCE++::epsilon=0.05,steps=3",MANCE++,0.0,True,True,False,False,False,True
shifted_sensitivity|GaitPDB|seed=10|fraction=1|gamma=1.01|tau=0.05|lambda=0.8,shifted_sensitivity,GaitPDB,10,1.0,63,1.01,0.05,0.8,vera_balanced_iut,False,,,0.0,True,NA,False,False,False,True
shifted_sensitivity|GaitPDB|seed=10|fraction=1|gamma=1.01|tau=0.05|lambda=0.8,shifted_sensitivity,GaitPDB,10,1.0,63,1.01,0.05,0.8,vera_balanced_envelope,False,,,0.0,True,NA,False,False,False,True
shifted_sensitivity|GaitPDB|seed=10|fraction=1|gamma=1.01|tau=0.05|lambda=0.8,shifted_sensitivity,GaitPDB,10,1.0,63,1.01,0.05,0.8,external_balanced_oracle,True,"MANCE++::epsilon=0.05,steps=3",MANCE++,0.0,True,True,False,False,False,True
shifted_sensitivity|GaitPDB|seed=10|fraction=1|gamma=1.01|tau=0.1|lambda=0.6,shifted_sensitivity,GaitPDB,10,1.0,63,1.01,0.1,0.6,always_deploy_balanced,True,"MANCE++::epsilon=0.05,steps=3",MANCE++,0.0,True,True,False,False,False,True
shifted_sensitivity|GaitPDB|seed=10|fraction=1|gamma=1.01|tau=0.1|lambda=0.6,shifted_sensitivity,GaitPDB,10,1.0,63,1.01,0.1,0.6,point_selection_balanced,True,"MANCE++::epsilon=0.05,steps=3",MANCE++,0.0,True,True,False,False,False,True
shifted_sensitivity|GaitPDB|seed=10|fraction=1|gamma=1.01|tau=0.1|lambda=0.6,shifted_sensitivity,GaitPDB,10,1.0,63,1.01,0.1,0.6,vera_balanced_iut,False,,,0.0,True,NA,False,False,False,True
shifted_sensitivity|GaitPDB|seed=10|fraction=1|gamma=1.01|tau=0.1|lambda=0.6,shifted_sensitivity,GaitPDB,10,1.0,63,1.01,0.1,0.6,vera_balanced_envelope,False,,,0.0,True,NA,False,False,False,True
shifted_sensitivity|GaitPDB|seed=10|fraction=1|gamma=1.01|tau=0.1|lambda=0.6,shifted_sensitivity,GaitPDB,10,1.0,63,1.01,0.1,0.6,external_balanced_oracle,True,"MANCE++::epsilon=0.05,steps=3",MANCE++,0.0,True,True,False,False,False,True
shifted_sensitivity|GaitPDB|seed=10|fraction=1|gamma=1.01|tau=0.1|lambda=0.7,shifted_sensitivity,GaitPDB,10,1.0,63,1.01,0.1,0.7,always_deploy_balanced,True,"MANCE++::epsilon=0.05,steps=3",MANCE++,0.0,True,True,False,False,False,True
shifted_sensitivity|GaitPDB|seed=10|fraction=1|gamma=1.01|tau=0.1|lambda=0.7,shifted_sensitivity,GaitPDB,10,1.0,63,1.01,0.1,0.7,point_selection_balanced,True,"MANCE++::epsilon=0.05,steps=3",MANCE++,0.0,True,True,False,False,False,True
shifted_sensitivity|GaitPDB|seed=10|fraction=1|gamma=1.01|tau=0.1|lambda=0.7,shifted_sensitivity,GaitPDB,10,1.0,63,1.01,0.1,0.7,vera_balanced_iut,False,,,0.0,True,NA,False,False,False,True
shifted_sensitivity|GaitPDB|seed=10|fraction=1|gamma=1.01|tau=0.1|lambda=0.7,shifted_sensitivity,GaitPDB,10,1.0,63,1.01,0.1,0.7,vera_balanced_envelope,False,,,0.0,True,NA,False,False,False,True
shifted_sensitivity|GaitPDB|seed=10|fraction=1|gamma=1.01|tau=0.1|lambda=0.7,shifted_sensitivity,GaitPDB,10,1.0,63,1.01,0.1,0.7,external_balanced_oracle,True,"MANCE++::epsilon=0.05,steps=3",MANCE++,0.0,True,True,False,False,False,True
shifted_sensitivity|GaitPDB|seed=10|fraction=1|gamma=1.01|tau=0.1|lambda=0.8,shifted_sensitivity,GaitPDB,10,1.0,63,1.01,0.1,0.8,always_deploy_balanced,True,"MANCE++::epsilon=0.05,steps=3",MANCE++,0.0,True,True,False,False,False,True
shifted_sensitivity|GaitPDB|seed=10|fraction=1|gamma=1.01|tau=0.1|lambda=0.8,shifted_sensitivity,GaitPDB,10,1.0,63,1.01,0.1,0.8,point_selection_balanced,True,"MANCE++::epsilon=0.05,steps=3",MANCE++,0.0,True,True,False,False,False,True
shifted_sensitivity|GaitPDB|seed=10|fraction=1|gamma=1.01|tau=0.1|lambda=0.8,shifted_sensitivity,GaitPDB,10,1.0,63,1.01,0.1,0.8,vera_balanced_iut,False,,,0.0,True,NA,False,False,False,True
shifted_sensitivity|GaitPDB|seed=10|fraction=1|gamma=1.01|tau=0.1|lambda=0.8,shifted_sensitivity,GaitPDB,10,1.0,63,1.01,0.1,0.8,vera_balanced_envelope,False,,,0.0,True,NA,False,False,False,True
shifted_sensitivity|GaitPDB|seed=10|fraction=1|gamma=1.01|tau=0.1|lambda=0.8,shifted_sensitivity,GaitPDB,10,1.0,63,1.01,0.1,0.8,external_balanced_oracle,True,"MANCE++::epsilon=0.05,steps=3",MANCE++,0.0,True,True,False,False,False,True
shifted_sensitivity|GaitPDB|seed=10|fraction=1|gamma=1.01|tau=0.2|lambda=0.6,shifted_sensitivity,GaitPDB,10,1.0,63,1.01,0.2,0.6,always_deploy_balanced,True,"MANCE++::epsilon=0.05,steps=3",MANCE++,0.0,True,True,False,False,False,True
shifted_sensitivity|GaitPDB|seed=10|fraction=1|gamma=1.01|tau=0.2|lambda=0.6,shifted_sensitivity,GaitPDB,10,1.0,63,1.01,0.2,0.6,point_selection_balanced,True,"MANCE++::epsilon=0.05,steps=3",MANCE++,0.0,True,True,False,False,False,True
shifted_sensitivity|GaitPDB|seed=10|fraction=1|gamma=1.01|tau=0.2|lambda=0.6,shifted_sensitivity,GaitPDB,10,1.0,63,1.01,0.2,0.6,vera_balanced_iut,False,,,0.0,True,NA,False,False,False,True
shifted_sensitivity|GaitPDB|seed=10|fraction=1|gamma=1.01|tau=0.2|lambda=0.6,shifted_sensitivity,GaitPDB,10,1.0,63,1.01,0.2,0.6,vera_balanced_envelope,False,,,0.0,True,NA,False,False,False,True
shifted_sensitivity|GaitPDB|seed=10|fraction=1|gamma=1.01|tau=0.2|lambda=0.6,shifted_sensitivity,GaitPDB,10,1.0,63,1.01,0.2,0.6,external_balanced_oracle,True,"MANCE++::epsilon=0.05,steps=3",MANCE++,0.0,True,True,False,False,False,True
shifted_sensitivity|GaitPDB|seed=10|fraction=1|gamma=1.01|tau=0.2|lambda=0.7,shifted_sensitivity,GaitPDB,10,1.0,63,1.01,0.2,0.7,always_deploy_balanced,True,"MANCE++::epsilon=0.05,steps=3",MANCE++,0.0,True,True,False,False,False,True
shifted_sensitivity|GaitPDB|seed=10|fraction=1|gamma=1.01|tau=0.2|lambda=0.7,shifted_sensitivity,GaitPDB,10,1.0,63,1.01,0.2,0.7,point_selection_balanced,True,"MANCE++::epsilon=0.05,steps=3",MANCE++,0.0,True,True,False,False,False,True
shifted_sensitivity|GaitPDB|seed=10|fraction=1|gamma=1.01|tau=0.2|lambda=0.7,shifted_sensitivity,GaitPDB,10,1.0,63,1.01,0.2,0.7,vera_balanced_iut,False,,,0.0,True,NA,False,False,False,True
shifted_sensitivity|GaitPDB|seed=10|fraction=1|gamma=1.01|tau=0.2|lambda=0.7,shifted_sensitivity,GaitPDB,10,1.0,63,1.01,0.2,0.7,vera_balanced_envelope,False,,,0.0,True,NA,False,False,False,True
shifted_sensitivity|GaitPDB|seed=10|fraction=1|gamma=1.01|tau=0.2|lambda=0.7,shifted_sensitivity,GaitPDB,10,1.0,63,1.01,0.2,0.7,external_balanced_oracle,True,"MANCE++::epsilon=0.05,steps=3",MANCE++,0.0,True,True,False,False,False,True
shifted_sensitivity|GaitPDB|seed=10|fraction=1|gamma=1.01|tau=0.2|lambda=0.8,shifted_sensitivity,GaitPDB,10,1.0,63,1.01,0.2,0.8,always_deploy_balanced,True,"MANCE++::epsilon=0.05,steps=3",MANCE++,0.0,True,True,False,False,False,True
shifted_sensitivity|GaitPDB|seed=10|fraction=1|gamma=1.01|tau=0.2|lambda=0.8,shifted_sensitivity,GaitPDB,10,1.0,63,1.01,0.2,0.8,point_selection_balanced,True,"MANCE++::epsilon=0.05,steps=3",MANCE++,0.0,True,True,False,False,False,True
shifted_sensitivity|GaitPDB|seed=10|fraction=1|gamma=1.01|tau=0.2|lambda=0.8,shifted_sensitivity,GaitPDB,10,1.0,63,1.01,0.2,0.8,vera_balanced_iut,False,,,0.0,True,NA,False,False,False,True
shifted_sensitivity|GaitPDB|seed=10|fraction=1|gamma=1.01|tau=0.2|lambda=0.8,shifted_sensitivity,GaitPDB,10,1.0,63,1.01,0.2,0.8,vera_balanced_envelope,False,,,0.0,True,NA,False,False,False,True
shifted_sensitivity|GaitPDB|seed=10|fraction=1|gamma=1.01|tau=0.2|lambda=0.8,shifted_sensitivity,GaitPDB,10,1.0,63,1.01,0.2,0.8,external_balanced_oracle,True,"MANCE++::epsilon=0.05,steps=3",MANCE++,0.0,True,True,False,False,False,True
learning_curve|GaitPDB|seed=11|fraction=0.05|gamma=1|tau=0.05|lambda=0.6,learning_curve,GaitPDB,11,0.05,4,1.0,0.05,0.6,always_deploy_balanced,True,INLP::rank=1,INLP,0.0,True,False,True,False,False,True
learning_curve|GaitPDB|seed=11|fraction=0.05|gamma=1|tau=0.05|lambda=0.6,learning_curve,GaitPDB,11,0.05,4,1.0,0.05,0.6,point_selection_balanced,False,,,0.0,True,NA,False,False,False,True
learning_curve|GaitPDB|seed=11|fraction=0.05|gamma=1|tau=0.05|lambda=0.6,learning_curve,GaitPDB,11,0.05,4,1.0,0.05,0.6,vera_balanced_iut,False,,,0.0,True,NA,False,False,False,True
learning_curve|GaitPDB|seed=11|fraction=0.05|gamma=1|tau=0.05|lambda=0.6,learning_curve,GaitPDB,11,0.05,4,1.0,0.05,0.6,vera_balanced_envelope,False,,,0.0,True,NA,False,False,False,True
learning_curve|GaitPDB|seed=11|fraction=0.05|gamma=1|tau=0.05|lambda=0.6,learning_curve,GaitPDB,11,0.05,4,1.0,0.05,0.6,external_balanced_oracle,True,INLP::rank=2,INLP,0.0,True,True,False,False,False,True
learning_curve|GaitPDB|seed=11|fraction=0.05|gamma=1|tau=0.05|lambda=0.7,learning_curve,GaitPDB,11,0.05,4,1.0,0.05,0.7,always_deploy_balanced,True,INLP::rank=1,INLP,0.0,True,True,False,False,False,True
learning_curve|GaitPDB|seed=11|fraction=0.05|gamma=1|tau=0.05|lambda=0.7,learning_curve,GaitPDB,11,0.05,4,1.0,0.05,0.7,point_selection_balanced,False,,,0.0,True,NA,False,False,False,True
learning_curve|GaitPDB|seed=11|fraction=0.05|gamma=1|tau=0.05|lambda=0.7,learning_curve,GaitPDB,11,0.05,4,1.0,0.05,0.7,vera_balanced_iut,False,,,0.0,True,NA,False,False,False,True
learning_curve|GaitPDB|seed=11|fraction=0.05|gamma=1|tau=0.05|lambda=0.7,learning_curve,GaitPDB,11,0.05,4,1.0,0.05,0.7,vera_balanced_envelope,False,,,0.0,True,NA,False,False,False,True
learning_curve|GaitPDB|seed=11|fraction=0.05|gamma=1|tau=0.05|lambda=0.7,learning_curve,GaitPDB,11,0.05,4,1.0,0.05,0.7,external_balanced_oracle,True,INLP::rank=1,INLP,0.0,True,True,False,False,False,True
learning_curve|GaitPDB|seed=11|fraction=0.05|gamma=1|tau=0.05|lambda=0.8,learning_curve,GaitPDB,11,0.05,4,1.0,0.05,0.8,always_deploy_balanced,True,INLP::rank=1,INLP,0.0,True,True,False,False,False,True
learning_curve|GaitPDB|seed=11|fraction=0.05|gamma=1|tau=0.05|lambda=0.8,learning_curve,GaitPDB,11,0.05,4,1.0,0.05,0.8,point_selection_balanced,True,INLP::rank=1,INLP,0.0,True,True,False,False,False,True
learning_curve|GaitPDB|seed=11|fraction=0.05|gamma=1|tau=0.05|lambda=0.8,learning_curve,GaitPDB,11,0.05,4,1.0,0.05,0.8,vera_balanced_iut,False,,,0.0,True,NA,False,False,False,True
learning_curve|GaitPDB|seed=11|fraction=0.05|gamma=1|tau=0.05|lambda=0.8,learning_curve,GaitPDB,11,0.05,4,1.0,0.05,0.8,vera_balanced_envelope,False,,,0.0,True,NA,False,False,False,True
learning_curve|GaitPDB|seed=11|fraction=0.05|gamma=1|tau=0.05|lambda=0.8,learning_curve,GaitPDB,11,0.05,4,1.0,0.05,0.8,external_balanced_oracle,True,INLP::rank=1,INLP,0.0,True,True,False,False,False,True
learning_curve|GaitPDB|seed=11|fraction=0.05|gamma=1|tau=0.1|lambda=0.6,learning_curve,GaitPDB,11,0.05,4,1.0,0.1,0.6,always_deploy_balanced,True,INLP::rank=1,INLP,0.0,True,False,True,False,False,True
learning_curve|GaitPDB|seed=11|fraction=0.05|gamma=1|tau=0.1|lambda=0.6,learning_curve,GaitPDB,11,0.05,4,1.0,0.1,0.6,point_selection_balanced,False,,,0.0,True,NA,False,False,False,True
learning_curve|GaitPDB|seed=11|fraction=0.05|gamma=1|tau=0.1|lambda=0.6,learning_curve,GaitPDB,11,0.05,4,1.0,0.1,0.6,vera_balanced_iut,False,,,0.0,True,NA,False,False,False,True
learning_curve|GaitPDB|seed=11|fraction=0.05|gamma=1|tau=0.1|lambda=0.6,learning_curve,GaitPDB,11,0.05,4,1.0,0.1,0.6,vera_balanced_envelope,False,,,0.0,True,NA,False,False,False,True
learning_curve|GaitPDB|seed=11|fraction=0.05|gamma=1|tau=0.1|lambda=0.6,learning_curve,GaitPDB,11,0.05,4,1.0,0.1,0.6,external_balanced_oracle,True,INLP::rank=2,INLP,0.0,True,True,False,False,False,True
learning_curve|GaitPDB|seed=11|fraction=0.05|gamma=1|tau=0.1|lambda=0.7,learning_curve,GaitPDB,11,0.05,4,1.0,0.1,0.7,always_deploy_balanced,True,INLP::rank=1,INLP,0.0,True,True,False,False,False,True
learning_curve|GaitPDB|seed=11|fraction=0.05|gamma=1|tau=0.1|lambda=0.7,learning_curve,GaitPDB,11,0.05,4,1.0,0.1,0.7,point_selection_balanced,False,,,0.0,True,NA,False,False,False,True
learning_curve|GaitPDB|seed=11|fraction=0.05|gamma=1|tau=0.1|lambda=0.7,learning_curve,GaitPDB,11,0.05,4,1.0,0.1,0.7,vera_balanced_iut,False,,,0.0,True,NA,False,False,False,True
learning_curve|GaitPDB|seed=11|fraction=0.05|gamma=1|tau=0.1|lambda=0.7,learning_curve,GaitPDB,11,0.05,4,1.0,0.1,0.7,vera_balanced_envelope,False,,,0.0,True,NA,False,False,False,True
learning_curve|GaitPDB|seed=11|fraction=0.05|gamma=1|tau=0.1|lambda=0.7,learning_curve,GaitPDB,11,0.05,4,1.0,0.1,0.7,external_balanced_oracle,True,INLP::rank=1,INLP,0.0,True,True,False,False,False,True
learning_curve|GaitPDB|seed=11|fraction=0.05|gamma=1|tau=0.1|lambda=0.8,learning_curve,GaitPDB,11,0.05,4,1.0,0.1,0.8,always_deploy_balanced,True,INLP::rank=1,INLP,0.0,True,True,False,False,False,True
learning_curve|GaitPDB|seed=11|fraction=0.05|gamma=1|tau=0.1|lambda=0.8,learning_curve,GaitPDB,11,0.05,4,1.0,0.1,0.8,point_selection_balanced,True,INLP::rank=1,INLP,0.0,True,True,False,False,False,True
learning_curve|GaitPDB|seed=11|fraction=0.05|gamma=1|tau=0.1|lambda=0.8,learning_curve,GaitPDB,11,0.05,4,1.0,0.1,0.8,vera_balanced_iut,False,,,0.0,True,NA,False,False,False,True
learning_curve|GaitPDB|seed=11|fraction=0.05|gamma=1|tau=0.1|lambda=0.8,learning_curve,GaitPDB,11,0.05,4,1.0,0.1,0.8,vera_balanced_envelope,False,,,0.0,True,NA,False,False,False,True
learning_curve|GaitPDB|seed=11|fraction=0.05|gamma=1|tau=0.1|lambda=0.8,learning_curve,GaitPDB,11,0.05,4,1.0,0.1,0.8,external_balanced_oracle,True,INLP::rank=1,INLP,0.0,True,True,False,False,False,True
learning_curve|GaitPDB|seed=11|fraction=0.05|gamma=1|tau=0.2|lambda=0.6,learning_curve,GaitPDB,11,0.05,4,1.0,0.2,0.6,always_deploy_balanced,True,INLP::rank=1,INLP,0.0,True,False,True,False,False,True
learning_curve|GaitPDB|seed=11|fraction=0.05|gamma=1|tau=0.2|lambda=0.6,learning_curve,GaitPDB,11,0.05,4,1.0,0.2,0.6,point_selection_balanced,False,,,0.0,True,NA,False,False,False,True
learning_curve|GaitPDB|seed=11|fraction=0.05|gamma=1|tau=0.2|lambda=0.6,learning_curve,GaitPDB,11,0.05,4,1.0,0.2,0.6,vera_balanced_iut,False,,,0.0,True,NA,False,False,False,True
learning_curve|GaitPDB|seed=11|fraction=0.05|gamma=1|tau=0.2|lambda=0.6,learning_curve,GaitPDB,11,0.05,4,1.0,0.2,0.6,vera_balanced_envelope,False,,,0.0,True,NA,False,False,False,True
learning_curve|GaitPDB|seed=11|fraction=0.05|gamma=1|tau=0.2|lambda=0.6,learning_curve,GaitPDB,11,0.05,4,1.0,0.2,0.6,external_balanced_oracle,True,INLP::rank=2,INLP,0.0,True,True,False,False,False,True
learning_curve|GaitPDB|seed=11|fraction=0.05|gamma=1|tau=0.2|lambda=0.7,learning_curve,GaitPDB,11,0.05,4,1.0,0.2,0.7,always_deploy_balanced,True,INLP::rank=1,INLP,0.0,True,True,False,False,False,True
learning_curve|GaitPDB|seed=11|fraction=0.05|gamma=1|tau=0.2|lambda=0.7,learning_curve,GaitPDB,11,0.05,4,1.0,0.2,0.7,point_selection_balanced,False,,,0.0,True,NA,False,False,False,True
learning_curve|GaitPDB|seed=11|fraction=0.05|gamma=1|tau=0.2|lambda=0.7,learning_curve,GaitPDB,11,0.05,4,1.0,0.2,0.7,vera_balanced_iut,False,,,0.0,True,NA,False,False,False,True
learning_curve|GaitPDB|seed=11|fraction=0.05|gamma=1|tau=0.2|lambda=0.7,learning_curve,GaitPDB,11,0.05,4,1.0,0.2,0.7,vera_balanced_envelope,False,,,0.0,True,NA,False,False,False,True
learning_curve|GaitPDB|seed=11|fraction=0.05|gamma=1|tau=0.2|lambda=0.7,learning_curve,GaitPDB,11,0.05,4,1.0,0.2,0.7,external_balanced_oracle,True,INLP::rank=1,INLP,0.0,True,True,False,False,False,True
learning_curve|GaitPDB|seed=11|fraction=0.05|gamma=1|tau=0.2|lambda=0.8,learning_curve,GaitPDB,11,0.05,4,1.0,0.2,0.8,always_deploy_balanced,True,INLP::rank=1,INLP,0.0,True,True,False,False,False,True
learning_curve|GaitPDB|seed=11|fraction=0.05|gamma=1|tau=0.2|lambda=0.8,learning_curve,GaitPDB,11,0.05,4,1.0,0.2,0.8,point_selection_balanced,True,INLP::rank=1,INLP,0.0,True,True,False,False,False,True
learning_curve|GaitPDB|seed=11|fraction=0.05|gamma=1|tau=0.2|lambda=0.8,learning_curve,GaitPDB,11,0.05,4,1.0,0.2,0.8,vera_balanced_iut,False,,,0.0,True,NA,False,False,False,True
learning_curve|GaitPDB|seed=11|fraction=0.05|gamma=1|tau=0.2|lambda=0.8,learning_curve,GaitPDB,11,0.05,4,1.0,0.2,0.8,vera_balanced_envelope,False,,,0.0,True,NA,False,False,False,True
learning_curve|GaitPDB|seed=11|fraction=0.05|gamma=1|tau=0.2|lambda=0.8,learning_curve,GaitPDB,11,0.05,4,1.0,0.2,0.8,external_balanced_oracle,True,INLP::rank=1,INLP,0.0,True,True,False,False,False,True
learning_curve|GaitPDB|seed=11|fraction=0.1|gamma=1|tau=0.05|lambda=0.6,learning_curve,GaitPDB,11,0.1,5,1.0,0.05,0.6,always_deploy_balanced,True,LEACE::closed_form,LEACE,0.0,True,True,False,False,False,True
learning_curve|GaitPDB|seed=11|fraction=0.1|gamma=1|tau=0.05|lambda=0.6,learning_curve,GaitPDB,11,0.1,5,1.0,0.05,0.6,point_selection_balanced,False,,,0.0,True,NA,False,False,False,True
learning_curve|GaitPDB|seed=11|fraction=0.1|gamma=1|tau=0.05|lambda=0.6,learning_curve,GaitPDB,11,0.1,5,1.0,0.05,0.6,vera_balanced_iut,False,,,0.0,True,NA,False,False,False,True
learning_curve|GaitPDB|seed=11|fraction=0.1|gamma=1|tau=0.05|lambda=0.6,learning_curve,GaitPDB,11,0.1,5,1.0,0.05,0.6,vera_balanced_envelope,False,,,0.0,True,NA,False,False,False,True
learning_curve|GaitPDB|seed=11|fraction=0.1|gamma=1|tau=0.05|lambda=0.6,learning_curve,GaitPDB,11,0.1,5,1.0,0.05,0.6,external_balanced_oracle,True,LEACE::closed_form,LEACE,0.0,True,True,False,False,False,True
learning_curve|GaitPDB|seed=11|fraction=0.1|gamma=1|tau=0.05|lambda=0.7,learning_curve,GaitPDB,11,0.1,5,1.0,0.05,0.7,always_deploy_balanced,True,LEACE::closed_form,LEACE,0.0,True,True,False,False,False,True
learning_curve|GaitPDB|seed=11|fraction=0.1|gamma=1|tau=0.05|lambda=0.7,learning_curve,GaitPDB,11,0.1,5,1.0,0.05,0.7,point_selection_balanced,True,LEACE::closed_form,LEACE,0.0,True,True,False,False,False,True
learning_curve|GaitPDB|seed=11|fraction=0.1|gamma=1|tau=0.05|lambda=0.7,learning_curve,GaitPDB,11,0.1,5,1.0,0.05,0.7,vera_balanced_iut,False,,,0.0,True,NA,False,False,False,True
learning_curve|GaitPDB|seed=11|fraction=0.1|gamma=1|tau=0.05|lambda=0.7,learning_curve,GaitPDB,11,0.1,5,1.0,0.05,0.7,vera_balanced_envelope,False,,,0.0,True,NA,False,False,False,True
learning_curve|GaitPDB|seed=11|fraction=0.1|gamma=1|tau=0.05|lambda=0.7,learning_curve,GaitPDB,11,0.1,5,1.0,0.05,0.7,external_balanced_oracle,True,LEACE::closed_form,LEACE,0.0,True,True,False,False,False,True
learning_curve|GaitPDB|seed=11|fraction=0.1|gamma=1|tau=0.05|lambda=0.8,learning_curve,GaitPDB,11,0.1,5,1.0,0.05,0.8,always_deploy_balanced,True,LEACE::closed_form,LEACE,0.0,True,True,False,False,False,True
learning_curve|GaitPDB|seed=11|fraction=0.1|gamma=1|tau=0.05|lambda=0.8,learning_curve,GaitPDB,11,0.1,5,1.0,0.05,0.8,point_selection_balanced,True,LEACE::closed_form,LEACE,0.0,True,True,False,False,False,True
learning_curve|GaitPDB|seed=11|fraction=0.1|gamma=1|tau=0.05|lambda=0.8,learning_curve,GaitPDB,11,0.1,5,1.0,0.05,0.8,vera_balanced_iut,False,,,0.0,True,NA,False,False,False,True
learning_curve|GaitPDB|seed=11|fraction=0.1|gamma=1|tau=0.05|lambda=0.8,learning_curve,GaitPDB,11,0.1,5,1.0,0.05,0.8,vera_balanced_envelope,False,,,0.0,True,NA,False,False,False,True
learning_curve|GaitPDB|seed=11|fraction=0.1|gamma=1|tau=0.05|lambda=0.8,learning_curve,GaitPDB,11,0.1,5,1.0,0.05,0.8,external_balanced_oracle,True,LEACE::closed_form,LEACE,0.0,True,True,False,False,False,True
learning_curve|GaitPDB|seed=11|fraction=0.1|gamma=1|tau=0.1|lambda=0.6,learning_curve,GaitPDB,11,0.1,5,1.0,0.1,0.6,always_deploy_balanced,True,LEACE::closed_form,LEACE,0.0,True,True,False,False,False,True
learning_curve|GaitPDB|seed=11|fraction=0.1|gamma=1|tau=0.1|lambda=0.6,learning_curve,GaitPDB,11,0.1,5,1.0,0.1,0.6,point_selection_balanced,False,,,0.0,True,NA,False,False,False,True
learning_curve|GaitPDB|seed=11|fraction=0.1|gamma=1|tau=0.1|lambda=0.6,learning_curve,GaitPDB,11,0.1,5,1.0,0.1,0.6,vera_balanced_iut,False,,,0.0,True,NA,False,False,False,True
learning_curve|GaitPDB|seed=11|fraction=0.1|gamma=1|tau=0.1|lambda=0.6,learning_curve,GaitPDB,11,0.1,5,1.0,0.1,0.6,vera_balanced_envelope,False,,,0.0,True,NA,False,False,False,True
learning_curve|GaitPDB|seed=11|fraction=0.1|gamma=1|tau=0.1|lambda=0.6,learning_curve,GaitPDB,11,0.1,5,1.0,0.1,0.6,external_balanced_oracle,True,LEACE::closed_form,LEACE,0.0,True,True,False,False,False,True
learning_curve|GaitPDB|seed=11|fraction=0.1|gamma=1|tau=0.1|lambda=0.7,learning_curve,GaitPDB,11,0.1,5,1.0,0.1,0.7,always_deploy_balanced,True,LEACE::closed_form,LEACE,0.0,True,True,False,False,False,True
learning_curve|GaitPDB|seed=11|fraction=0.1|gamma=1|tau=0.1|lambda=0.7,learning_curve,GaitPDB,11,0.1,5,1.0,0.1,0.7,point_selection_balanced,True,LEACE::closed_form,LEACE,0.0,True,True,False,False,False,True
learning_curve|GaitPDB|seed=11|fraction=0.1|gamma=1|tau=0.1|lambda=0.7,learning_curve,GaitPDB,11,0.1,5,1.0,0.1,0.7,vera_balanced_iut,False,,,0.0,True,NA,False,False,False,True
learning_curve|GaitPDB|seed=11|fraction=0.1|gamma=1|tau=0.1|lambda=0.7,learning_curve,GaitPDB,11,0.1,5,1.0,0.1,0.7,vera_balanced_envelope,False,,,0.0,True,NA,False,False,False,True
learning_curve|GaitPDB|seed=11|fraction=0.1|gamma=1|tau=0.1|lambda=0.7,learning_curve,GaitPDB,11,0.1,5,1.0,0.1,0.7,external_balanced_oracle,True,LEACE::closed_form,LEACE,0.0,True,True,False,False,False,True
learning_curve|GaitPDB|seed=11|fraction=0.1|gamma=1|tau=0.1|lambda=0.8,learning_curve,GaitPDB,11,0.1,5,1.0,0.1,0.8,always_deploy_balanced,True,LEACE::closed_form,LEACE,0.0,True,True,False,False,False,True
learning_curve|GaitPDB|seed=11|fraction=0.1|gamma=1|tau=0.1|lambda=0.8,learning_curve,GaitPDB,11,0.1,5,1.0,0.1,0.8,point_selection_balanced,True,LEACE::closed_form,LEACE,0.0,True,True,False,False,False,True
learning_curve|GaitPDB|seed=11|fraction=0.1|gamma=1|tau=0.1|lambda=0.8,learning_curve,GaitPDB,11,0.1,5,1.0,0.1,0.8,vera_balanced_iut,False,,,0.0,True,NA,False,False,False,True
learning_curve|GaitPDB|seed=11|fraction=0.1|gamma=1|tau=0.1|lambda=0.8,learning_curve,GaitPDB,11,0.1,5,1.0,0.1,0.8,vera_balanced_envelope,False,,,0.0,True,NA,False,False,False,True
learning_curve|GaitPDB|seed=11|fraction=0.1|gamma=1|tau=0.1|lambda=0.8,learning_curve,GaitPDB,11,0.1,5,1.0,0.1,0.8,external_balanced_oracle,True,LEACE::closed_form,LEACE,0.0,True,True,False,False,False,True
learning_curve|GaitPDB|seed=11|fraction=0.1|gamma=1|tau=0.2|lambda=0.6,learning_curve,GaitPDB,11,0.1,5,1.0,0.2,0.6,always_deploy_balanced,True,LEACE::closed_form,LEACE,0.0,True,True,False,False,False,True
learning_curve|GaitPDB|seed=11|fraction=0.1|gamma=1|tau=0.2|lambda=0.6,learning_curve,GaitPDB,11,0.1,5,1.0,0.2,0.6,point_selection_balanced,False,,,0.0,True,NA,False,False,False,True
learning_curve|GaitPDB|seed=11|fraction=0.1|gamma=1|tau=0.2|lambda=0.6,learning_curve,GaitPDB,11,0.1,5,1.0,0.2,0.6,vera_balanced_iut,False,,,0.0,True,NA,False,False,False,True
learning_curve|GaitPDB|seed=11|fraction=0.1|gamma=1|tau=0.2|lambda=0.6,learning_curve,GaitPDB,11,0.1,5,1.0,0.2,0.6,vera_balanced_envelope,False,,,0.0,True,NA,False,False,False,True
learning_curve|GaitPDB|seed=11|fraction=0.1|gamma=1|tau=0.2|lambda=0.6,learning_curve,GaitPDB,11,0.1,5,1.0,0.2,0.6,external_balanced_oracle,True,LEACE::closed_form,LEACE,0.0,True,True,False,False,False,True
learning_curve|GaitPDB|seed=11|fraction=0.1|gamma=1|tau=0.2|lambda=0.7,learning_curve,GaitPDB,11,0.1,5,1.0,0.2,0.7,always_deploy_balanced,True,LEACE::closed_form,LEACE,0.0,True,True,False,False,False,True
learning_curve|GaitPDB|seed=11|fraction=0.1|gamma=1|tau=0.2|lambda=0.7,learning_curve,GaitPDB,11,0.1,5,1.0,0.2,0.7,point_selection_balanced,True,LEACE::closed_form,LEACE,0.0,True,True,False,False,False,True
learning_curve|GaitPDB|seed=11|fraction=0.1|gamma=1|tau=0.2|lambda=0.7,learning_curve,GaitPDB,11,0.1,5,1.0,0.2,0.7,vera_balanced_iut,False,,,0.0,True,NA,False,False,False,True
learning_curve|GaitPDB|seed=11|fraction=0.1|gamma=1|tau=0.2|lambda=0.7,learning_curve,GaitPDB,11,0.1,5,1.0,0.2,0.7,vera_balanced_envelope,False,,,0.0,True,NA,False,False,False,True
learning_curve|GaitPDB|seed=11|fraction=0.1|gamma=1|tau=0.2|lambda=0.7,learning_curve,GaitPDB,11,0.1,5,1.0,0.2,0.7,external_balanced_oracle,True,LEACE::closed_form,LEACE,0.0,True,True,False,False,False,True
learning_curve|GaitPDB|seed=11|fraction=0.1|gamma=1|tau=0.2|lambda=0.8,learning_curve,GaitPDB,11,0.1,5,1.0,0.2,0.8,always_deploy_balanced,True,LEACE::closed_form,LEACE,0.0,True,True,False,False,False,True
learning_curve|GaitPDB|seed=11|fraction=0.1|gamma=1|tau=0.2|lambda=0.8,learning_curve,GaitPDB,11,0.1,5,1.0,0.2,0.8,point_selection_balanced,True,LEACE::closed_form,LEACE,0.0,True,True,False,False,False,True
learning_curve|GaitPDB|seed=11|fraction=0.1|gamma=1|tau=0.2|lambda=0.8,learning_curve,GaitPDB,11,0.1,5,1.0,0.2,0.8,vera_balanced_iut,False,,,0.0,True,NA,False,False,False,True
learning_curve|GaitPDB|seed=11|fraction=0.1|gamma=1|tau=0.2|lambda=0.8,learning_curve,GaitPDB,11,0.1,5,1.0,0.2,0.8,vera_balanced_envelope,False,,,0.0,True,NA,False,False,False,True
learning_curve|GaitPDB|seed=11|fraction=0.1|gamma=1|tau=0.2|lambda=0.8,learning_curve,GaitPDB,11,0.1,5,1.0,0.2,0.8,external_balanced_oracle,True,LEACE::closed_form,LEACE,0.0,True,True,False,False,False,True
learning_curve|GaitPDB|seed=11|fraction=0.25|gamma=1|tau=0.05|lambda=0.6,learning_curve,GaitPDB,11,0.25,14,1.0,0.05,0.6,always_deploy_balanced,True,LEACE::closed_form,LEACE,0.0,True,True,False,False,False,True
learning_curve|GaitPDB|seed=11|fraction=0.25|gamma=1|tau=0.05|lambda=0.6,learning_curve,GaitPDB,11,0.25,14,1.0,0.05,0.6,point_selection_balanced,True,LEACE::closed_form,LEACE,0.0,True,True,False,False,False,True
learning_curve|GaitPDB|seed=11|fraction=0.25|gamma=1|tau=0.05|lambda=0.6,learning_curve,GaitPDB,11,0.25,14,1.0,0.05,0.6,vera_balanced_iut,False,,,0.0,True,NA,False,False,False,True
learning_curve|GaitPDB|seed=11|fraction=0.25|gamma=1|tau=0.05|lambda=0.6,learning_curve,GaitPDB,11,0.25,14,1.0,0.05,0.6,vera_balanced_envelope,False,,,0.0,True,NA,False,False,False,True
learning_curve|GaitPDB|seed=11|fraction=0.25|gamma=1|tau=0.05|lambda=0.6,learning_curve,GaitPDB,11,0.25,14,1.0,0.05,0.6,external_balanced_oracle,True,LEACE::closed_form,LEACE,0.0,True,True,False,False,False,True
learning_curve|GaitPDB|seed=11|fraction=0.25|gamma=1|tau=0.05|lambda=0.7,learning_curve,GaitPDB,11,0.25,14,1.0,0.05,0.7,always_deploy_balanced,True,LEACE::closed_form,LEACE,0.0,True,True,False,False,False,True
learning_curve|GaitPDB|seed=11|fraction=0.25|gamma=1|tau=0.05|lambda=0.7,learning_curve,GaitPDB,11,0.25,14,1.0,0.05,0.7,point_selection_balanced,True,LEACE::closed_form,LEACE,0.0,True,True,False,False,False,True
learning_curve|GaitPDB|seed=11|fraction=0.25|gamma=1|tau=0.05|lambda=0.7,learning_curve,GaitPDB,11,0.25,14,1.0,0.05,0.7,vera_balanced_iut,False,,,0.0,True,NA,False,False,False,True
learning_curve|GaitPDB|seed=11|fraction=0.25|gamma=1|tau=0.05|lambda=0.7,learning_curve,GaitPDB,11,0.25,14,1.0,0.05,0.7,vera_balanced_envelope,False,,,0.0,True,NA,False,False,False,True
learning_curve|GaitPDB|seed=11|fraction=0.25|gamma=1|tau=0.05|lambda=0.7,learning_curve,GaitPDB,11,0.25,14,1.0,0.05,0.7,external_balanced_oracle,True,LEACE::closed_form,LEACE,0.0,True,True,False,False,False,True
learning_curve|GaitPDB|seed=11|fraction=0.25|gamma=1|tau=0.05|lambda=0.8,learning_curve,GaitPDB,11,0.25,14,1.0,0.05,0.8,always_deploy_balanced,True,LEACE::closed_form,LEACE,0.0,True,True,False,False,False,True
learning_curve|GaitPDB|seed=11|fraction=0.25|gamma=1|tau=0.05|lambda=0.8,learning_curve,GaitPDB,11,0.25,14,1.0,0.05,0.8,point_selection_balanced,True,LEACE::closed_form,LEACE,0.0,True,True,False,False,False,True
learning_curve|GaitPDB|seed=11|fraction=0.25|gamma=1|tau=0.05|lambda=0.8,learning_curve,GaitPDB,11,0.25,14,1.0,0.05,0.8,vera_balanced_iut,False,,,0.0,True,NA,False,False,False,True
learning_curve|GaitPDB|seed=11|fraction=0.25|gamma=1|tau=0.05|lambda=0.8,learning_curve,GaitPDB,11,0.25,14,1.0,0.05,0.8,vera_balanced_envelope,False,,,0.0,True,NA,False,False,False,True
learning_curve|GaitPDB|seed=11|fraction=0.25|gamma=1|tau=0.05|lambda=0.8,learning_curve,GaitPDB,11,0.25,14,1.0,0.05,0.8,external_balanced_oracle,True,LEACE::closed_form,LEACE,0.0,True,True,False,False,False,True
learning_curve|GaitPDB|seed=11|fraction=0.25|gamma=1|tau=0.1|lambda=0.6,learning_curve,GaitPDB,11,0.25,14,1.0,0.1,0.6,always_deploy_balanced,True,LEACE::closed_form,LEACE,0.0,True,True,False,False,False,True
learning_curve|GaitPDB|seed=11|fraction=0.25|gamma=1|tau=0.1|lambda=0.6,learning_curve,GaitPDB,11,0.25,14,1.0,0.1,0.6,point_selection_balanced,True,LEACE::closed_form,LEACE,0.0,True,True,False,False,False,True
learning_curve|GaitPDB|seed=11|fraction=0.25|gamma=1|tau=0.1|lambda=0.6,learning_curve,GaitPDB,11,0.25,14,1.0,0.1,0.6,vera_balanced_iut,False,,,0.0,True,NA,False,False,False,True
learning_curve|GaitPDB|seed=11|fraction=0.25|gamma=1|tau=0.1|lambda=0.6,learning_curve,GaitPDB,11,0.25,14,1.0,0.1,0.6,vera_balanced_envelope,False,,,0.0,True,NA,False,False,False,True
learning_curve|GaitPDB|seed=11|fraction=0.25|gamma=1|tau=0.1|lambda=0.6,learning_curve,GaitPDB,11,0.25,14,1.0,0.1,0.6,external_balanced_oracle,True,LEACE::closed_form,LEACE,0.0,True,True,False,False,False,True
learning_curve|GaitPDB|seed=11|fraction=0.25|gamma=1|tau=0.1|lambda=0.7,learning_curve,GaitPDB,11,0.25,14,1.0,0.1,0.7,always_deploy_balanced,True,LEACE::closed_form,LEACE,0.0,True,True,False,False,False,True
learning_curve|GaitPDB|seed=11|fraction=0.25|gamma=1|tau=0.1|lambda=0.7,learning_curve,GaitPDB,11,0.25,14,1.0,0.1,0.7,point_selection_balanced,True,LEACE::closed_form,LEACE,0.0,True,True,False,False,False,True
learning_curve|GaitPDB|seed=11|fraction=0.25|gamma=1|tau=0.1|lambda=0.7,learning_curve,GaitPDB,11,0.25,14,1.0,0.1,0.7,vera_balanced_iut,False,,,0.0,True,NA,False,False,False,True
learning_curve|GaitPDB|seed=11|fraction=0.25|gamma=1|tau=0.1|lambda=0.7,learning_curve,GaitPDB,11,0.25,14,1.0,0.1,0.7,vera_balanced_envelope,False,,,0.0,True,NA,False,False,False,True
learning_curve|GaitPDB|seed=11|fraction=0.25|gamma=1|tau=0.1|lambda=0.7,learning_curve,GaitPDB,11,0.25,14,1.0,0.1,0.7,external_balanced_oracle,True,LEACE::closed_form,LEACE,0.0,True,True,False,False,False,True
learning_curve|GaitPDB|seed=11|fraction=0.25|gamma=1|tau=0.1|lambda=0.8,learning_curve,GaitPDB,11,0.25,14,1.0,0.1,0.8,always_deploy_balanced,True,LEACE::closed_form,LEACE,0.0,True,True,False,False,False,True
learning_curve|GaitPDB|seed=11|fraction=0.25|gamma=1|tau=0.1|lambda=0.8,learning_curve,GaitPDB,11,0.25,14,1.0,0.1,0.8,point_selection_balanced,True,LEACE::closed_form,LEACE,0.0,True,True,False,False,False,True
learning_curve|GaitPDB|seed=11|fraction=0.25|gamma=1|tau=0.1|lambda=0.8,learning_curve,GaitPDB,11,0.25,14,1.0,0.1,0.8,vera_balanced_iut,False,,,0.0,True,NA,False,False,False,True
learning_curve|GaitPDB|seed=11|fraction=0.25|gamma=1|tau=0.1|lambda=0.8,learning_curve,GaitPDB,11,0.25,14,1.0,0.1,0.8,vera_balanced_envelope,False,,,0.0,True,NA,False,False,False,True
learning_curve|GaitPDB|seed=11|fraction=0.25|gamma=1|tau=0.1|lambda=0.8,learning_curve,GaitPDB,11,0.25,14,1.0,0.1,0.8,external_balanced_oracle,True,LEACE::closed_form,LEACE,0.0,True,True,False,False,False,True
learning_curve|GaitPDB|seed=11|fraction=0.25|gamma=1|tau=0.2|lambda=0.6,learning_curve,GaitPDB,11,0.25,14,1.0,0.2,0.6,always_deploy_balanced,True,LEACE::closed_form,LEACE,0.0,True,True,False,False,False,True
learning_curve|GaitPDB|seed=11|fraction=0.25|gamma=1|tau=0.2|lambda=0.6,learning_curve,GaitPDB,11,0.25,14,1.0,0.2,0.6,point_selection_balanced,True,LEACE::closed_form,LEACE,0.0,True,True,False,False,False,True
learning_curve|GaitPDB|seed=11|fraction=0.25|gamma=1|tau=0.2|lambda=0.6,learning_curve,GaitPDB,11,0.25,14,1.0,0.2,0.6,vera_balanced_iut,False,,,0.0,True,NA,False,False,False,True
learning_curve|GaitPDB|seed=11|fraction=0.25|gamma=1|tau=0.2|lambda=0.6,learning_curve,GaitPDB,11,0.25,14,1.0,0.2,0.6,vera_balanced_envelope,False,,,0.0,True,NA,False,False,False,True
learning_curve|GaitPDB|seed=11|fraction=0.25|gamma=1|tau=0.2|lambda=0.6,learning_curve,GaitPDB,11,0.25,14,1.0,0.2,0.6,external_balanced_oracle,True,LEACE::closed_form,LEACE,0.0,True,True,False,False,False,True
learning_curve|GaitPDB|seed=11|fraction=0.25|gamma=1|tau=0.2|lambda=0.7,learning_curve,GaitPDB,11,0.25,14,1.0,0.2,0.7,always_deploy_balanced,True,LEACE::closed_form,LEACE,0.0,True,True,False,False,False,True
learning_curve|GaitPDB|seed=11|fraction=0.25|gamma=1|tau=0.2|lambda=0.7,learning_curve,GaitPDB,11,0.25,14,1.0,0.2,0.7,point_selection_balanced,True,LEACE::closed_form,LEACE,0.0,True,True,False,False,False,True
learning_curve|GaitPDB|seed=11|fraction=0.25|gamma=1|tau=0.2|lambda=0.7,learning_curve,GaitPDB,11,0.25,14,1.0,0.2,0.7,vera_balanced_iut,False,,,0.0,True,NA,False,False,False,True
learning_curve|GaitPDB|seed=11|fraction=0.25|gamma=1|tau=0.2|lambda=0.7,learning_curve,GaitPDB,11,0.25,14,1.0,0.2,0.7,vera_balanced_envelope,False,,,0.0,True,NA,False,False,False,True
learning_curve|GaitPDB|seed=11|fraction=0.25|gamma=1|tau=0.2|lambda=0.7,learning_curve,GaitPDB,11,0.25,14,1.0,0.2,0.7,external_balanced_oracle,True,LEACE::closed_form,LEACE,0.0,True,True,False,False,False,True
learning_curve|GaitPDB|seed=11|fraction=0.25|gamma=1|tau=0.2|lambda=0.8,learning_curve,GaitPDB,11,0.25,14,1.0,0.2,0.8,always_deploy_balanced,True,LEACE::closed_form,LEACE,0.0,True,True,False,False,False,True
learning_curve|GaitPDB|seed=11|fraction=0.25|gamma=1|tau=0.2|lambda=0.8,learning_curve,GaitPDB,11,0.25,14,1.0,0.2,0.8,point_selection_balanced,True,LEACE::closed_form,LEACE,0.0,True,True,False,False,False,True
learning_curve|GaitPDB|seed=11|fraction=0.25|gamma=1|tau=0.2|lambda=0.8,learning_curve,GaitPDB,11,0.25,14,1.0,0.2,0.8,vera_balanced_iut,False,,,0.0,True,NA,False,False,False,True
learning_curve|GaitPDB|seed=11|fraction=0.25|gamma=1|tau=0.2|lambda=0.8,learning_curve,GaitPDB,11,0.25,14,1.0,0.2,0.8,vera_balanced_envelope,False,,,0.0,True,NA,False,False,False,True
learning_curve|GaitPDB|seed=11|fraction=0.25|gamma=1|tau=0.2|lambda=0.8,learning_curve,GaitPDB,11,0.25,14,1.0,0.2,0.8,external_balanced_oracle,True,LEACE::closed_form,LEACE,0.0,True,True,False,False,False,True
learning_curve|GaitPDB|seed=11|fraction=0.5|gamma=1|tau=0.05|lambda=0.6,learning_curve,GaitPDB,11,0.5,30,1.0,0.05,0.6,always_deploy_balanced,True,LEACE::closed_form,LEACE,0.0,True,True,False,False,False,True
learning_curve|GaitPDB|seed=11|fraction=0.5|gamma=1|tau=0.05|lambda=0.6,learning_curve,GaitPDB,11,0.5,30,1.0,0.05,0.6,point_selection_balanced,True,LEACE::closed_form,LEACE,0.0,True,True,False,False,False,True
learning_curve|GaitPDB|seed=11|fraction=0.5|gamma=1|tau=0.05|lambda=0.6,learning_curve,GaitPDB,11,0.5,30,1.0,0.05,0.6,vera_balanced_iut,False,,,0.0,True,NA,False,False,False,True
learning_curve|GaitPDB|seed=11|fraction=0.5|gamma=1|tau=0.05|lambda=0.6,learning_curve,GaitPDB,11,0.5,30,1.0,0.05,0.6,vera_balanced_envelope,False,,,0.0,True,NA,False,False,False,True
learning_curve|GaitPDB|seed=11|fraction=0.5|gamma=1|tau=0.05|lambda=0.6,learning_curve,GaitPDB,11,0.5,30,1.0,0.05,0.6,external_balanced_oracle,True,LEACE::closed_form,LEACE,0.0,True,True,False,False,False,True
learning_curve|GaitPDB|seed=11|fraction=0.5|gamma=1|tau=0.05|lambda=0.7,learning_curve,GaitPDB,11,0.5,30,1.0,0.05,0.7,always_deploy_balanced,True,LEACE::closed_form,LEACE,0.0,True,True,False,False,False,True
learning_curve|GaitPDB|seed=11|fraction=0.5|gamma=1|tau=0.05|lambda=0.7,learning_curve,GaitPDB,11,0.5,30,1.0,0.05,0.7,point_selection_balanced,True,LEACE::closed_form,LEACE,0.0,True,True,False,False,False,True
learning_curve|GaitPDB|seed=11|fraction=0.5|gamma=1|tau=0.05|lambda=0.7,learning_curve,GaitPDB,11,0.5,30,1.0,0.05,0.7,vera_balanced_iut,False,,,0.0,True,NA,False,False,False,True
learning_curve|GaitPDB|seed=11|fraction=0.5|gamma=1|tau=0.05|lambda=0.7,learning_curve,GaitPDB,11,0.5,30,1.0,0.05,0.7,vera_balanced_envelope,False,,,0.0,True,NA,False,False,False,True
learning_curve|GaitPDB|seed=11|fraction=0.5|gamma=1|tau=0.05|lambda=0.7,learning_curve,GaitPDB,11,0.5,30,1.0,0.05,0.7,external_balanced_oracle,True,LEACE::closed_form,LEACE,0.0,True,True,False,False,False,True
learning_curve|GaitPDB|seed=11|fraction=0.5|gamma=1|tau=0.05|lambda=0.8,learning_curve,GaitPDB,11,0.5,30,1.0,0.05,0.8,always_deploy_balanced,True,LEACE::closed_form,LEACE,0.0,True,True,False,False,False,True
learning_curve|GaitPDB|seed=11|fraction=0.5|gamma=1|tau=0.05|lambda=0.8,learning_curve,GaitPDB,11,0.5,30,1.0,0.05,0.8,point_selection_balanced,True,LEACE::closed_form,LEACE,0.0,True,True,False,False,False,True
learning_curve|GaitPDB|seed=11|fraction=0.5|gamma=1|tau=0.05|lambda=0.8,learning_curve,GaitPDB,11,0.5,30,1.0,0.05,0.8,vera_balanced_iut,False,,,0.0,True,NA,False,False,False,True
learning_curve|GaitPDB|seed=11|fraction=0.5|gamma=1|tau=0.05|lambda=0.8,learning_curve,GaitPDB,11,0.5,30,1.0,0.05,0.8,vera_balanced_envelope,False,,,0.0,True,NA,False,False,False,True
learning_curve|GaitPDB|seed=11|fraction=0.5|gamma=1|tau=0.05|lambda=0.8,learning_curve,GaitPDB,11,0.5,30,1.0,0.05,0.8,external_balanced_oracle,True,LEACE::closed_form,LEACE,0.0,True,True,False,False,False,True
learning_curve|GaitPDB|seed=11|fraction=0.5|gamma=1|tau=0.1|lambda=0.6,learning_curve,GaitPDB,11,0.5,30,1.0,0.1,0.6,always_deploy_balanced,True,LEACE::closed_form,LEACE,0.0,True,True,False,False,False,True
learning_curve|GaitPDB|seed=11|fraction=0.5|gamma=1|tau=0.1|lambda=0.6,learning_curve,GaitPDB,11,0.5,30,1.0,0.1,0.6,point_selection_balanced,True,LEACE::closed_form,LEACE,0.0,True,True,False,False,False,True
learning_curve|GaitPDB|seed=11|fraction=0.5|gamma=1|tau=0.1|lambda=0.6,learning_curve,GaitPDB,11,0.5,30,1.0,0.1,0.6,vera_balanced_iut,False,,,0.0,True,NA,False,False,False,True
learning_curve|GaitPDB|seed=11|fraction=0.5|gamma=1|tau=0.1|lambda=0.6,learning_curve,GaitPDB,11,0.5,30,1.0,0.1,0.6,vera_balanced_envelope,False,,,0.0,True,NA,False,False,False,True
learning_curve|GaitPDB|seed=11|fraction=0.5|gamma=1|tau=0.1|lambda=0.6,learning_curve,GaitPDB,11,0.5,30,1.0,0.1,0.6,external_balanced_oracle,True,LEACE::closed_form,LEACE,0.0,True,True,False,False,False,True
learning_curve|GaitPDB|seed=11|fraction=0.5|gamma=1|tau=0.1|lambda=0.7,learning_curve,GaitPDB,11,0.5,30,1.0,0.1,0.7,always_deploy_balanced,True,LEACE::closed_form,LEACE,0.0,True,True,False,False,False,True
learning_curve|GaitPDB|seed=11|fraction=0.5|gamma=1|tau=0.1|lambda=0.7,learning_curve,GaitPDB,11,0.5,30,1.0,0.1,0.7,point_selection_balanced,True,LEACE::closed_form,LEACE,0.0,True,True,False,False,False,True
learning_curve|GaitPDB|seed=11|fraction=0.5|gamma=1|tau=0.1|lambda=0.7,learning_curve,GaitPDB,11,0.5,30,1.0,0.1,0.7,vera_balanced_iut,False,,,0.0,True,NA,False,False,False,True
learning_curve|GaitPDB|seed=11|fraction=0.5|gamma=1|tau=0.1|lambda=0.7,learning_curve,GaitPDB,11,0.5,30,1.0,0.1,0.7,vera_balanced_envelope,False,,,0.0,True,NA,False,False,False,True
learning_curve|GaitPDB|seed=11|fraction=0.5|gamma=1|tau=0.1|lambda=0.7,learning_curve,GaitPDB,11,0.5,30,1.0,0.1,0.7,external_balanced_oracle,True,LEACE::closed_form,LEACE,0.0,True,True,False,False,False,True
learning_curve|GaitPDB|seed=11|fraction=0.5|gamma=1|tau=0.1|lambda=0.8,learning_curve,GaitPDB,11,0.5,30,1.0,0.1,0.8,always_deploy_balanced,True,LEACE::closed_form,LEACE,0.0,True,True,False,False,False,True
learning_curve|GaitPDB|seed=11|fraction=0.5|gamma=1|tau=0.1|lambda=0.8,learning_curve,GaitPDB,11,0.5,30,1.0,0.1,0.8,point_selection_balanced,True,LEACE::closed_form,LEACE,0.0,True,True,False,False,False,True
learning_curve|GaitPDB|seed=11|fraction=0.5|gamma=1|tau=0.1|lambda=0.8,learning_curve,GaitPDB,11,0.5,30,1.0,0.1,0.8,vera_balanced_iut,False,,,0.0,True,NA,False,False,False,True
learning_curve|GaitPDB|seed=11|fraction=0.5|gamma=1|tau=0.1|lambda=0.8,learning_curve,GaitPDB,11,0.5,30,1.0,0.1,0.8,vera_balanced_envelope,False,,,0.0,True,NA,False,False,False,True
learning_curve|GaitPDB|seed=11|fraction=0.5|gamma=1|tau=0.1|lambda=0.8,learning_curve,GaitPDB,11,0.5,30,1.0,0.1,0.8,external_balanced_oracle,True,LEACE::closed_form,LEACE,0.0,True,True,False,False,False,True
learning_curve|GaitPDB|seed=11|fraction=0.5|gamma=1|tau=0.2|lambda=0.6,learning_curve,GaitPDB,11,0.5,30,1.0,0.2,0.6,always_deploy_balanced,True,LEACE::closed_form,LEACE,0.0,True,True,False,False,False,True
learning_curve|GaitPDB|seed=11|fraction=0.5|gamma=1|tau=0.2|lambda=0.6,learning_curve,GaitPDB,11,0.5,30,1.0,0.2,0.6,point_selection_balanced,True,LEACE::closed_form,LEACE,0.0,True,True,False,False,False,True
learning_curve|GaitPDB|seed=11|fraction=0.5|gamma=1|tau=0.2|lambda=0.6,learning_curve,GaitPDB,11,0.5,30,1.0,0.2,0.6,vera_balanced_iut,False,,,0.0,True,NA,False,False,False,True
learning_curve|GaitPDB|seed=11|fraction=0.5|gamma=1|tau=0.2|lambda=0.6,learning_curve,GaitPDB,11,0.5,30,1.0,0.2,0.6,vera_balanced_envelope,False,,,0.0,True,NA,False,False,False,True
learning_curve|GaitPDB|seed=11|fraction=0.5|gamma=1|tau=0.2|lambda=0.6,learning_curve,GaitPDB,11,0.5,30,1.0,0.2,0.6,external_balanced_oracle,True,LEACE::closed_form,LEACE,0.0,True,True,False,False,False,True
learning_curve|GaitPDB|seed=11|fraction=0.5|gamma=1|tau=0.2|lambda=0.7,learning_curve,GaitPDB,11,0.5,30,1.0,0.2,0.7,always_deploy_balanced,True,LEACE::closed_form,LEACE,0.0,True,True,False,False,False,True
learning_curve|GaitPDB|seed=11|fraction=0.5|gamma=1|tau=0.2|lambda=0.7,learning_curve,GaitPDB,11,0.5,30,1.0,0.2,0.7,point_selection_balanced,True,LEACE::closed_form,LEACE,0.0,True,True,False,False,False,True
learning_curve|GaitPDB|seed=11|fraction=0.5|gamma=1|tau=0.2|lambda=0.7,learning_curve,GaitPDB,11,0.5,30,1.0,0.2,0.7,vera_balanced_iut,False,,,0.0,True,NA,False,False,False,True
learning_curve|GaitPDB|seed=11|fraction=0.5|gamma=1|tau=0.2|lambda=0.7,learning_curve,GaitPDB,11,0.5,30,1.0,0.2,0.7,vera_balanced_envelope,False,,,0.0,True,NA,False,False,False,True
learning_curve|GaitPDB|seed=11|fraction=0.5|gamma=1|tau=0.2|lambda=0.7,learning_curve,GaitPDB,11,0.5,30,1.0,0.2,0.7,external_balanced_oracle,True,LEACE::closed_form,LEACE,0.0,True,True,False,False,False,True
learning_curve|GaitPDB|seed=11|fraction=0.5|gamma=1|tau=0.2|lambda=0.8,learning_curve,GaitPDB,11,0.5,30,1.0,0.2,0.8,always_deploy_balanced,True,LEACE::closed_form,LEACE,0.0,True,True,False,False,False,True
learning_curve|GaitPDB|seed=11|fraction=0.5|gamma=1|tau=0.2|lambda=0.8,learning_curve,GaitPDB,11,0.5,30,1.0,0.2,0.8,point_selection_balanced,True,LEACE::closed_form,LEACE,0.0,True,True,False,False,False,True
learning_curve|GaitPDB|seed=11|fraction=0.5|gamma=1|tau=0.2|lambda=0.8,learning_curve,GaitPDB,11,0.5,30,1.0,0.2,0.8,vera_balanced_iut,False,,,0.0,True,NA,False,False,False,True
learning_curve|GaitPDB|seed=11|fraction=0.5|gamma=1|tau=0.2|lambda=0.8,learning_curve,GaitPDB,11,0.5,30,1.0,0.2,0.8,vera_balanced_envelope,False,,,0.0,True,NA,False,False,False,True
learning_curve|GaitPDB|seed=11|fraction=0.5|gamma=1|tau=0.2|lambda=0.8,learning_curve,GaitPDB,11,0.5,30,1.0,0.2,0.8,external_balanced_oracle,True,LEACE::closed_form,LEACE,0.0,True,True,False,False,False,True
primary|GaitPDB|seed=11|fraction=1|gamma=1|tau=0.05|lambda=0.6,primary,GaitPDB,11,1.0,63,1.0,0.05,0.6,always_deploy_balanced,True,LEACE::closed_form,LEACE,0.0,True,True,False,False,False,True
primary|GaitPDB|seed=11|fraction=1|gamma=1|tau=0.05|lambda=0.6,primary,GaitPDB,11,1.0,63,1.0,0.05,0.6,point_selection_balanced,True,LEACE::closed_form,LEACE,0.0,True,True,False,False,False,True
primary|GaitPDB|seed=11|fraction=1|gamma=1|tau=0.05|lambda=0.6,primary,GaitPDB,11,1.0,63,1.0,0.05,0.6,vera_balanced_iut,False,,,0.0,True,NA,False,False,False,True
primary|GaitPDB|seed=11|fraction=1|gamma=1|tau=0.05|lambda=0.6,primary,GaitPDB,11,1.0,63,1.0,0.05,0.6,vera_balanced_envelope,False,,,0.0,True,NA,False,False,False,True
primary|GaitPDB|seed=11|fraction=1|gamma=1|tau=0.05|lambda=0.6,primary,GaitPDB,11,1.0,63,1.0,0.05,0.6,external_balanced_oracle,True,LEACE::closed_form,LEACE,0.0,True,True,False,False,False,True
primary|GaitPDB|seed=11|fraction=1|gamma=1|tau=0.05|lambda=0.7,primary,GaitPDB,11,1.0,63,1.0,0.05,0.7,always_deploy_balanced,True,LEACE::closed_form,LEACE,0.0,True,True,False,False,False,True
primary|GaitPDB|seed=11|fraction=1|gamma=1|tau=0.05|lambda=0.7,primary,GaitPDB,11,1.0,63,1.0,0.05,0.7,point_selection_balanced,True,LEACE::closed_form,LEACE,0.0,True,True,False,False,False,True
primary|GaitPDB|seed=11|fraction=1|gamma=1|tau=0.05|lambda=0.7,primary,GaitPDB,11,1.0,63,1.0,0.05,0.7,vera_balanced_iut,False,,,0.0,True,NA,False,False,False,True
primary|GaitPDB|seed=11|fraction=1|gamma=1|tau=0.05|lambda=0.7,primary,GaitPDB,11,1.0,63,1.0,0.05,0.7,vera_balanced_envelope,False,,,0.0,True,NA,False,False,False,True
primary|GaitPDB|seed=11|fraction=1|gamma=1|tau=0.05|lambda=0.7,primary,GaitPDB,11,1.0,63,1.0,0.05,0.7,external_balanced_oracle,True,LEACE::closed_form,LEACE,0.0,True,True,False,False,False,True
primary|GaitPDB|seed=11|fraction=1|gamma=1|tau=0.05|lambda=0.8,primary,GaitPDB,11,1.0,63,1.0,0.05,0.8,always_deploy_balanced,True,LEACE::closed_form,LEACE,0.0,True,True,False,False,False,True
primary|GaitPDB|seed=11|fraction=1|gamma=1|tau=0.05|lambda=0.8,primary,GaitPDB,11,1.0,63,1.0,0.05,0.8,point_selection_balanced,True,LEACE::closed_form,LEACE,0.0,True,True,False,False,False,True
primary|GaitPDB|seed=11|fraction=1|gamma=1|tau=0.05|lambda=0.8,primary,GaitPDB,11,1.0,63,1.0,0.05,0.8,vera_balanced_iut,False,,,0.0,True,NA,False,False,False,True
primary|GaitPDB|seed=11|fraction=1|gamma=1|tau=0.05|lambda=0.8,primary,GaitPDB,11,1.0,63,1.0,0.05,0.8,vera_balanced_envelope,False,,,0.0,True,NA,False,False,False,True
primary|GaitPDB|seed=11|fraction=1|gamma=1|tau=0.05|lambda=0.8,primary,GaitPDB,11,1.0,63,1.0,0.05,0.8,external_balanced_oracle,True,LEACE::closed_form,LEACE,0.0,True,True,False,False,False,True
primary|GaitPDB|seed=11|fraction=1|gamma=1|tau=0.1|lambda=0.6,primary,GaitPDB,11,1.0,63,1.0,0.1,0.6,always_deploy_balanced,True,LEACE::closed_form,LEACE,0.0,True,True,False,False,False,True
primary|GaitPDB|seed=11|fraction=1|gamma=1|tau=0.1|lambda=0.6,primary,GaitPDB,11,1.0,63,1.0,0.1,0.6,point_selection_balanced,True,LEACE::closed_form,LEACE,0.0,True,True,False,False,False,True
primary|GaitPDB|seed=11|fraction=1|gamma=1|tau=0.1|lambda=0.6,primary,GaitPDB,11,1.0,63,1.0,0.1,0.6,vera_balanced_iut,False,,,0.0,True,NA,False,False,False,True
primary|GaitPDB|seed=11|fraction=1|gamma=1|tau=0.1|lambda=0.6,primary,GaitPDB,11,1.0,63,1.0,0.1,0.6,vera_balanced_envelope,False,,,0.0,True,NA,False,False,False,True
primary|GaitPDB|seed=11|fraction=1|gamma=1|tau=0.1|lambda=0.6,primary,GaitPDB,11,1.0,63,1.0,0.1,0.6,external_balanced_oracle,True,LEACE::closed_form,LEACE,0.0,True,True,False,False,False,True
primary|GaitPDB|seed=11|fraction=1|gamma=1|tau=0.1|lambda=0.7,primary,GaitPDB,11,1.0,63,1.0,0.1,0.7,always_deploy_balanced,True,LEACE::closed_form,LEACE,0.0,True,True,False,False,False,True
primary|GaitPDB|seed=11|fraction=1|gamma=1|tau=0.1|lambda=0.7,primary,GaitPDB,11,1.0,63,1.0,0.1,0.7,point_selection_balanced,True,LEACE::closed_form,LEACE,0.0,True,True,False,False,False,True
primary|GaitPDB|seed=11|fraction=1|gamma=1|tau=0.1|lambda=0.7,primary,GaitPDB,11,1.0,63,1.0,0.1,0.7,vera_balanced_iut,False,,,0.0,True,NA,False,False,False,True
primary|GaitPDB|seed=11|fraction=1|gamma=1|tau=0.1|lambda=0.7,primary,GaitPDB,11,1.0,63,1.0,0.1,0.7,vera_balanced_envelope,False,,,0.0,True,NA,False,False,False,True
primary|GaitPDB|seed=11|fraction=1|gamma=1|tau=0.1|lambda=0.7,primary,GaitPDB,11,1.0,63,1.0,0.1,0.7,external_balanced_oracle,True,LEACE::closed_form,LEACE,0.0,True,True,False,False,False,True
primary|GaitPDB|seed=11|fraction=1|gamma=1|tau=0.1|lambda=0.8,primary,GaitPDB,11,1.0,63,1.0,0.1,0.8,always_deploy_balanced,True,LEACE::closed_form,LEACE,0.0,True,True,False,False,False,True
primary|GaitPDB|seed=11|fraction=1|gamma=1|tau=0.1|lambda=0.8,primary,GaitPDB,11,1.0,63,1.0,0.1,0.8,point_selection_balanced,True,LEACE::closed_form,LEACE,0.0,True,True,False,False,False,True
primary|GaitPDB|seed=11|fraction=1|gamma=1|tau=0.1|lambda=0.8,primary,GaitPDB,11,1.0,63,1.0,0.1,0.8,vera_balanced_iut,False,,,0.0,True,NA,False,False,False,True
primary|GaitPDB|seed=11|fraction=1|gamma=1|tau=0.1|lambda=0.8,primary,GaitPDB,11,1.0,63,1.0,0.1,0.8,vera_balanced_envelope,False,,,0.0,True,NA,False,False,False,True
primary|GaitPDB|seed=11|fraction=1|gamma=1|tau=0.1|lambda=0.8,primary,GaitPDB,11,1.0,63,1.0,0.1,0.8,external_balanced_oracle,True,LEACE::closed_form,LEACE,0.0,True,True,False,False,False,True
primary|GaitPDB|seed=11|fraction=1|gamma=1|tau=0.2|lambda=0.6,primary,GaitPDB,11,1.0,63,1.0,0.2,0.6,always_deploy_balanced,True,LEACE::closed_form,LEACE,0.0,True,True,False,False,False,True
primary|GaitPDB|seed=11|fraction=1|gamma=1|tau=0.2|lambda=0.6,primary,GaitPDB,11,1.0,63,1.0,0.2,0.6,point_selection_balanced,True,LEACE::closed_form,LEACE,0.0,True,True,False,False,False,True
primary|GaitPDB|seed=11|fraction=1|gamma=1|tau=0.2|lambda=0.6,primary,GaitPDB,11,1.0,63,1.0,0.2,0.6,vera_balanced_iut,False,,,0.0,True,NA,False,False,False,True
primary|GaitPDB|seed=11|fraction=1|gamma=1|tau=0.2|lambda=0.6,primary,GaitPDB,11,1.0,63,1.0,0.2,0.6,vera_balanced_envelope,False,,,0.0,True,NA,False,False,False,True
primary|GaitPDB|seed=11|fraction=1|gamma=1|tau=0.2|lambda=0.6,primary,GaitPDB,11,1.0,63,1.0,0.2,0.6,external_balanced_oracle,True,LEACE::closed_form,LEACE,0.0,True,True,False,False,False,True
primary|GaitPDB|seed=11|fraction=1|gamma=1|tau=0.2|lambda=0.7,primary,GaitPDB,11,1.0,63,1.0,0.2,0.7,always_deploy_balanced,True,LEACE::closed_form,LEACE,0.0,True,True,False,False,False,True
primary|GaitPDB|seed=11|fraction=1|gamma=1|tau=0.2|lambda=0.7,primary,GaitPDB,11,1.0,63,1.0,0.2,0.7,point_selection_balanced,True,LEACE::closed_form,LEACE,0.0,True,True,False,False,False,True
primary|GaitPDB|seed=11|fraction=1|gamma=1|tau=0.2|lambda=0.7,primary,GaitPDB,11,1.0,63,1.0,0.2,0.7,vera_balanced_iut,True,LEACE::closed_form,LEACE,0.0,True,True,False,False,False,True
primary|GaitPDB|seed=11|fraction=1|gamma=1|tau=0.2|lambda=0.7,primary,GaitPDB,11,1.0,63,1.0,0.2,0.7,vera_balanced_envelope,False,,,0.0,True,NA,False,False,False,True
primary|GaitPDB|seed=11|fraction=1|gamma=1|tau=0.2|lambda=0.7,primary,GaitPDB,11,1.0,63,1.0,0.2,0.7,external_balanced_oracle,True,LEACE::closed_form,LEACE,0.0,True,True,False,False,False,True
primary|GaitPDB|seed=11|fraction=1|gamma=1|tau=0.2|lambda=0.8,primary,GaitPDB,11,1.0,63,1.0,0.2,0.8,always_deploy_balanced,True,LEACE::closed_form,LEACE,0.0,True,True,False,False,False,True
primary|GaitPDB|seed=11|fraction=1|gamma=1|tau=0.2|lambda=0.8,primary,GaitPDB,11,1.0,63,1.0,0.2,0.8,point_selection_balanced,True,LEACE::closed_form,LEACE,0.0,True,True,False,False,False,True
primary|GaitPDB|seed=11|fraction=1|gamma=1|tau=0.2|lambda=0.8,primary,GaitPDB,11,1.0,63,1.0,0.2,0.8,vera_balanced_iut,True,LEACE::closed_form,LEACE,0.0,True,True,False,False,False,True
primary|GaitPDB|seed=11|fraction=1|gamma=1|tau=0.2|lambda=0.8,primary,GaitPDB,11,1.0,63,1.0,0.2,0.8,vera_balanced_envelope,False,,,0.0,True,NA,False,False,False,True
primary|GaitPDB|seed=11|fraction=1|gamma=1|tau=0.2|lambda=0.8,primary,GaitPDB,11,1.0,63,1.0,0.2,0.8,external_balanced_oracle,True,LEACE::closed_form,LEACE,0.0,True,True,False,False,False,True
shifted_sensitivity|GaitPDB|seed=11|fraction=1|gamma=1.01|tau=0.05|lambda=0.6,shifted_sensitivity,GaitPDB,11,1.0,63,1.01,0.05,0.6,always_deploy_balanced,True,LEACE::closed_form,LEACE,0.0,True,True,False,False,False,True
shifted_sensitivity|GaitPDB|seed=11|fraction=1|gamma=1.01|tau=0.05|lambda=0.6,shifted_sensitivity,GaitPDB,11,1.0,63,1.01,0.05,0.6,point_selection_balanced,True,LEACE::closed_form,LEACE,0.0,True,True,False,False,False,True
shifted_sensitivity|GaitPDB|seed=11|fraction=1|gamma=1.01|tau=0.05|lambda=0.6,shifted_sensitivity,GaitPDB,11,1.0,63,1.01,0.05,0.6,vera_balanced_iut,False,,,0.0,True,NA,False,False,False,True
shifted_sensitivity|GaitPDB|seed=11|fraction=1|gamma=1.01|tau=0.05|lambda=0.6,shifted_sensitivity,GaitPDB,11,1.0,63,1.01,0.05,0.6,vera_balanced_envelope,False,,,0.0,True,NA,False,False,False,True
shifted_sensitivity|GaitPDB|seed=11|fraction=1|gamma=1.01|tau=0.05|lambda=0.6,shifted_sensitivity,GaitPDB,11,1.0,63,1.01,0.05,0.6,external_balanced_oracle,True,LEACE::closed_form,LEACE,0.0,True,True,False,False,False,True
shifted_sensitivity|GaitPDB|seed=11|fraction=1|gamma=1.01|tau=0.05|lambda=0.7,shifted_sensitivity,GaitPDB,11,1.0,63,1.01,0.05,0.7,always_deploy_balanced,True,LEACE::closed_form,LEACE,0.0,True,True,False,False,False,True
shifted_sensitivity|GaitPDB|seed=11|fraction=1|gamma=1.01|tau=0.05|lambda=0.7,shifted_sensitivity,GaitPDB,11,1.0,63,1.01,0.05,0.7,point_selection_balanced,True,LEACE::closed_form,LEACE,0.0,True,True,False,False,False,True
shifted_sensitivity|GaitPDB|seed=11|fraction=1|gamma=1.01|tau=0.05|lambda=0.7,shifted_sensitivity,GaitPDB,11,1.0,63,1.01,0.05,0.7,vera_balanced_iut,False,,,0.0,True,NA,False,False,False,True
shifted_sensitivity|GaitPDB|seed=11|fraction=1|gamma=1.01|tau=0.05|lambda=0.7,shifted_sensitivity,GaitPDB,11,1.0,63,1.01,0.05,0.7,vera_balanced_envelope,False,,,0.0,True,NA,False,False,False,True
shifted_sensitivity|GaitPDB|seed=11|fraction=1|gamma=1.01|tau=0.05|lambda=0.7,shifted_sensitivity,GaitPDB,11,1.0,63,1.01,0.05,0.7,external_balanced_oracle,True,LEACE::closed_form,LEACE,0.0,True,True,False,False,False,True
shifted_sensitivity|GaitPDB|seed=11|fraction=1|gamma=1.01|tau=0.05|lambda=0.8,shifted_sensitivity,GaitPDB,11,1.0,63,1.01,0.05,0.8,always_deploy_balanced,True,LEACE::closed_form,LEACE,0.0,True,True,False,False,False,True
shifted_sensitivity|GaitPDB|seed=11|fraction=1|gamma=1.01|tau=0.05|lambda=0.8,shifted_sensitivity,GaitPDB,11,1.0,63,1.01,0.05,0.8,point_selection_balanced,True,LEACE::closed_form,LEACE,0.0,True,True,False,False,False,True
shifted_sensitivity|GaitPDB|seed=11|fraction=1|gamma=1.01|tau=0.05|lambda=0.8,shifted_sensitivity,GaitPDB,11,1.0,63,1.01,0.05,0.8,vera_balanced_iut,False,,,0.0,True,NA,False,False,False,True
shifted_sensitivity|GaitPDB|seed=11|fraction=1|gamma=1.01|tau=0.05|lambda=0.8,shifted_sensitivity,GaitPDB,11,1.0,63,1.01,0.05,0.8,vera_balanced_envelope,False,,,0.0,True,NA,False,False,False,True
shifted_sensitivity|GaitPDB|seed=11|fraction=1|gamma=1.01|tau=0.05|lambda=0.8,shifted_sensitivity,GaitPDB,11,1.0,63,1.01,0.05,0.8,external_balanced_oracle,True,LEACE::closed_form,LEACE,0.0,True,True,False,False,False,True
shifted_sensitivity|GaitPDB|seed=11|fraction=1|gamma=1.01|tau=0.1|lambda=0.6,shifted_sensitivity,GaitPDB,11,1.0,63,1.01,0.1,0.6,always_deploy_balanced,True,LEACE::closed_form,LEACE,0.0,True,True,False,False,False,True
shifted_sensitivity|GaitPDB|seed=11|fraction=1|gamma=1.01|tau=0.1|lambda=0.6,shifted_sensitivity,GaitPDB,11,1.0,63,1.01,0.1,0.6,point_selection_balanced,True,LEACE::closed_form,LEACE,0.0,True,True,False,False,False,True
shifted_sensitivity|GaitPDB|seed=11|fraction=1|gamma=1.01|tau=0.1|lambda=0.6,shifted_sensitivity,GaitPDB,11,1.0,63,1.01,0.1,0.6,vera_balanced_iut,False,,,0.0,True,NA,False,False,False,True
shifted_sensitivity|GaitPDB|seed=11|fraction=1|gamma=1.01|tau=0.1|lambda=0.6,shifted_sensitivity,GaitPDB,11,1.0,63,1.01,0.1,0.6,vera_balanced_envelope,False,,,0.0,True,NA,False,False,False,True
shifted_sensitivity|GaitPDB|seed=11|fraction=1|gamma=1.01|tau=0.1|lambda=0.6,shifted_sensitivity,GaitPDB,11,1.0,63,1.01,0.1,0.6,external_balanced_oracle,True,LEACE::closed_form,LEACE,0.0,True,True,False,False,False,True
shifted_sensitivity|GaitPDB|seed=11|fraction=1|gamma=1.01|tau=0.1|lambda=0.7,shifted_sensitivity,GaitPDB,11,1.0,63,1.01,0.1,0.7,always_deploy_balanced,True,LEACE::closed_form,LEACE,0.0,True,True,False,False,False,True
shifted_sensitivity|GaitPDB|seed=11|fraction=1|gamma=1.01|tau=0.1|lambda=0.7,shifted_sensitivity,GaitPDB,11,1.0,63,1.01,0.1,0.7,point_selection_balanced,True,LEACE::closed_form,LEACE,0.0,True,True,False,False,False,True
shifted_sensitivity|GaitPDB|seed=11|fraction=1|gamma=1.01|tau=0.1|lambda=0.7,shifted_sensitivity,GaitPDB,11,1.0,63,1.01,0.1,0.7,vera_balanced_iut,False,,,0.0,True,NA,False,False,False,True
shifted_sensitivity|GaitPDB|seed=11|fraction=1|gamma=1.01|tau=0.1|lambda=0.7,shifted_sensitivity,GaitPDB,11,1.0,63,1.01,0.1,0.7,vera_balanced_envelope,False,,,0.0,True,NA,False,False,False,True
shifted_sensitivity|GaitPDB|seed=11|fraction=1|gamma=1.01|tau=0.1|lambda=0.7,shifted_sensitivity,GaitPDB,11,1.0,63,1.01,0.1,0.7,external_balanced_oracle,True,LEACE::closed_form,LEACE,0.0,True,True,False,False,False,True
shifted_sensitivity|GaitPDB|seed=11|fraction=1|gamma=1.01|tau=0.1|lambda=0.8,shifted_sensitivity,GaitPDB,11,1.0,63,1.01,0.1,0.8,always_deploy_balanced,True,LEACE::closed_form,LEACE,0.0,True,True,False,False,False,True
shifted_sensitivity|GaitPDB|seed=11|fraction=1|gamma=1.01|tau=0.1|lambda=0.8,shifted_sensitivity,GaitPDB,11,1.0,63,1.01,0.1,0.8,point_selection_balanced,True,LEACE::closed_form,LEACE,0.0,True,True,False,False,False,True
shifted_sensitivity|GaitPDB|seed=11|fraction=1|gamma=1.01|tau=0.1|lambda=0.8,shifted_sensitivity,GaitPDB,11,1.0,63,1.01,0.1,0.8,vera_balanced_iut,False,,,0.0,True,NA,False,False,False,True
shifted_sensitivity|GaitPDB|seed=11|fraction=1|gamma=1.01|tau=0.1|lambda=0.8,shifted_sensitivity,GaitPDB,11,1.0,63,1.01,0.1,0.8,vera_balanced_envelope,False,,,0.0,True,NA,False,False,False,True
shifted_sensitivity|GaitPDB|seed=11|fraction=1|gamma=1.01|tau=0.1|lambda=0.8,shifted_sensitivity,GaitPDB,11,1.0,63,1.01,0.1,0.8,external_balanced_oracle,True,LEACE::closed_form,LEACE,0.0,True,True,False,False,False,True
shifted_sensitivity|GaitPDB|seed=11|fraction=1|gamma=1.01|tau=0.2|lambda=0.6,shifted_sensitivity,GaitPDB,11,1.0,63,1.01,0.2,0.6,always_deploy_balanced,True,LEACE::closed_form,LEACE,0.0,True,True,False,False,False,True
shifted_sensitivity|GaitPDB|seed=11|fraction=1|gamma=1.01|tau=0.2|lambda=0.6,shifted_sensitivity,GaitPDB,11,1.0,63,1.01,0.2,0.6,point_selection_balanced,True,LEACE::closed_form,LEACE,0.0,True,True,False,False,False,True
shifted_sensitivity|GaitPDB|seed=11|fraction=1|gamma=1.01|tau=0.2|lambda=0.6,shifted_sensitivity,GaitPDB,11,1.0,63,1.01,0.2,0.6,vera_balanced_iut,False,,,0.0,True,NA,False,False,False,True
shifted_sensitivity|GaitPDB|seed=11|fraction=1|gamma=1.01|tau=0.2|lambda=0.6,shifted_sensitivity,GaitPDB,11,1.0,63,1.01,0.2,0.6,vera_balanced_envelope,False,,,0.0,True,NA,False,False,False,True
shifted_sensitivity|GaitPDB|seed=11|fraction=1|gamma=1.01|tau=0.2|lambda=0.6,shifted_sensitivity,GaitPDB,11,1.0,63,1.01,0.2,0.6,external_balanced_oracle,True,LEACE::closed_form,LEACE,0.0,True,True,False,False,False,True
shifted_sensitivity|GaitPDB|seed=11|fraction=1|gamma=1.01|tau=0.2|lambda=0.7,shifted_sensitivity,GaitPDB,11,1.0,63,1.01,0.2,0.7,always_deploy_balanced,True,LEACE::closed_form,LEACE,0.0,True,True,False,False,False,True
shifted_sensitivity|GaitPDB|seed=11|fraction=1|gamma=1.01|tau=0.2|lambda=0.7,shifted_sensitivity,GaitPDB,11,1.0,63,1.01,0.2,0.7,point_selection_balanced,True,LEACE::closed_form,LEACE,0.0,True,True,False,False,False,True
shifted_sensitivity|GaitPDB|seed=11|fraction=1|gamma=1.01|tau=0.2|lambda=0.7,shifted_sensitivity,GaitPDB,11,1.0,63,1.01,0.2,0.7,vera_balanced_iut,True,LEACE::closed_form,LEACE,0.0,True,True,False,False,False,True
shifted_sensitivity|GaitPDB|seed=11|fraction=1|gamma=1.01|tau=0.2|lambda=0.7,shifted_sensitivity,GaitPDB,11,1.0,63,1.01,0.2,0.7,vera_balanced_envelope,False,,,0.0,True,NA,False,False,False,True
shifted_sensitivity|GaitPDB|seed=11|fraction=1|gamma=1.01|tau=0.2|lambda=0.7,shifted_sensitivity,GaitPDB,11,1.0,63,1.01,0.2,0.7,external_balanced_oracle,True,LEACE::closed_form,LEACE,0.0,True,True,False,False,False,True
shifted_sensitivity|GaitPDB|seed=11|fraction=1|gamma=1.01|tau=0.2|lambda=0.8,shifted_sensitivity,GaitPDB,11,1.0,63,1.01,0.2,0.8,always_deploy_balanced,True,LEACE::closed_form,LEACE,0.0,True,True,False,False,False,True
shifted_sensitivity|GaitPDB|seed=11|fraction=1|gamma=1.01|tau=0.2|lambda=0.8,shifted_sensitivity,GaitPDB,11,1.0,63,1.01,0.2,0.8,point_selection_balanced,True,LEACE::closed_form,LEACE,0.0,True,True,False,False,False,True
shifted_sensitivity|GaitPDB|seed=11|fraction=1|gamma=1.01|tau=0.2|lambda=0.8,shifted_sensitivity,GaitPDB,11,1.0,63,1.01,0.2,0.8,vera_balanced_iut,True,LEACE::closed_form,LEACE,0.0,True,True,False,False,False,True
shifted_sensitivity|GaitPDB|seed=11|fraction=1|gamma=1.01|tau=0.2|lambda=0.8,shifted_sensitivity,GaitPDB,11,1.0,63,1.01,0.2,0.8,vera_balanced_envelope,False,,,0.0,True,NA,False,False,False,True
shifted_sensitivity|GaitPDB|seed=11|fraction=1|gamma=1.01|tau=0.2|lambda=0.8,shifted_sensitivity,GaitPDB,11,1.0,63,1.01,0.2,0.8,external_balanced_oracle,True,LEACE::closed_form,LEACE,0.0,True,True,False,False,False,True
learning_curve|GaitPDB|seed=12|fraction=0.05|gamma=1|tau=0.05|lambda=0.6,learning_curve,GaitPDB,12,0.05,4,1.0,0.05,0.6,always_deploy_balanced,True,LEACE::closed_form,LEACE,0.0,True,True,False,False,False,True
learning_curve|GaitPDB|seed=12|fraction=0.05|gamma=1|tau=0.05|lambda=0.6,learning_curve,GaitPDB,12,0.05,4,1.0,0.05,0.6,point_selection_balanced,True,LEACE::closed_form,LEACE,0.0,True,True,False,False,False,True
learning_curve|GaitPDB|seed=12|fraction=0.05|gamma=1|tau=0.05|lambda=0.6,learning_curve,GaitPDB,12,0.05,4,1.0,0.05,0.6,vera_balanced_iut,False,,,0.0,True,NA,False,False,False,True
learning_curve|GaitPDB|seed=12|fraction=0.05|gamma=1|tau=0.05|lambda=0.6,learning_curve,GaitPDB,12,0.05,4,1.0,0.05,0.6,vera_balanced_envelope,False,,,0.0,True,NA,False,False,False,True
learning_curve|GaitPDB|seed=12|fraction=0.05|gamma=1|tau=0.05|lambda=0.6,learning_curve,GaitPDB,12,0.05,4,1.0,0.05,0.6,external_balanced_oracle,True,LEACE::closed_form,LEACE,0.0,True,True,False,False,False,True
learning_curve|GaitPDB|seed=12|fraction=0.05|gamma=1|tau=0.05|lambda=0.7,learning_curve,GaitPDB,12,0.05,4,1.0,0.05,0.7,always_deploy_balanced,True,LEACE::closed_form,LEACE,0.0,True,True,False,False,False,True
learning_curve|GaitPDB|seed=12|fraction=0.05|gamma=1|tau=0.05|lambda=0.7,learning_curve,GaitPDB,12,0.05,4,1.0,0.05,0.7,point_selection_balanced,True,LEACE::closed_form,LEACE,0.0,True,True,False,False,False,True
learning_curve|GaitPDB|seed=12|fraction=0.05|gamma=1|tau=0.05|lambda=0.7,learning_curve,GaitPDB,12,0.05,4,1.0,0.05,0.7,vera_balanced_iut,False,,,0.0,True,NA,False,False,False,True
learning_curve|GaitPDB|seed=12|fraction=0.05|gamma=1|tau=0.05|lambda=0.7,learning_curve,GaitPDB,12,0.05,4,1.0,0.05,0.7,vera_balanced_envelope,False,,,0.0,True,NA,False,False,False,True
learning_curve|GaitPDB|seed=12|fraction=0.05|gamma=1|tau=0.05|lambda=0.7,learning_curve,GaitPDB,12,0.05,4,1.0,0.05,0.7,external_balanced_oracle,True,LEACE::closed_form,LEACE,0.0,True,True,False,False,False,True
learning_curve|GaitPDB|seed=12|fraction=0.05|gamma=1|tau=0.05|lambda=0.8,learning_curve,GaitPDB,12,0.05,4,1.0,0.05,0.8,always_deploy_balanced,True,LEACE::closed_form,LEACE,0.0,True,True,False,False,False,True
learning_curve|GaitPDB|seed=12|fraction=0.05|gamma=1|tau=0.05|lambda=0.8,learning_curve,GaitPDB,12,0.05,4,1.0,0.05,0.8,point_selection_balanced,True,LEACE::closed_form,LEACE,0.0,True,True,False,False,False,True
learning_curve|GaitPDB|seed=12|fraction=0.05|gamma=1|tau=0.05|lambda=0.8,learning_curve,GaitPDB,12,0.05,4,1.0,0.05,0.8,vera_balanced_iut,False,,,0.0,True,NA,False,False,False,True
learning_curve|GaitPDB|seed=12|fraction=0.05|gamma=1|tau=0.05|lambda=0.8,learning_curve,GaitPDB,12,0.05,4,1.0,0.05,0.8,vera_balanced_envelope,False,,,0.0,True,NA,False,False,False,True
learning_curve|GaitPDB|seed=12|fraction=0.05|gamma=1|tau=0.05|lambda=0.8,learning_curve,GaitPDB,12,0.05,4,1.0,0.05,0.8,external_balanced_oracle,True,LEACE::closed_form,LEACE,0.0,True,True,False,False,False,True
learning_curve|GaitPDB|seed=12|fraction=0.05|gamma=1|tau=0.1|lambda=0.6,learning_curve,GaitPDB,12,0.05,4,1.0,0.1,0.6,always_deploy_balanced,True,LEACE::closed_form,LEACE,0.0,True,True,False,False,False,True
learning_curve|GaitPDB|seed=12|fraction=0.05|gamma=1|tau=0.1|lambda=0.6,learning_curve,GaitPDB,12,0.05,4,1.0,0.1,0.6,point_selection_balanced,True,LEACE::closed_form,LEACE,0.0,True,True,False,False,False,True
learning_curve|GaitPDB|seed=12|fraction=0.05|gamma=1|tau=0.1|lambda=0.6,learning_curve,GaitPDB,12,0.05,4,1.0,0.1,0.6,vera_balanced_iut,False,,,0.0,True,NA,False,False,False,True
learning_curve|GaitPDB|seed=12|fraction=0.05|gamma=1|tau=0.1|lambda=0.6,learning_curve,GaitPDB,12,0.05,4,1.0,0.1,0.6,vera_balanced_envelope,False,,,0.0,True,NA,False,False,False,True
learning_curve|GaitPDB|seed=12|fraction=0.05|gamma=1|tau=0.1|lambda=0.6,learning_curve,GaitPDB,12,0.05,4,1.0,0.1,0.6,external_balanced_oracle,True,LEACE::closed_form,LEACE,0.0,True,True,False,False,False,True
learning_curve|GaitPDB|seed=12|fraction=0.05|gamma=1|tau=0.1|lambda=0.7,learning_curve,GaitPDB,12,0.05,4,1.0,0.1,0.7,always_deploy_balanced,True,LEACE::closed_form,LEACE,0.0,True,True,False,False,False,True
learning_curve|GaitPDB|seed=12|fraction=0.05|gamma=1|tau=0.1|lambda=0.7,learning_curve,GaitPDB,12,0.05,4,1.0,0.1,0.7,point_selection_balanced,True,LEACE::closed_form,LEACE,0.0,True,True,False,False,False,True
learning_curve|GaitPDB|seed=12|fraction=0.05|gamma=1|tau=0.1|lambda=0.7,learning_curve,GaitPDB,12,0.05,4,1.0,0.1,0.7,vera_balanced_iut,False,,,0.0,True,NA,False,False,False,True
learning_curve|GaitPDB|seed=12|fraction=0.05|gamma=1|tau=0.1|lambda=0.7,learning_curve,GaitPDB,12,0.05,4,1.0,0.1,0.7,vera_balanced_envelope,False,,,0.0,True,NA,False,False,False,True
learning_curve|GaitPDB|seed=12|fraction=0.05|gamma=1|tau=0.1|lambda=0.7,learning_curve,GaitPDB,12,0.05,4,1.0,0.1,0.7,external_balanced_oracle,True,LEACE::closed_form,LEACE,0.0,True,True,False,False,False,True
learning_curve|GaitPDB|seed=12|fraction=0.05|gamma=1|tau=0.1|lambda=0.8,learning_curve,GaitPDB,12,0.05,4,1.0,0.1,0.8,always_deploy_balanced,True,LEACE::closed_form,LEACE,0.0,True,True,False,False,False,True
learning_curve|GaitPDB|seed=12|fraction=0.05|gamma=1|tau=0.1|lambda=0.8,learning_curve,GaitPDB,12,0.05,4,1.0,0.1,0.8,point_selection_balanced,True,LEACE::closed_form,LEACE,0.0,True,True,False,False,False,True
learning_curve|GaitPDB|seed=12|fraction=0.05|gamma=1|tau=0.1|lambda=0.8,learning_curve,GaitPDB,12,0.05,4,1.0,0.1,0.8,vera_balanced_iut,False,,,0.0,True,NA,False,False,False,True
learning_curve|GaitPDB|seed=12|fraction=0.05|gamma=1|tau=0.1|lambda=0.8,learning_curve,GaitPDB,12,0.05,4,1.0,0.1,0.8,vera_balanced_envelope,False,,,0.0,True,NA,False,False,False,True
learning_curve|GaitPDB|seed=12|fraction=0.05|gamma=1|tau=0.1|lambda=0.8,learning_curve,GaitPDB,12,0.05,4,1.0,0.1,0.8,external_balanced_oracle,True,LEACE::closed_form,LEACE,0.0,True,True,False,False,False,True
learning_curve|GaitPDB|seed=12|fraction=0.05|gamma=1|tau=0.2|lambda=0.6,learning_curve,GaitPDB,12,0.05,4,1.0,0.2,0.6,always_deploy_balanced,True,LEACE::closed_form,LEACE,0.0,True,True,False,False,False,True
learning_curve|GaitPDB|seed=12|fraction=0.05|gamma=1|tau=0.2|lambda=0.6,learning_curve,GaitPDB,12,0.05,4,1.0,0.2,0.6,point_selection_balanced,True,LEACE::closed_form,LEACE,0.0,True,True,False,False,False,True
learning_curve|GaitPDB|seed=12|fraction=0.05|gamma=1|tau=0.2|lambda=0.6,learning_curve,GaitPDB,12,0.05,4,1.0,0.2,0.6,vera_balanced_iut,False,,,0.0,True,NA,False,False,False,True
learning_curve|GaitPDB|seed=12|fraction=0.05|gamma=1|tau=0.2|lambda=0.6,learning_curve,GaitPDB,12,0.05,4,1.0,0.2,0.6,vera_balanced_envelope,False,,,0.0,True,NA,False,False,False,True
learning_curve|GaitPDB|seed=12|fraction=0.05|gamma=1|tau=0.2|lambda=0.6,learning_curve,GaitPDB,12,0.05,4,1.0,0.2,0.6,external_balanced_oracle,True,LEACE::closed_form,LEACE,0.0,True,True,False,False,False,True
learning_curve|GaitPDB|seed=12|fraction=0.05|gamma=1|tau=0.2|lambda=0.7,learning_curve,GaitPDB,12,0.05,4,1.0,0.2,0.7,always_deploy_balanced,True,LEACE::closed_form,LEACE,0.0,True,True,False,False,False,True
learning_curve|GaitPDB|seed=12|fraction=0.05|gamma=1|tau=0.2|lambda=0.7,learning_curve,GaitPDB,12,0.05,4,1.0,0.2,0.7,point_selection_balanced,True,LEACE::closed_form,LEACE,0.0,True,True,False,False,False,True
learning_curve|GaitPDB|seed=12|fraction=0.05|gamma=1|tau=0.2|lambda=0.7,learning_curve,GaitPDB,12,0.05,4,1.0,0.2,0.7,vera_balanced_iut,False,,,0.0,True,NA,False,False,False,True
learning_curve|GaitPDB|seed=12|fraction=0.05|gamma=1|tau=0.2|lambda=0.7,learning_curve,GaitPDB,12,0.05,4,1.0,0.2,0.7,vera_balanced_envelope,False,,,0.0,True,NA,False,False,False,True
learning_curve|GaitPDB|seed=12|fraction=0.05|gamma=1|tau=0.2|lambda=0.7,learning_curve,GaitPDB,12,0.05,4,1.0,0.2,0.7,external_balanced_oracle,True,LEACE::closed_form,LEACE,0.0,True,True,False,False,False,True
learning_curve|GaitPDB|seed=12|fraction=0.05|gamma=1|tau=0.2|lambda=0.8,learning_curve,GaitPDB,12,0.05,4,1.0,0.2,0.8,always_deploy_balanced,True,LEACE::closed_form,LEACE,0.0,True,True,False,False,False,True
learning_curve|GaitPDB|seed=12|fraction=0.05|gamma=1|tau=0.2|lambda=0.8,learning_curve,GaitPDB,12,0.05,4,1.0,0.2,0.8,point_selection_balanced,True,LEACE::closed_form,LEACE,0.0,True,True,False,False,False,True
learning_curve|GaitPDB|seed=12|fraction=0.05|gamma=1|tau=0.2|lambda=0.8,learning_curve,GaitPDB,12,0.05,4,1.0,0.2,0.8,vera_balanced_iut,False,,,0.0,True,NA,False,False,False,True
learning_curve|GaitPDB|seed=12|fraction=0.05|gamma=1|tau=0.2|lambda=0.8,learning_curve,GaitPDB,12,0.05,4,1.0,0.2,0.8,vera_balanced_envelope,False,,,0.0,True,NA,False,False,False,True
learning_curve|GaitPDB|seed=12|fraction=0.05|gamma=1|tau=0.2|lambda=0.8,learning_curve,GaitPDB,12,0.05,4,1.0,0.2,0.8,external_balanced_oracle,True,LEACE::closed_form,LEACE,0.0,True,True,False,False,False,True
learning_curve|GaitPDB|seed=12|fraction=0.1|gamma=1|tau=0.05|lambda=0.6,learning_curve,GaitPDB,12,0.1,5,1.0,0.05,0.6,always_deploy_balanced,True,LEACE::closed_form,LEACE,0.0,True,True,False,False,False,True
learning_curve|GaitPDB|seed=12|fraction=0.1|gamma=1|tau=0.05|lambda=0.6,learning_curve,GaitPDB,12,0.1,5,1.0,0.05,0.6,point_selection_balanced,True,LEACE::closed_form,LEACE,0.0,True,True,False,False,False,True
learning_curve|GaitPDB|seed=12|fraction=0.1|gamma=1|tau=0.05|lambda=0.6,learning_curve,GaitPDB,12,0.1,5,1.0,0.05,0.6,vera_balanced_iut,False,,,0.0,True,NA,False,False,False,True
learning_curve|GaitPDB|seed=12|fraction=0.1|gamma=1|tau=0.05|lambda=0.6,learning_curve,GaitPDB,12,0.1,5,1.0,0.05,0.6,vera_balanced_envelope,False,,,0.0,True,NA,False,False,False,True
learning_curve|GaitPDB|seed=12|fraction=0.1|gamma=1|tau=0.05|lambda=0.6,learning_curve,GaitPDB,12,0.1,5,1.0,0.05,0.6,external_balanced_oracle,True,LEACE::closed_form,LEACE,0.0,True,True,False,False,False,True
learning_curve|GaitPDB|seed=12|fraction=0.1|gamma=1|tau=0.05|lambda=0.7,learning_curve,GaitPDB,12,0.1,5,1.0,0.05,0.7,always_deploy_balanced,True,LEACE::closed_form,LEACE,0.0,True,True,False,False,False,True
learning_curve|GaitPDB|seed=12|fraction=0.1|gamma=1|tau=0.05|lambda=0.7,learning_curve,GaitPDB,12,0.1,5,1.0,0.05,0.7,point_selection_balanced,True,LEACE::closed_form,LEACE,0.0,True,True,False,False,False,True
learning_curve|GaitPDB|seed=12|fraction=0.1|gamma=1|tau=0.05|lambda=0.7,learning_curve,GaitPDB,12,0.1,5,1.0,0.05,0.7,vera_balanced_iut,False,,,0.0,True,NA,False,False,False,True
learning_curve|GaitPDB|seed=12|fraction=0.1|gamma=1|tau=0.05|lambda=0.7,learning_curve,GaitPDB,12,0.1,5,1.0,0.05,0.7,vera_balanced_envelope,False,,,0.0,True,NA,False,False,False,True
learning_curve|GaitPDB|seed=12|fraction=0.1|gamma=1|tau=0.05|lambda=0.7,learning_curve,GaitPDB,12,0.1,5,1.0,0.05,0.7,external_balanced_oracle,True,LEACE::closed_form,LEACE,0.0,True,True,False,False,False,True
learning_curve|GaitPDB|seed=12|fraction=0.1|gamma=1|tau=0.05|lambda=0.8,learning_curve,GaitPDB,12,0.1,5,1.0,0.05,0.8,always_deploy_balanced,True,LEACE::closed_form,LEACE,0.0,True,True,False,False,False,True
learning_curve|GaitPDB|seed=12|fraction=0.1|gamma=1|tau=0.05|lambda=0.8,learning_curve,GaitPDB,12,0.1,5,1.0,0.05,0.8,point_selection_balanced,True,LEACE::closed_form,LEACE,0.0,True,True,False,False,False,True
learning_curve|GaitPDB|seed=12|fraction=0.1|gamma=1|tau=0.05|lambda=0.8,learning_curve,GaitPDB,12,0.1,5,1.0,0.05,0.8,vera_balanced_iut,False,,,0.0,True,NA,False,False,False,True
learning_curve|GaitPDB|seed=12|fraction=0.1|gamma=1|tau=0.05|lambda=0.8,learning_curve,GaitPDB,12,0.1,5,1.0,0.05,0.8,vera_balanced_envelope,False,,,0.0,True,NA,False,False,False,True
learning_curve|GaitPDB|seed=12|fraction=0.1|gamma=1|tau=0.05|lambda=0.8,learning_curve,GaitPDB,12,0.1,5,1.0,0.05,0.8,external_balanced_oracle,True,LEACE::closed_form,LEACE,0.0,True,True,False,False,False,True
learning_curve|GaitPDB|seed=12|fraction=0.1|gamma=1|tau=0.1|lambda=0.6,learning_curve,GaitPDB,12,0.1,5,1.0,0.1,0.6,always_deploy_balanced,True,LEACE::closed_form,LEACE,0.0,True,True,False,False,False,True
learning_curve|GaitPDB|seed=12|fraction=0.1|gamma=1|tau=0.1|lambda=0.6,learning_curve,GaitPDB,12,0.1,5,1.0,0.1,0.6,point_selection_balanced,True,LEACE::closed_form,LEACE,0.0,True,True,False,False,False,True
learning_curve|GaitPDB|seed=12|fraction=0.1|gamma=1|tau=0.1|lambda=0.6,learning_curve,GaitPDB,12,0.1,5,1.0,0.1,0.6,vera_balanced_iut,False,,,0.0,True,NA,False,False,False,True
learning_curve|GaitPDB|seed=12|fraction=0.1|gamma=1|tau=0.1|lambda=0.6,learning_curve,GaitPDB,12,0.1,5,1.0,0.1,0.6,vera_balanced_envelope,False,,,0.0,True,NA,False,False,False,True
learning_curve|GaitPDB|seed=12|fraction=0.1|gamma=1|tau=0.1|lambda=0.6,learning_curve,GaitPDB,12,0.1,5,1.0,0.1,0.6,external_balanced_oracle,True,LEACE::closed_form,LEACE,0.0,True,True,False,False,False,True
learning_curve|GaitPDB|seed=12|fraction=0.1|gamma=1|tau=0.1|lambda=0.7,learning_curve,GaitPDB,12,0.1,5,1.0,0.1,0.7,always_deploy_balanced,True,LEACE::closed_form,LEACE,0.0,True,True,False,False,False,True
learning_curve|GaitPDB|seed=12|fraction=0.1|gamma=1|tau=0.1|lambda=0.7,learning_curve,GaitPDB,12,0.1,5,1.0,0.1,0.7,point_selection_balanced,True,LEACE::closed_form,LEACE,0.0,True,True,False,False,False,True
learning_curve|GaitPDB|seed=12|fraction=0.1|gamma=1|tau=0.1|lambda=0.7,learning_curve,GaitPDB,12,0.1,5,1.0,0.1,0.7,vera_balanced_iut,False,,,0.0,True,NA,False,False,False,True
learning_curve|GaitPDB|seed=12|fraction=0.1|gamma=1|tau=0.1|lambda=0.7,learning_curve,GaitPDB,12,0.1,5,1.0,0.1,0.7,vera_balanced_envelope,False,,,0.0,True,NA,False,False,False,True
learning_curve|GaitPDB|seed=12|fraction=0.1|gamma=1|tau=0.1|lambda=0.7,learning_curve,GaitPDB,12,0.1,5,1.0,0.1,0.7,external_balanced_oracle,True,LEACE::closed_form,LEACE,0.0,True,True,False,False,False,True
learning_curve|GaitPDB|seed=12|fraction=0.1|gamma=1|tau=0.1|lambda=0.8,learning_curve,GaitPDB,12,0.1,5,1.0,0.1,0.8,always_deploy_balanced,True,LEACE::closed_form,LEACE,0.0,True,True,False,False,False,True
learning_curve|GaitPDB|seed=12|fraction=0.1|gamma=1|tau=0.1|lambda=0.8,learning_curve,GaitPDB,12,0.1,5,1.0,0.1,0.8,point_selection_balanced,True,LEACE::closed_form,LEACE,0.0,True,True,False,False,False,True
learning_curve|GaitPDB|seed=12|fraction=0.1|gamma=1|tau=0.1|lambda=0.8,learning_curve,GaitPDB,12,0.1,5,1.0,0.1,0.8,vera_balanced_iut,False,,,0.0,True,NA,False,False,False,True
learning_curve|GaitPDB|seed=12|fraction=0.1|gamma=1|tau=0.1|lambda=0.8,learning_curve,GaitPDB,12,0.1,5,1.0,0.1,0.8,vera_balanced_envelope,False,,,0.0,True,NA,False,False,False,True
learning_curve|GaitPDB|seed=12|fraction=0.1|gamma=1|tau=0.1|lambda=0.8,learning_curve,GaitPDB,12,0.1,5,1.0,0.1,0.8,external_balanced_oracle,True,LEACE::closed_form,LEACE,0.0,True,True,False,False,False,True
learning_curve|GaitPDB|seed=12|fraction=0.1|gamma=1|tau=0.2|lambda=0.6,learning_curve,GaitPDB,12,0.1,5,1.0,0.2,0.6,always_deploy_balanced,True,LEACE::closed_form,LEACE,0.0,True,True,False,False,False,True
learning_curve|GaitPDB|seed=12|fraction=0.1|gamma=1|tau=0.2|lambda=0.6,learning_curve,GaitPDB,12,0.1,5,1.0,0.2,0.6,point_selection_balanced,True,LEACE::closed_form,LEACE,0.0,True,True,False,False,False,True
learning_curve|GaitPDB|seed=12|fraction=0.1|gamma=1|tau=0.2|lambda=0.6,learning_curve,GaitPDB,12,0.1,5,1.0,0.2,0.6,vera_balanced_iut,False,,,0.0,True,NA,False,False,False,True
learning_curve|GaitPDB|seed=12|fraction=0.1|gamma=1|tau=0.2|lambda=0.6,learning_curve,GaitPDB,12,0.1,5,1.0,0.2,0.6,vera_balanced_envelope,False,,,0.0,True,NA,False,False,False,True
learning_curve|GaitPDB|seed=12|fraction=0.1|gamma=1|tau=0.2|lambda=0.6,learning_curve,GaitPDB,12,0.1,5,1.0,0.2,0.6,external_balanced_oracle,True,LEACE::closed_form,LEACE,0.0,True,True,False,False,False,True
learning_curve|GaitPDB|seed=12|fraction=0.1|gamma=1|tau=0.2|lambda=0.7,learning_curve,GaitPDB,12,0.1,5,1.0,0.2,0.7,always_deploy_balanced,True,LEACE::closed_form,LEACE,0.0,True,True,False,False,False,True
learning_curve|GaitPDB|seed=12|fraction=0.1|gamma=1|tau=0.2|lambda=0.7,learning_curve,GaitPDB,12,0.1,5,1.0,0.2,0.7,point_selection_balanced,True,LEACE::closed_form,LEACE,0.0,True,True,False,False,False,True
learning_curve|GaitPDB|seed=12|fraction=0.1|gamma=1|tau=0.2|lambda=0.7,learning_curve,GaitPDB,12,0.1,5,1.0,0.2,0.7,vera_balanced_iut,False,,,0.0,True,NA,False,False,False,True
learning_curve|GaitPDB|seed=12|fraction=0.1|gamma=1|tau=0.2|lambda=0.7,learning_curve,GaitPDB,12,0.1,5,1.0,0.2,0.7,vera_balanced_envelope,False,,,0.0,True,NA,False,False,False,True
learning_curve|GaitPDB|seed=12|fraction=0.1|gamma=1|tau=0.2|lambda=0.7,learning_curve,GaitPDB,12,0.1,5,1.0,0.2,0.7,external_balanced_oracle,True,LEACE::closed_form,LEACE,0.0,True,True,False,False,False,True
learning_curve|GaitPDB|seed=12|fraction=0.1|gamma=1|tau=0.2|lambda=0.8,learning_curve,GaitPDB,12,0.1,5,1.0,0.2,0.8,always_deploy_balanced,True,LEACE::closed_form,LEACE,0.0,True,True,False,False,False,True
learning_curve|GaitPDB|seed=12|fraction=0.1|gamma=1|tau=0.2|lambda=0.8,learning_curve,GaitPDB,12,0.1,5,1.0,0.2,0.8,point_selection_balanced,True,LEACE::closed_form,LEACE,0.0,True,True,False,False,False,True
learning_curve|GaitPDB|seed=12|fraction=0.1|gamma=1|tau=0.2|lambda=0.8,learning_curve,GaitPDB,12,0.1,5,1.0,0.2,0.8,vera_balanced_iut,False,,,0.0,True,NA,False,False,False,True
learning_curve|GaitPDB|seed=12|fraction=0.1|gamma=1|tau=0.2|lambda=0.8,learning_curve,GaitPDB,12,0.1,5,1.0,0.2,0.8,vera_balanced_envelope,False,,,0.0,True,NA,False,False,False,True
learning_curve|GaitPDB|seed=12|fraction=0.1|gamma=1|tau=0.2|lambda=0.8,learning_curve,GaitPDB,12,0.1,5,1.0,0.2,0.8,external_balanced_oracle,True,LEACE::closed_form,LEACE,0.0,True,True,False,False,False,True
learning_curve|GaitPDB|seed=12|fraction=0.25|gamma=1|tau=0.05|lambda=0.6,learning_curve,GaitPDB,12,0.25,14,1.0,0.05,0.6,always_deploy_balanced,True,LEACE::closed_form,LEACE,0.0,True,True,False,False,False,True
learning_curve|GaitPDB|seed=12|fraction=0.25|gamma=1|tau=0.05|lambda=0.6,learning_curve,GaitPDB,12,0.25,14,1.0,0.05,0.6,point_selection_balanced,True,LEACE::closed_form,LEACE,0.0,True,True,False,False,False,True
learning_curve|GaitPDB|seed=12|fraction=0.25|gamma=1|tau=0.05|lambda=0.6,learning_curve,GaitPDB,12,0.25,14,1.0,0.05,0.6,vera_balanced_iut,False,,,0.0,True,NA,False,False,False,True
learning_curve|GaitPDB|seed=12|fraction=0.25|gamma=1|tau=0.05|lambda=0.6,learning_curve,GaitPDB,12,0.25,14,1.0,0.05,0.6,vera_balanced_envelope,False,,,0.0,True,NA,False,False,False,True
learning_curve|GaitPDB|seed=12|fraction=0.25|gamma=1|tau=0.05|lambda=0.6,learning_curve,GaitPDB,12,0.25,14,1.0,0.05,0.6,external_balanced_oracle,True,LEACE::closed_form,LEACE,0.0,True,True,False,False,False,True
learning_curve|GaitPDB|seed=12|fraction=0.25|gamma=1|tau=0.05|lambda=0.7,learning_curve,GaitPDB,12,0.25,14,1.0,0.05,0.7,always_deploy_balanced,True,LEACE::closed_form,LEACE,0.0,True,True,False,False,False,True
learning_curve|GaitPDB|seed=12|fraction=0.25|gamma=1|tau=0.05|lambda=0.7,learning_curve,GaitPDB,12,0.25,14,1.0,0.05,0.7,point_selection_balanced,True,LEACE::closed_form,LEACE,0.0,True,True,False,False,False,True
learning_curve|GaitPDB|seed=12|fraction=0.25|gamma=1|tau=0.05|lambda=0.7,learning_curve,GaitPDB,12,0.25,14,1.0,0.05,0.7,vera_balanced_iut,False,,,0.0,True,NA,False,False,False,True
learning_curve|GaitPDB|seed=12|fraction=0.25|gamma=1|tau=0.05|lambda=0.7,learning_curve,GaitPDB,12,0.25,14,1.0,0.05,0.7,vera_balanced_envelope,False,,,0.0,True,NA,False,False,False,True
learning_curve|GaitPDB|seed=12|fraction=0.25|gamma=1|tau=0.05|lambda=0.7,learning_curve,GaitPDB,12,0.25,14,1.0,0.05,0.7,external_balanced_oracle,True,LEACE::closed_form,LEACE,0.0,True,True,False,False,False,True
learning_curve|GaitPDB|seed=12|fraction=0.25|gamma=1|tau=0.05|lambda=0.8,learning_curve,GaitPDB,12,0.25,14,1.0,0.05,0.8,always_deploy_balanced,True,LEACE::closed_form,LEACE,0.0,True,True,False,False,False,True
learning_curve|GaitPDB|seed=12|fraction=0.25|gamma=1|tau=0.05|lambda=0.8,learning_curve,GaitPDB,12,0.25,14,1.0,0.05,0.8,point_selection_balanced,True,LEACE::closed_form,LEACE,0.0,True,True,False,False,False,True
learning_curve|GaitPDB|seed=12|fraction=0.25|gamma=1|tau=0.05|lambda=0.8,learning_curve,GaitPDB,12,0.25,14,1.0,0.05,0.8,vera_balanced_iut,False,,,0.0,True,NA,False,False,False,True
learning_curve|GaitPDB|seed=12|fraction=0.25|gamma=1|tau=0.05|lambda=0.8,learning_curve,GaitPDB,12,0.25,14,1.0,0.05,0.8,vera_balanced_envelope,False,,,0.0,True,NA,False,False,False,True
learning_curve|GaitPDB|seed=12|fraction=0.25|gamma=1|tau=0.05|lambda=0.8,learning_curve,GaitPDB,12,0.25,14,1.0,0.05,0.8,external_balanced_oracle,True,LEACE::closed_form,LEACE,0.0,True,True,False,False,False,True
learning_curve|GaitPDB|seed=12|fraction=0.25|gamma=1|tau=0.1|lambda=0.6,learning_curve,GaitPDB,12,0.25,14,1.0,0.1,0.6,always_deploy_balanced,True,LEACE::closed_form,LEACE,0.0,True,True,False,False,False,True
learning_curve|GaitPDB|seed=12|fraction=0.25|gamma=1|tau=0.1|lambda=0.6,learning_curve,GaitPDB,12,0.25,14,1.0,0.1,0.6,point_selection_balanced,True,LEACE::closed_form,LEACE,0.0,True,True,False,False,False,True
learning_curve|GaitPDB|seed=12|fraction=0.25|gamma=1|tau=0.1|lambda=0.6,learning_curve,GaitPDB,12,0.25,14,1.0,0.1,0.6,vera_balanced_iut,False,,,0.0,True,NA,False,False,False,True
learning_curve|GaitPDB|seed=12|fraction=0.25|gamma=1|tau=0.1|lambda=0.6,learning_curve,GaitPDB,12,0.25,14,1.0,0.1,0.6,vera_balanced_envelope,False,,,0.0,True,NA,False,False,False,True
learning_curve|GaitPDB|seed=12|fraction=0.25|gamma=1|tau=0.1|lambda=0.6,learning_curve,GaitPDB,12,0.25,14,1.0,0.1,0.6,external_balanced_oracle,True,LEACE::closed_form,LEACE,0.0,True,True,False,False,False,True
learning_curve|GaitPDB|seed=12|fraction=0.25|gamma=1|tau=0.1|lambda=0.7,learning_curve,GaitPDB,12,0.25,14,1.0,0.1,0.7,always_deploy_balanced,True,LEACE::closed_form,LEACE,0.0,True,True,False,False,False,True
learning_curve|GaitPDB|seed=12|fraction=0.25|gamma=1|tau=0.1|lambda=0.7,learning_curve,GaitPDB,12,0.25,14,1.0,0.1,0.7,point_selection_balanced,True,LEACE::closed_form,LEACE,0.0,True,True,False,False,False,True
learning_curve|GaitPDB|seed=12|fraction=0.25|gamma=1|tau=0.1|lambda=0.7,learning_curve,GaitPDB,12,0.25,14,1.0,0.1,0.7,vera_balanced_iut,False,,,0.0,True,NA,False,False,False,True
learning_curve|GaitPDB|seed=12|fraction=0.25|gamma=1|tau=0.1|lambda=0.7,learning_curve,GaitPDB,12,0.25,14,1.0,0.1,0.7,vera_balanced_envelope,False,,,0.0,True,NA,False,False,False,True
learning_curve|GaitPDB|seed=12|fraction=0.25|gamma=1|tau=0.1|lambda=0.7,learning_curve,GaitPDB,12,0.25,14,1.0,0.1,0.7,external_balanced_oracle,True,LEACE::closed_form,LEACE,0.0,True,True,False,False,False,True
learning_curve|GaitPDB|seed=12|fraction=0.25|gamma=1|tau=0.1|lambda=0.8,learning_curve,GaitPDB,12,0.25,14,1.0,0.1,0.8,always_deploy_balanced,True,LEACE::closed_form,LEACE,0.0,True,True,False,False,False,True
learning_curve|GaitPDB|seed=12|fraction=0.25|gamma=1|tau=0.1|lambda=0.8,learning_curve,GaitPDB,12,0.25,14,1.0,0.1,0.8,point_selection_balanced,True,LEACE::closed_form,LEACE,0.0,True,True,False,False,False,True
learning_curve|GaitPDB|seed=12|fraction=0.25|gamma=1|tau=0.1|lambda=0.8,learning_curve,GaitPDB,12,0.25,14,1.0,0.1,0.8,vera_balanced_iut,False,,,0.0,True,NA,False,False,False,True
learning_curve|GaitPDB|seed=12|fraction=0.25|gamma=1|tau=0.1|lambda=0.8,learning_curve,GaitPDB,12,0.25,14,1.0,0.1,0.8,vera_balanced_envelope,False,,,0.0,True,NA,False,False,False,True
learning_curve|GaitPDB|seed=12|fraction=0.25|gamma=1|tau=0.1|lambda=0.8,learning_curve,GaitPDB,12,0.25,14,1.0,0.1,0.8,external_balanced_oracle,True,LEACE::closed_form,LEACE,0.0,True,True,False,False,False,True
learning_curve|GaitPDB|seed=12|fraction=0.25|gamma=1|tau=0.2|lambda=0.6,learning_curve,GaitPDB,12,0.25,14,1.0,0.2,0.6,always_deploy_balanced,True,LEACE::closed_form,LEACE,0.0,True,True,False,False,False,True
learning_curve|GaitPDB|seed=12|fraction=0.25|gamma=1|tau=0.2|lambda=0.6,learning_curve,GaitPDB,12,0.25,14,1.0,0.2,0.6,point_selection_balanced,True,LEACE::closed_form,LEACE,0.0,True,True,False,False,False,True
learning_curve|GaitPDB|seed=12|fraction=0.25|gamma=1|tau=0.2|lambda=0.6,learning_curve,GaitPDB,12,0.25,14,1.0,0.2,0.6,vera_balanced_iut,False,,,0.0,True,NA,False,False,False,True
learning_curve|GaitPDB|seed=12|fraction=0.25|gamma=1|tau=0.2|lambda=0.6,learning_curve,GaitPDB,12,0.25,14,1.0,0.2,0.6,vera_balanced_envelope,False,,,0.0,True,NA,False,False,False,True
learning_curve|GaitPDB|seed=12|fraction=0.25|gamma=1|tau=0.2|lambda=0.6,learning_curve,GaitPDB,12,0.25,14,1.0,0.2,0.6,external_balanced_oracle,True,LEACE::closed_form,LEACE,0.0,True,True,False,False,False,True
learning_curve|GaitPDB|seed=12|fraction=0.25|gamma=1|tau=0.2|lambda=0.7,learning_curve,GaitPDB,12,0.25,14,1.0,0.2,0.7,always_deploy_balanced,True,LEACE::closed_form,LEACE,0.0,True,True,False,False,False,True
learning_curve|GaitPDB|seed=12|fraction=0.25|gamma=1|tau=0.2|lambda=0.7,learning_curve,GaitPDB,12,0.25,14,1.0,0.2,0.7,point_selection_balanced,True,LEACE::closed_form,LEACE,0.0,True,True,False,False,False,True
learning_curve|GaitPDB|seed=12|fraction=0.25|gamma=1|tau=0.2|lambda=0.7,learning_curve,GaitPDB,12,0.25,14,1.0,0.2,0.7,vera_balanced_iut,False,,,0.0,True,NA,False,False,False,True
learning_curve|GaitPDB|seed=12|fraction=0.25|gamma=1|tau=0.2|lambda=0.7,learning_curve,GaitPDB,12,0.25,14,1.0,0.2,0.7,vera_balanced_envelope,False,,,0.0,True,NA,False,False,False,True
learning_curve|GaitPDB|seed=12|fraction=0.25|gamma=1|tau=0.2|lambda=0.7,learning_curve,GaitPDB,12,0.25,14,1.0,0.2,0.7,external_balanced_oracle,True,LEACE::closed_form,LEACE,0.0,True,True,False,False,False,True
learning_curve|GaitPDB|seed=12|fraction=0.25|gamma=1|tau=0.2|lambda=0.8,learning_curve,GaitPDB,12,0.25,14,1.0,0.2,0.8,always_deploy_balanced,True,LEACE::closed_form,LEACE,0.0,True,True,False,False,False,True
learning_curve|GaitPDB|seed=12|fraction=0.25|gamma=1|tau=0.2|lambda=0.8,learning_curve,GaitPDB,12,0.25,14,1.0,0.2,0.8,point_selection_balanced,True,LEACE::closed_form,LEACE,0.0,True,True,False,False,False,True
learning_curve|GaitPDB|seed=12|fraction=0.25|gamma=1|tau=0.2|lambda=0.8,learning_curve,GaitPDB,12,0.25,14,1.0,0.2,0.8,vera_balanced_iut,False,,,0.0,True,NA,False,False,False,True
learning_curve|GaitPDB|seed=12|fraction=0.25|gamma=1|tau=0.2|lambda=0.8,learning_curve,GaitPDB,12,0.25,14,1.0,0.2,0.8,vera_balanced_envelope,False,,,0.0,True,NA,False,False,False,True
learning_curve|GaitPDB|seed=12|fraction=0.25|gamma=1|tau=0.2|lambda=0.8,learning_curve,GaitPDB,12,0.25,14,1.0,0.2,0.8,external_balanced_oracle,True,LEACE::closed_form,LEACE,0.0,True,True,False,False,False,True
learning_curve|GaitPDB|seed=12|fraction=0.5|gamma=1|tau=0.05|lambda=0.6,learning_curve,GaitPDB,12,0.5,30,1.0,0.05,0.6,always_deploy_balanced,True,"MANCE++::epsilon=0.05,steps=3",MANCE++,0.0,True,True,False,False,False,True
learning_curve|GaitPDB|seed=12|fraction=0.5|gamma=1|tau=0.05|lambda=0.6,learning_curve,GaitPDB,12,0.5,30,1.0,0.05,0.6,point_selection_balanced,True,LEACE::closed_form,LEACE,0.0,True,True,False,False,False,True
learning_curve|GaitPDB|seed=12|fraction=0.5|gamma=1|tau=0.05|lambda=0.6,learning_curve,GaitPDB,12,0.5,30,1.0,0.05,0.6,vera_balanced_iut,False,,,0.0,True,NA,False,False,False,True
learning_curve|GaitPDB|seed=12|fraction=0.5|gamma=1|tau=0.05|lambda=0.6,learning_curve,GaitPDB,12,0.5,30,1.0,0.05,0.6,vera_balanced_envelope,False,,,0.0,True,NA,False,False,False,True
learning_curve|GaitPDB|seed=12|fraction=0.5|gamma=1|tau=0.05|lambda=0.6,learning_curve,GaitPDB,12,0.5,30,1.0,0.05,0.6,external_balanced_oracle,True,"MANCE++::epsilon=0.05,steps=3",MANCE++,0.0,True,True,False,False,False,True
learning_curve|GaitPDB|seed=12|fraction=0.5|gamma=1|tau=0.05|lambda=0.7,learning_curve,GaitPDB,12,0.5,30,1.0,0.05,0.7,always_deploy_balanced,True,"MANCE++::epsilon=0.05,steps=3",MANCE++,0.0,True,True,False,False,False,True
learning_curve|GaitPDB|seed=12|fraction=0.5|gamma=1|tau=0.05|lambda=0.7,learning_curve,GaitPDB,12,0.5,30,1.0,0.05,0.7,point_selection_balanced,True,LEACE::closed_form,LEACE,0.0,True,True,False,False,False,True
learning_curve|GaitPDB|seed=12|fraction=0.5|gamma=1|tau=0.05|lambda=0.7,learning_curve,GaitPDB,12,0.5,30,1.0,0.05,0.7,vera_balanced_iut,False,,,0.0,True,NA,False,False,False,True
learning_curve|GaitPDB|seed=12|fraction=0.5|gamma=1|tau=0.05|lambda=0.7,learning_curve,GaitPDB,12,0.5,30,1.0,0.05,0.7,vera_balanced_envelope,False,,,0.0,True,NA,False,False,False,True
learning_curve|GaitPDB|seed=12|fraction=0.5|gamma=1|tau=0.05|lambda=0.7,learning_curve,GaitPDB,12,0.5,30,1.0,0.05,0.7,external_balanced_oracle,True,"MANCE++::epsilon=0.05,steps=3",MANCE++,0.0,True,True,False,False,False,True
learning_curve|GaitPDB|seed=12|fraction=0.5|gamma=1|tau=0.05|lambda=0.8,learning_curve,GaitPDB,12,0.5,30,1.0,0.05,0.8,always_deploy_balanced,True,"MANCE++::epsilon=0.05,steps=3",MANCE++,0.0,True,True,False,False,False,True
learning_curve|GaitPDB|seed=12|fraction=0.5|gamma=1|tau=0.05|lambda=0.8,learning_curve,GaitPDB,12,0.5,30,1.0,0.05,0.8,point_selection_balanced,True,LEACE::closed_form,LEACE,0.0,True,True,False,False,False,True
learning_curve|GaitPDB|seed=12|fraction=0.5|gamma=1|tau=0.05|lambda=0.8,learning_curve,GaitPDB,12,0.5,30,1.0,0.05,0.8,vera_balanced_iut,False,,,0.0,True,NA,False,False,False,True
learning_curve|GaitPDB|seed=12|fraction=0.5|gamma=1|tau=0.05|lambda=0.8,learning_curve,GaitPDB,12,0.5,30,1.0,0.05,0.8,vera_balanced_envelope,False,,,0.0,True,NA,False,False,False,True
learning_curve|GaitPDB|seed=12|fraction=0.5|gamma=1|tau=0.05|lambda=0.8,learning_curve,GaitPDB,12,0.5,30,1.0,0.05,0.8,external_balanced_oracle,True,"MANCE++::epsilon=0.05,steps=3",MANCE++,0.0,True,True,False,False,False,True
learning_curve|GaitPDB|seed=12|fraction=0.5|gamma=1|tau=0.1|lambda=0.6,learning_curve,GaitPDB,12,0.5,30,1.0,0.1,0.6,always_deploy_balanced,True,"MANCE++::epsilon=0.05,steps=3",MANCE++,0.0,True,True,False,False,False,True
learning_curve|GaitPDB|seed=12|fraction=0.5|gamma=1|tau=0.1|lambda=0.6,learning_curve,GaitPDB,12,0.5,30,1.0,0.1,0.6,point_selection_balanced,True,"MANCE++::epsilon=0.05,steps=3",MANCE++,0.0,True,True,False,False,False,True
learning_curve|GaitPDB|seed=12|fraction=0.5|gamma=1|tau=0.1|lambda=0.6,learning_curve,GaitPDB,12,0.5,30,1.0,0.1,0.6,vera_balanced_iut,False,,,0.0,True,NA,False,False,False,True
learning_curve|GaitPDB|seed=12|fraction=0.5|gamma=1|tau=0.1|lambda=0.6,learning_curve,GaitPDB,12,0.5,30,1.0,0.1,0.6,vera_balanced_envelope,False,,,0.0,True,NA,False,False,False,True
learning_curve|GaitPDB|seed=12|fraction=0.5|gamma=1|tau=0.1|lambda=0.6,learning_curve,GaitPDB,12,0.5,30,1.0,0.1,0.6,external_balanced_oracle,True,"MANCE++::epsilon=0.05,steps=3",MANCE++,0.0,True,True,False,False,False,True
learning_curve|GaitPDB|seed=12|fraction=0.5|gamma=1|tau=0.1|lambda=0.7,learning_curve,GaitPDB,12,0.5,30,1.0,0.1,0.7,always_deploy_balanced,True,"MANCE++::epsilon=0.05,steps=3",MANCE++,0.0,True,True,False,False,False,True
learning_curve|GaitPDB|seed=12|fraction=0.5|gamma=1|tau=0.1|lambda=0.7,learning_curve,GaitPDB,12,0.5,30,1.0,0.1,0.7,point_selection_balanced,True,"MANCE++::epsilon=0.05,steps=3",MANCE++,0.0,True,True,False,False,False,True
learning_curve|GaitPDB|seed=12|fraction=0.5|gamma=1|tau=0.1|lambda=0.7,learning_curve,GaitPDB,12,0.5,30,1.0,0.1,0.7,vera_balanced_iut,False,,,0.0,True,NA,False,False,False,True
learning_curve|GaitPDB|seed=12|fraction=0.5|gamma=1|tau=0.1|lambda=0.7,learning_curve,GaitPDB,12,0.5,30,1.0,0.1,0.7,vera_balanced_envelope,False,,,0.0,True,NA,False,False,False,True
learning_curve|GaitPDB|seed=12|fraction=0.5|gamma=1|tau=0.1|lambda=0.7,learning_curve,GaitPDB,12,0.5,30,1.0,0.1,0.7,external_balanced_oracle,True,"MANCE++::epsilon=0.05,steps=3",MANCE++,0.0,True,True,False,False,False,True
learning_curve|GaitPDB|seed=12|fraction=0.5|gamma=1|tau=0.1|lambda=0.8,learning_curve,GaitPDB,12,0.5,30,1.0,0.1,0.8,always_deploy_balanced,True,"MANCE++::epsilon=0.05,steps=3",MANCE++,0.0,True,True,False,False,False,True
learning_curve|GaitPDB|seed=12|fraction=0.5|gamma=1|tau=0.1|lambda=0.8,learning_curve,GaitPDB,12,0.5,30,1.0,0.1,0.8,point_selection_balanced,True,"MANCE++::epsilon=0.05,steps=3",MANCE++,0.0,True,True,False,False,False,True
learning_curve|GaitPDB|seed=12|fraction=0.5|gamma=1|tau=0.1|lambda=0.8,learning_curve,GaitPDB,12,0.5,30,1.0,0.1,0.8,vera_balanced_iut,False,,,0.0,True,NA,False,False,False,True
learning_curve|GaitPDB|seed=12|fraction=0.5|gamma=1|tau=0.1|lambda=0.8,learning_curve,GaitPDB,12,0.5,30,1.0,0.1,0.8,vera_balanced_envelope,False,,,0.0,True,NA,False,False,False,True
learning_curve|GaitPDB|seed=12|fraction=0.5|gamma=1|tau=0.1|lambda=0.8,learning_curve,GaitPDB,12,0.5,30,1.0,0.1,0.8,external_balanced_oracle,True,"MANCE++::epsilon=0.05,steps=3",MANCE++,0.0,True,True,False,False,False,True
learning_curve|GaitPDB|seed=12|fraction=0.5|gamma=1|tau=0.2|lambda=0.6,learning_curve,GaitPDB,12,0.5,30,1.0,0.2,0.6,always_deploy_balanced,True,"MANCE++::epsilon=0.05,steps=3",MANCE++,0.0,True,True,False,False,False,True
learning_curve|GaitPDB|seed=12|fraction=0.5|gamma=1|tau=0.2|lambda=0.6,learning_curve,GaitPDB,12,0.5,30,1.0,0.2,0.6,point_selection_balanced,True,"MANCE++::epsilon=0.05,steps=3",MANCE++,0.0,True,True,False,False,False,True
learning_curve|GaitPDB|seed=12|fraction=0.5|gamma=1|tau=0.2|lambda=0.6,learning_curve,GaitPDB,12,0.5,30,1.0,0.2,0.6,vera_balanced_iut,False,,,0.0,True,NA,False,False,False,True
learning_curve|GaitPDB|seed=12|fraction=0.5|gamma=1|tau=0.2|lambda=0.6,learning_curve,GaitPDB,12,0.5,30,1.0,0.2,0.6,vera_balanced_envelope,False,,,0.0,True,NA,False,False,False,True
learning_curve|GaitPDB|seed=12|fraction=0.5|gamma=1|tau=0.2|lambda=0.6,learning_curve,GaitPDB,12,0.5,30,1.0,0.2,0.6,external_balanced_oracle,True,"MANCE++::epsilon=0.05,steps=3",MANCE++,0.0,True,True,False,False,False,True
learning_curve|GaitPDB|seed=12|fraction=0.5|gamma=1|tau=0.2|lambda=0.7,learning_curve,GaitPDB,12,0.5,30,1.0,0.2,0.7,always_deploy_balanced,True,"MANCE++::epsilon=0.05,steps=3",MANCE++,0.0,True,True,False,False,False,True
learning_curve|GaitPDB|seed=12|fraction=0.5|gamma=1|tau=0.2|lambda=0.7,learning_curve,GaitPDB,12,0.5,30,1.0,0.2,0.7,point_selection_balanced,True,"MANCE++::epsilon=0.05,steps=3",MANCE++,0.0,True,True,False,False,False,True
learning_curve|GaitPDB|seed=12|fraction=0.5|gamma=1|tau=0.2|lambda=0.7,learning_curve,GaitPDB,12,0.5,30,1.0,0.2,0.7,vera_balanced_iut,False,,,0.0,True,NA,False,False,False,True
learning_curve|GaitPDB|seed=12|fraction=0.5|gamma=1|tau=0.2|lambda=0.7,learning_curve,GaitPDB,12,0.5,30,1.0,0.2,0.7,vera_balanced_envelope,False,,,0.0,True,NA,False,False,False,True
learning_curve|GaitPDB|seed=12|fraction=0.5|gamma=1|tau=0.2|lambda=0.7,learning_curve,GaitPDB,12,0.5,30,1.0,0.2,0.7,external_balanced_oracle,True,"MANCE++::epsilon=0.05,steps=3",MANCE++,0.0,True,True,False,False,False,True
learning_curve|GaitPDB|seed=12|fraction=0.5|gamma=1|tau=0.2|lambda=0.8,learning_curve,GaitPDB,12,0.5,30,1.0,0.2,0.8,always_deploy_balanced,True,"MANCE++::epsilon=0.05,steps=3",MANCE++,0.0,True,True,False,False,False,True
learning_curve|GaitPDB|seed=12|fraction=0.5|gamma=1|tau=0.2|lambda=0.8,learning_curve,GaitPDB,12,0.5,30,1.0,0.2,0.8,point_selection_balanced,True,"MANCE++::epsilon=0.05,steps=3",MANCE++,0.0,True,True,False,False,False,True
learning_curve|GaitPDB|seed=12|fraction=0.5|gamma=1|tau=0.2|lambda=0.8,learning_curve,GaitPDB,12,0.5,30,1.0,0.2,0.8,vera_balanced_iut,False,,,0.0,True,NA,False,False,False,True
learning_curve|GaitPDB|seed=12|fraction=0.5|gamma=1|tau=0.2|lambda=0.8,learning_curve,GaitPDB,12,0.5,30,1.0,0.2,0.8,vera_balanced_envelope,False,,,0.0,True,NA,False,False,False,True
learning_curve|GaitPDB|seed=12|fraction=0.5|gamma=1|tau=0.2|lambda=0.8,learning_curve,GaitPDB,12,0.5,30,1.0,0.2,0.8,external_balanced_oracle,True,"MANCE++::epsilon=0.05,steps=3",MANCE++,0.0,True,True,False,False,False,True
primary|GaitPDB|seed=12|fraction=1|gamma=1|tau=0.05|lambda=0.6,primary,GaitPDB,12,1.0,63,1.0,0.05,0.6,always_deploy_balanced,True,"MANCE++::epsilon=0.05,steps=3",MANCE++,0.0,True,True,False,False,False,True
primary|GaitPDB|seed=12|fraction=1|gamma=1|tau=0.05|lambda=0.6,primary,GaitPDB,12,1.0,63,1.0,0.05,0.6,point_selection_balanced,True,LEACE::closed_form,LEACE,0.0,True,True,False,False,False,True
primary|GaitPDB|seed=12|fraction=1|gamma=1|tau=0.05|lambda=0.6,primary,GaitPDB,12,1.0,63,1.0,0.05,0.6,vera_balanced_iut,False,,,0.0,True,NA,False,False,False,True
primary|GaitPDB|seed=12|fraction=1|gamma=1|tau=0.05|lambda=0.6,primary,GaitPDB,12,1.0,63,1.0,0.05,0.6,vera_balanced_envelope,False,,,0.0,True,NA,False,False,False,True
primary|GaitPDB|seed=12|fraction=1|gamma=1|tau=0.05|lambda=0.6,primary,GaitPDB,12,1.0,63,1.0,0.05,0.6,external_balanced_oracle,True,"MANCE++::epsilon=0.05,steps=3",MANCE++,0.0,True,True,False,False,False,True
primary|GaitPDB|seed=12|fraction=1|gamma=1|tau=0.05|lambda=0.7,primary,GaitPDB,12,1.0,63,1.0,0.05,0.7,always_deploy_balanced,True,"MANCE++::epsilon=0.05,steps=3",MANCE++,0.0,True,True,False,False,False,True
primary|GaitPDB|seed=12|fraction=1|gamma=1|tau=0.05|lambda=0.7,primary,GaitPDB,12,1.0,63,1.0,0.05,0.7,point_selection_balanced,True,LEACE::closed_form,LEACE,0.0,True,True,False,False,False,True
primary|GaitPDB|seed=12|fraction=1|gamma=1|tau=0.05|lambda=0.7,primary,GaitPDB,12,1.0,63,1.0,0.05,0.7,vera_balanced_iut,False,,,0.0,True,NA,False,False,False,True
primary|GaitPDB|seed=12|fraction=1|gamma=1|tau=0.05|lambda=0.7,primary,GaitPDB,12,1.0,63,1.0,0.05,0.7,vera_balanced_envelope,False,,,0.0,True,NA,False,False,False,True
primary|GaitPDB|seed=12|fraction=1|gamma=1|tau=0.05|lambda=0.7,primary,GaitPDB,12,1.0,63,1.0,0.05,0.7,external_balanced_oracle,True,"MANCE++::epsilon=0.05,steps=3",MANCE++,0.0,True,True,False,False,False,True
primary|GaitPDB|seed=12|fraction=1|gamma=1|tau=0.05|lambda=0.8,primary,GaitPDB,12,1.0,63,1.0,0.05,0.8,always_deploy_balanced,True,"MANCE++::epsilon=0.05,steps=3",MANCE++,0.0,True,True,False,False,False,True
primary|GaitPDB|seed=12|fraction=1|gamma=1|tau=0.05|lambda=0.8,primary,GaitPDB,12,1.0,63,1.0,0.05,0.8,point_selection_balanced,True,LEACE::closed_form,LEACE,0.0,True,True,False,False,False,True
primary|GaitPDB|seed=12|fraction=1|gamma=1|tau=0.05|lambda=0.8,primary,GaitPDB,12,1.0,63,1.0,0.05,0.8,vera_balanced_iut,False,,,0.0,True,NA,False,False,False,True
primary|GaitPDB|seed=12|fraction=1|gamma=1|tau=0.05|lambda=0.8,primary,GaitPDB,12,1.0,63,1.0,0.05,0.8,vera_balanced_envelope,False,,,0.0,True,NA,False,False,False,True
primary|GaitPDB|seed=12|fraction=1|gamma=1|tau=0.05|lambda=0.8,primary,GaitPDB,12,1.0,63,1.0,0.05,0.8,external_balanced_oracle,True,"MANCE++::epsilon=0.05,steps=3",MANCE++,0.0,True,True,False,False,False,True
primary|GaitPDB|seed=12|fraction=1|gamma=1|tau=0.1|lambda=0.6,primary,GaitPDB,12,1.0,63,1.0,0.1,0.6,always_deploy_balanced,True,"MANCE++::epsilon=0.05,steps=3",MANCE++,0.0,True,True,False,False,False,True
primary|GaitPDB|seed=12|fraction=1|gamma=1|tau=0.1|lambda=0.6,primary,GaitPDB,12,1.0,63,1.0,0.1,0.6,point_selection_balanced,True,LEACE::closed_form,LEACE,0.0,True,True,False,False,False,True
primary|GaitPDB|seed=12|fraction=1|gamma=1|tau=0.1|lambda=0.6,primary,GaitPDB,12,1.0,63,1.0,0.1,0.6,vera_balanced_iut,False,,,0.0,True,NA,False,False,False,True
primary|GaitPDB|seed=12|fraction=1|gamma=1|tau=0.1|lambda=0.6,primary,GaitPDB,12,1.0,63,1.0,0.1,0.6,vera_balanced_envelope,False,,,0.0,True,NA,False,False,False,True
primary|GaitPDB|seed=12|fraction=1|gamma=1|tau=0.1|lambda=0.6,primary,GaitPDB,12,1.0,63,1.0,0.1,0.6,external_balanced_oracle,True,"MANCE++::epsilon=0.05,steps=3",MANCE++,0.0,True,True,False,False,False,True
primary|GaitPDB|seed=12|fraction=1|gamma=1|tau=0.1|lambda=0.7,primary,GaitPDB,12,1.0,63,1.0,0.1,0.7,always_deploy_balanced,True,"MANCE++::epsilon=0.05,steps=3",MANCE++,0.0,True,True,False,False,False,True
primary|GaitPDB|seed=12|fraction=1|gamma=1|tau=0.1|lambda=0.7,primary,GaitPDB,12,1.0,63,1.0,0.1,0.7,point_selection_balanced,True,LEACE::closed_form,LEACE,0.0,True,True,False,False,False,True
primary|GaitPDB|seed=12|fraction=1|gamma=1|tau=0.1|lambda=0.7,primary,GaitPDB,12,1.0,63,1.0,0.1,0.7,vera_balanced_iut,False,,,0.0,True,NA,False,False,False,True
primary|GaitPDB|seed=12|fraction=1|gamma=1|tau=0.1|lambda=0.7,primary,GaitPDB,12,1.0,63,1.0,0.1,0.7,vera_balanced_envelope,False,,,0.0,True,NA,False,False,False,True
primary|GaitPDB|seed=12|fraction=1|gamma=1|tau=0.1|lambda=0.7,primary,GaitPDB,12,1.0,63,1.0,0.1,0.7,external_balanced_oracle,True,"MANCE++::epsilon=0.05,steps=3",MANCE++,0.0,True,True,False,False,False,True
primary|GaitPDB|seed=12|fraction=1|gamma=1|tau=0.1|lambda=0.8,primary,GaitPDB,12,1.0,63,1.0,0.1,0.8,always_deploy_balanced,True,"MANCE++::epsilon=0.05,steps=3",MANCE++,0.0,True,True,False,False,False,True
primary|GaitPDB|seed=12|fraction=1|gamma=1|tau=0.1|lambda=0.8,primary,GaitPDB,12,1.0,63,1.0,0.1,0.8,point_selection_balanced,True,LEACE::closed_form,LEACE,0.0,True,True,False,False,False,True
primary|GaitPDB|seed=12|fraction=1|gamma=1|tau=0.1|lambda=0.8,primary,GaitPDB,12,1.0,63,1.0,0.1,0.8,vera_balanced_iut,False,,,0.0,True,NA,False,False,False,True
primary|GaitPDB|seed=12|fraction=1|gamma=1|tau=0.1|lambda=0.8,primary,GaitPDB,12,1.0,63,1.0,0.1,0.8,vera_balanced_envelope,False,,,0.0,True,NA,False,False,False,True
primary|GaitPDB|seed=12|fraction=1|gamma=1|tau=0.1|lambda=0.8,primary,GaitPDB,12,1.0,63,1.0,0.1,0.8,external_balanced_oracle,True,"MANCE++::epsilon=0.05,steps=3",MANCE++,0.0,True,True,False,False,False,True
primary|GaitPDB|seed=12|fraction=1|gamma=1|tau=0.2|lambda=0.6,primary,GaitPDB,12,1.0,63,1.0,0.2,0.6,always_deploy_balanced,True,"MANCE++::epsilon=0.05,steps=3",MANCE++,0.0,True,True,False,False,False,True
primary|GaitPDB|seed=12|fraction=1|gamma=1|tau=0.2|lambda=0.6,primary,GaitPDB,12,1.0,63,1.0,0.2,0.6,point_selection_balanced,True,"MANCE++::epsilon=0.05,steps=3",MANCE++,0.0,True,True,False,False,False,True
primary|GaitPDB|seed=12|fraction=1|gamma=1|tau=0.2|lambda=0.6,primary,GaitPDB,12,1.0,63,1.0,0.2,0.6,vera_balanced_iut,False,,,0.0,True,NA,False,False,False,True
primary|GaitPDB|seed=12|fraction=1|gamma=1|tau=0.2|lambda=0.6,primary,GaitPDB,12,1.0,63,1.0,0.2,0.6,vera_balanced_envelope,False,,,0.0,True,NA,False,False,False,True
primary|GaitPDB|seed=12|fraction=1|gamma=1|tau=0.2|lambda=0.6,primary,GaitPDB,12,1.0,63,1.0,0.2,0.6,external_balanced_oracle,True,"MANCE++::epsilon=0.05,steps=3",MANCE++,0.0,True,True,False,False,False,True
primary|GaitPDB|seed=12|fraction=1|gamma=1|tau=0.2|lambda=0.7,primary,GaitPDB,12,1.0,63,1.0,0.2,0.7,always_deploy_balanced,True,"MANCE++::epsilon=0.05,steps=3",MANCE++,0.0,True,True,False,False,False,True
primary|GaitPDB|seed=12|fraction=1|gamma=1|tau=0.2|lambda=0.7,primary,GaitPDB,12,1.0,63,1.0,0.2,0.7,point_selection_balanced,True,"MANCE++::epsilon=0.05,steps=3",MANCE++,0.0,True,True,False,False,False,True
primary|GaitPDB|seed=12|fraction=1|gamma=1|tau=0.2|lambda=0.7,primary,GaitPDB,12,1.0,63,1.0,0.2,0.7,vera_balanced_iut,False,,,0.0,True,NA,False,False,False,True
primary|GaitPDB|seed=12|fraction=1|gamma=1|tau=0.2|lambda=0.7,primary,GaitPDB,12,1.0,63,1.0,0.2,0.7,vera_balanced_envelope,False,,,0.0,True,NA,False,False,False,True
primary|GaitPDB|seed=12|fraction=1|gamma=1|tau=0.2|lambda=0.7,primary,GaitPDB,12,1.0,63,1.0,0.2,0.7,external_balanced_oracle,True,"MANCE++::epsilon=0.05,steps=3",MANCE++,0.0,True,True,False,False,False,True
primary|GaitPDB|seed=12|fraction=1|gamma=1|tau=0.2|lambda=0.8,primary,GaitPDB,12,1.0,63,1.0,0.2,0.8,always_deploy_balanced,True,"MANCE++::epsilon=0.05,steps=3",MANCE++,0.0,True,True,False,False,False,True
primary|GaitPDB|seed=12|fraction=1|gamma=1|tau=0.2|lambda=0.8,primary,GaitPDB,12,1.0,63,1.0,0.2,0.8,point_selection_balanced,True,"MANCE++::epsilon=0.05,steps=3",MANCE++,0.0,True,True,False,False,False,True
primary|GaitPDB|seed=12|fraction=1|gamma=1|tau=0.2|lambda=0.8,primary,GaitPDB,12,1.0,63,1.0,0.2,0.8,vera_balanced_iut,False,,,0.0,True,NA,False,False,False,True
primary|GaitPDB|seed=12|fraction=1|gamma=1|tau=0.2|lambda=0.8,primary,GaitPDB,12,1.0,63,1.0,0.2,0.8,vera_balanced_envelope,False,,,0.0,True,NA,False,False,False,True
primary|GaitPDB|seed=12|fraction=1|gamma=1|tau=0.2|lambda=0.8,primary,GaitPDB,12,1.0,63,1.0,0.2,0.8,external_balanced_oracle,True,"MANCE++::epsilon=0.05,steps=3",MANCE++,0.0,True,True,False,False,False,True
shifted_sensitivity|GaitPDB|seed=12|fraction=1|gamma=1.01|tau=0.05|lambda=0.6,shifted_sensitivity,GaitPDB,12,1.0,63,1.01,0.05,0.6,always_deploy_balanced,True,"MANCE++::epsilon=0.05,steps=3",MANCE++,0.0,True,True,False,False,False,True
shifted_sensitivity|GaitPDB|seed=12|fraction=1|gamma=1.01|tau=0.05|lambda=0.6,shifted_sensitivity,GaitPDB,12,1.0,63,1.01,0.05,0.6,point_selection_balanced,True,LEACE::closed_form,LEACE,0.0,True,True,False,False,False,True
shifted_sensitivity|GaitPDB|seed=12|fraction=1|gamma=1.01|tau=0.05|lambda=0.6,shifted_sensitivity,GaitPDB,12,1.0,63,1.01,0.05,0.6,vera_balanced_iut,False,,,0.0,True,NA,False,False,False,True
shifted_sensitivity|GaitPDB|seed=12|fraction=1|gamma=1.01|tau=0.05|lambda=0.6,shifted_sensitivity,GaitPDB,12,1.0,63,1.01,0.05,0.6,vera_balanced_envelope,False,,,0.0,True,NA,False,False,False,True
shifted_sensitivity|GaitPDB|seed=12|fraction=1|gamma=1.01|tau=0.05|lambda=0.6,shifted_sensitivity,GaitPDB,12,1.0,63,1.01,0.05,0.6,external_balanced_oracle,True,"MANCE++::epsilon=0.05,steps=3",MANCE++,0.0,True,True,False,False,False,True
shifted_sensitivity|GaitPDB|seed=12|fraction=1|gamma=1.01|tau=0.05|lambda=0.7,shifted_sensitivity,GaitPDB,12,1.0,63,1.01,0.05,0.7,always_deploy_balanced,True,"MANCE++::epsilon=0.05,steps=3",MANCE++,0.0,True,True,False,False,False,True
shifted_sensitivity|GaitPDB|seed=12|fraction=1|gamma=1.01|tau=0.05|lambda=0.7,shifted_sensitivity,GaitPDB,12,1.0,63,1.01,0.05,0.7,point_selection_balanced,True,LEACE::closed_form,LEACE,0.0,True,True,False,False,False,True
shifted_sensitivity|GaitPDB|seed=12|fraction=1|gamma=1.01|tau=0.05|lambda=0.7,shifted_sensitivity,GaitPDB,12,1.0,63,1.01,0.05,0.7,vera_balanced_iut,False,,,0.0,True,NA,False,False,False,True
shifted_sensitivity|GaitPDB|seed=12|fraction=1|gamma=1.01|tau=0.05|lambda=0.7,shifted_sensitivity,GaitPDB,12,1.0,63,1.01,0.05,0.7,vera_balanced_envelope,False,,,0.0,True,NA,False,False,False,True
shifted_sensitivity|GaitPDB|seed=12|fraction=1|gamma=1.01|tau=0.05|lambda=0.7,shifted_sensitivity,GaitPDB,12,1.0,63,1.01,0.05,0.7,external_balanced_oracle,True,"MANCE++::epsilon=0.05,steps=3",MANCE++,0.0,True,True,False,False,False,True
shifted_sensitivity|GaitPDB|seed=12|fraction=1|gamma=1.01|tau=0.05|lambda=0.8,shifted_sensitivity,GaitPDB,12,1.0,63,1.01,0.05,0.8,always_deploy_balanced,True,"MANCE++::epsilon=0.05,steps=3",MANCE++,0.0,True,True,False,False,False,True
shifted_sensitivity|GaitPDB|seed=12|fraction=1|gamma=1.01|tau=0.05|lambda=0.8,shifted_sensitivity,GaitPDB,12,1.0,63,1.01,0.05,0.8,point_selection_balanced,True,LEACE::closed_form,LEACE,0.0,True,True,False,False,False,True
shifted_sensitivity|GaitPDB|seed=12|fraction=1|gamma=1.01|tau=0.05|lambda=0.8,shifted_sensitivity,GaitPDB,12,1.0,63,1.01,0.05,0.8,vera_balanced_iut,False,,,0.0,True,NA,False,False,False,True
shifted_sensitivity|GaitPDB|seed=12|fraction=1|gamma=1.01|tau=0.05|lambda=0.8,shifted_sensitivity,GaitPDB,12,1.0,63,1.01,0.05,0.8,vera_balanced_envelope,False,,,0.0,True,NA,False,False,False,True
shifted_sensitivity|GaitPDB|seed=12|fraction=1|gamma=1.01|tau=0.05|lambda=0.8,shifted_sensitivity,GaitPDB,12,1.0,63,1.01,0.05,0.8,external_balanced_oracle,True,"MANCE++::epsilon=0.05,steps=3",MANCE++,0.0,True,True,False,False,False,True
shifted_sensitivity|GaitPDB|seed=12|fraction=1|gamma=1.01|tau=0.1|lambda=0.6,shifted_sensitivity,GaitPDB,12,1.0,63,1.01,0.1,0.6,always_deploy_balanced,True,"MANCE++::epsilon=0.05,steps=3",MANCE++,0.0,True,True,False,False,False,True
shifted_sensitivity|GaitPDB|seed=12|fraction=1|gamma=1.01|tau=0.1|lambda=0.6,shifted_sensitivity,GaitPDB,12,1.0,63,1.01,0.1,0.6,point_selection_balanced,True,LEACE::closed_form,LEACE,0.0,True,True,False,False,False,True
shifted_sensitivity|GaitPDB|seed=12|fraction=1|gamma=1.01|tau=0.1|lambda=0.6,shifted_sensitivity,GaitPDB,12,1.0,63,1.01,0.1,0.6,vera_balanced_iut,False,,,0.0,True,NA,False,False,False,True
shifted_sensitivity|GaitPDB|seed=12|fraction=1|gamma=1.01|tau=0.1|lambda=0.6,shifted_sensitivity,GaitPDB,12,1.0,63,1.01,0.1,0.6,vera_balanced_envelope,False,,,0.0,True,NA,False,False,False,True
shifted_sensitivity|GaitPDB|seed=12|fraction=1|gamma=1.01|tau=0.1|lambda=0.6,shifted_sensitivity,GaitPDB,12,1.0,63,1.01,0.1,0.6,external_balanced_oracle,True,"MANCE++::epsilon=0.05,steps=3",MANCE++,0.0,True,True,False,False,False,True
shifted_sensitivity|GaitPDB|seed=12|fraction=1|gamma=1.01|tau=0.1|lambda=0.7,shifted_sensitivity,GaitPDB,12,1.0,63,1.01,0.1,0.7,always_deploy_balanced,True,"MANCE++::epsilon=0.05,steps=3",MANCE++,0.0,True,True,False,False,False,True
shifted_sensitivity|GaitPDB|seed=12|fraction=1|gamma=1.01|tau=0.1|lambda=0.7,shifted_sensitivity,GaitPDB,12,1.0,63,1.01,0.1,0.7,point_selection_balanced,True,LEACE::closed_form,LEACE,0.0,True,True,False,False,False,True
shifted_sensitivity|GaitPDB|seed=12|fraction=1|gamma=1.01|tau=0.1|lambda=0.7,shifted_sensitivity,GaitPDB,12,1.0,63,1.01,0.1,0.7,vera_balanced_iut,False,,,0.0,True,NA,False,False,False,True
shifted_sensitivity|GaitPDB|seed=12|fraction=1|gamma=1.01|tau=0.1|lambda=0.7,shifted_sensitivity,GaitPDB,12,1.0,63,1.01,0.1,0.7,vera_balanced_envelope,False,,,0.0,True,NA,False,False,False,True
shifted_sensitivity|GaitPDB|seed=12|fraction=1|gamma=1.01|tau=0.1|lambda=0.7,shifted_sensitivity,GaitPDB,12,1.0,63,1.01,0.1,0.7,external_balanced_oracle,True,"MANCE++::epsilon=0.05,steps=3",MANCE++,0.0,True,True,False,False,False,True
shifted_sensitivity|GaitPDB|seed=12|fraction=1|gamma=1.01|tau=0.1|lambda=0.8,shifted_sensitivity,GaitPDB,12,1.0,63,1.01,0.1,0.8,always_deploy_balanced,True,"MANCE++::epsilon=0.05,steps=3",MANCE++,0.0,True,True,False,False,False,True
shifted_sensitivity|GaitPDB|seed=12|fraction=1|gamma=1.01|tau=0.1|lambda=0.8,shifted_sensitivity,GaitPDB,12,1.0,63,1.01,0.1,0.8,point_selection_balanced,True,LEACE::closed_form,LEACE,0.0,True,True,False,False,False,True
shifted_sensitivity|GaitPDB|seed=12|fraction=1|gamma=1.01|tau=0.1|lambda=0.8,shifted_sensitivity,GaitPDB,12,1.0,63,1.01,0.1,0.8,vera_balanced_iut,False,,,0.0,True,NA,False,False,False,True
shifted_sensitivity|GaitPDB|seed=12|fraction=1|gamma=1.01|tau=0.1|lambda=0.8,shifted_sensitivity,GaitPDB,12,1.0,63,1.01,0.1,0.8,vera_balanced_envelope,False,,,0.0,True,NA,False,False,False,True
shifted_sensitivity|GaitPDB|seed=12|fraction=1|gamma=1.01|tau=0.1|lambda=0.8,shifted_sensitivity,GaitPDB,12,1.0,63,1.01,0.1,0.8,external_balanced_oracle,True,"MANCE++::epsilon=0.05,steps=3",MANCE++,0.0,True,True,False,False,False,True
shifted_sensitivity|GaitPDB|seed=12|fraction=1|gamma=1.01|tau=0.2|lambda=0.6,shifted_sensitivity,GaitPDB,12,1.0,63,1.01,0.2,0.6,always_deploy_balanced,True,"MANCE++::epsilon=0.05,steps=3",MANCE++,0.0,True,True,False,False,False,True
shifted_sensitivity|GaitPDB|seed=12|fraction=1|gamma=1.01|tau=0.2|lambda=0.6,shifted_sensitivity,GaitPDB,12,1.0,63,1.01,0.2,0.6,point_selection_balanced,True,"MANCE++::epsilon=0.05,steps=3",MANCE++,0.0,True,True,False,False,False,True
shifted_sensitivity|GaitPDB|seed=12|fraction=1|gamma=1.01|tau=0.2|lambda=0.6,shifted_sensitivity,GaitPDB,12,1.0,63,1.01,0.2,0.6,vera_balanced_iut,False,,,0.0,True,NA,False,False,False,True
shifted_sensitivity|GaitPDB|seed=12|fraction=1|gamma=1.01|tau=0.2|lambda=0.6,shifted_sensitivity,GaitPDB,12,1.0,63,1.01,0.2,0.6,vera_balanced_envelope,False,,,0.0,True,NA,False,False,False,True
shifted_sensitivity|GaitPDB|seed=12|fraction=1|gamma=1.01|tau=0.2|lambda=0.6,shifted_sensitivity,GaitPDB,12,1.0,63,1.01,0.2,0.6,external_balanced_oracle,True,"MANCE++::epsilon=0.05,steps=3",MANCE++,0.0,True,True,False,False,False,True
shifted_sensitivity|GaitPDB|seed=12|fraction=1|gamma=1.01|tau=0.2|lambda=0.7,shifted_sensitivity,GaitPDB,12,1.0,63,1.01,0.2,0.7,always_deploy_balanced,True,"MANCE++::epsilon=0.05,steps=3",MANCE++,0.0,True,True,False,False,False,True
shifted_sensitivity|GaitPDB|seed=12|fraction=1|gamma=1.01|tau=0.2|lambda=0.7,shifted_sensitivity,GaitPDB,12,1.0,63,1.01,0.2,0.7,point_selection_balanced,True,"MANCE++::epsilon=0.05,steps=3",MANCE++,0.0,True,True,False,False,False,True
shifted_sensitivity|GaitPDB|seed=12|fraction=1|gamma=1.01|tau=0.2|lambda=0.7,shifted_sensitivity,GaitPDB,12,1.0,63,1.01,0.2,0.7,vera_balanced_iut,False,,,0.0,True,NA,False,False,False,True
shifted_sensitivity|GaitPDB|seed=12|fraction=1|gamma=1.01|tau=0.2|lambda=0.7,shifted_sensitivity,GaitPDB,12,1.0,63,1.01,0.2,0.7,vera_balanced_envelope,False,,,0.0,True,NA,False,False,False,True
shifted_sensitivity|GaitPDB|seed=12|fraction=1|gamma=1.01|tau=0.2|lambda=0.7,shifted_sensitivity,GaitPDB,12,1.0,63,1.01,0.2,0.7,external_balanced_oracle,True,"MANCE++::epsilon=0.05,steps=3",MANCE++,0.0,True,True,False,False,False,True
shifted_sensitivity|GaitPDB|seed=12|fraction=1|gamma=1.01|tau=0.2|lambda=0.8,shifted_sensitivity,GaitPDB,12,1.0,63,1.01,0.2,0.8,always_deploy_balanced,True,"MANCE++::epsilon=0.05,steps=3",MANCE++,0.0,True,True,False,False,False,True
shifted_sensitivity|GaitPDB|seed=12|fraction=1|gamma=1.01|tau=0.2|lambda=0.8,shifted_sensitivity,GaitPDB,12,1.0,63,1.01,0.2,0.8,point_selection_balanced,True,"MANCE++::epsilon=0.05,steps=3",MANCE++,0.0,True,True,False,False,False,True
shifted_sensitivity|GaitPDB|seed=12|fraction=1|gamma=1.01|tau=0.2|lambda=0.8,shifted_sensitivity,GaitPDB,12,1.0,63,1.01,0.2,0.8,vera_balanced_iut,False,,,0.0,True,NA,False,False,False,True
shifted_sensitivity|GaitPDB|seed=12|fraction=1|gamma=1.01|tau=0.2|lambda=0.8,shifted_sensitivity,GaitPDB,12,1.0,63,1.01,0.2,0.8,vera_balanced_envelope,False,,,0.0,True,NA,False,False,False,True
shifted_sensitivity|GaitPDB|seed=12|fraction=1|gamma=1.01|tau=0.2|lambda=0.8,shifted_sensitivity,GaitPDB,12,1.0,63,1.01,0.2,0.8,external_balanced_oracle,True,"MANCE++::epsilon=0.05,steps=3",MANCE++,0.0,True,True,False,False,False,True
